112360.93038603
113652.848195874
109723.876762537
111236.470451856
117111.703302061
117301.754354049
119188.513073546
108084.106394069
117851.629736693
93096.8845436714
109319.119117597
112166.257990656
114698.140662556
107554.503183267
125723.05303682
99902.3867618121
116610.904550519
95015.7409147516
103066.576262798
120156.735299389
104332.082157339
97466.5095701075
117907.878232545
131896.694672662
105047.388118295
101528.554064363
103732.207982251
101469.880976197
93471.9327616153
95441.3485738768
90321.6169491899
132714.346826065
124153.989133168
80354.7110620196
113726.887178517
96547.1263799951
124288.089389778
121311.109893683
98142.974641813
118087.185613058
77997.6188690464
107743.131698717
118227.840128993
94140.4600936177
113254.096993783
111476.117922107
94950.5042882498
101164.546389448
127271.455833448
121418.647684412
