1098.436101167
1076.40673200237
960.973063976154
1178.88011878279
1051.36674818963
951.147686685073
894.620875269476
1026.84647158954
913.936439715248
1020.25955551988
1190.35602160863
975.158450526774
1095.47730024259
1002.18773876728
1021.98270317836
1111.19691107839
1035.74946466979
1149.08165396097
948.508472365174
1040.69701071326
1161.67766172398
930.048840486024
1098.0873667884
1074.31309567256
963.280324433562
1159.58814703109
1032.42355614797
1093.21412932639
1076.53026115013
1120.86712697567
976.830144076739
856.562614667027
910.312653480314
922.783057262427
862.68349321583
1005.82087824341
1083.12122442926
1033.26277353675
1165.42139386765
1191.5521246808
1094.68174164248
898.651884875325
1064.10883783695
1067.57192168446
1087.17194349028
1033.76887831216
1107.89260444907
968.446779483862
1116.30620860875
1134.55771162826
