3643535.01167475
3156725.24552085
2573109.33386415
3311246.75112802
3488814.74506343
3419531.43981414
2885790.2169852
3263121.86506676
2852873.12158753
3164744.86559008
2761779.32726437
3551282.19073287
2839648.02931538
3202579.38682931
2830926.26898745
2889654.12783769
2953997.5495501
3595031.52028358
3385838.8029407
2330080.45257955
2473093.75990043
2812856.40533807
3467423.62807687
2528329.47205229
3293541.95849288
2490249.51585666
3635868.01536377
2755258.93532554
2553402.49261295
2769623.91561907
3277310.03839156
3044446.20889899
2917611.49974809
3290119.62766074
2752043.44515819
3615145.18966951
2207079.83215268
3084999.28233763
3493049.41128719
3210198.20172203
3518416.54157079
3073632.63247511
2605864.31287734
3446121.80072844
3308308.43118606
2600218.45956491
3118061.33295214
2618993.19767749
3333675.48540733
2564689.17448136
