231753418.127123
186847836.060106
208680919.469519
207716318.795448
269004571.443528
242383999.523267
203757577.475857
253082083.870612
223653850.568301
228167846.913019
192150327.183771
240358832.009119
232413295.53684
226773114.750669
231131764.110546
192546249.106525
177917572.850675
230049685.53731
239186320.538085
181281708.196197
227432074.3178
183164154.363333
145001654.657358
198184992.077049
142989400.563653
188509587.671597
231070639.129545
219046079.188008
235384817.41261
169022970.366456
170641909.600582
257995804.466177
199786601.018529
194850161.560236
181817326.594777
223429350.783078
218071854.209159
232698353.15821
193606595.635605
220151752.477295
243388796.378638
207738129.863023
265821975.731449
192993266.763615
211188584.60521
217654299.556102
227070444.435267
226198185.325078
211262877.797365
234882526.87338
