3.00001373736111
3.0001395528981
3.00009869573581
3.00005920121429
3.00329743846159
3.00013738628668
3.00036424751966
3.00036662295136
3.00009376806236
3.0001877135635
3.00009450700724
3.00017022671863
3.00000417735447
3.0006128595589
3.00004282794361
3.00001186329709
3.00010176569124
3.00003099993937
3.00000253023192
3.00019205940659
3.00032452592517
3.00015446135408
3.00000390584732
3.00097655222971
3.00001900704168
3.00001973363061
3.00004776213852
3.00011918765836
3.00003539535147
3.00004366429088
3.00003841607254
3.00002488883075
3.00000718875877
3.00006236585445
3.00008937437241
3.00006527840144
3.0000328616839
3.00000170940777
3.00109071307839
3.00036472147551
3.00002467097462
3.00021235399101
3.00009357516863
3.00013683106581
3.00002673619974
3.00010938659414
3.00001518567425
3.00056293488177
3.00005405338952
3.00002189830193
