-1.03162845342642
-1.03162845347576
-1.03162845347125
-1.03162845341609
-1.03162845348858
-1.0316284534147
-1.03162845340806
-1.03162845344344
-1.03162845346604
-1.03162845347675
-1.03162845345727
-1.03162845347729
-1.03162845348276
-1.03162845348863
-1.03162845335673
-1.03162845348719
-1.03162845334294
-1.03162845338524
-1.03162845345719
-1.03162845346309
-1.03162845345876
-1.03162845348675
-1.03162845347921
-1.03162845320497
-1.03162845348738
-1.03162845348203
-1.03162845348804
-1.03162845348887
-1.03162845326608
-1.03162845348277
-1.0316284529616
-1.0316284534861
-1.03162845348453
-1.03162845344788
-1.03162845328704
-1.03162845345316
-1.0316284534344
-1.03162845348836
-1.03162845346366
-1.03162845347988
-1.03162845348808
-1.03162845328606
-1.03162845345577
-1.03162845348201
-1.03162845348444
-1.03162845348833
-1.031628453371
-1.03162845347682
-1.0316284533003
-1.03162845348869
