-3.86277978733266
-3.86277978733266
-3.86277978733266
-3.86277978733266
-3.86277978733266
-3.86277978733266
-3.86277978733266
-3.86277978733266
-3.86277978733266
-3.86277978733266
-3.86277978733266
-3.86277978733266
-3.86277978733266
-3.86277978733266
-3.86277978733266
-3.86277978733266
-3.86277978733266
-3.86277978733266
-3.86277978733266
-3.86277978733266
-3.86277978733266
-3.86277978733266
-3.86277978733266
-3.86277978733266
-3.86277978733266
-3.86277978733266
-3.86277978733266
-3.86277978733266
-3.86277978733266
-3.86277978733266
-3.86277978733266
-3.86277978733266
-3.86277978733266
-3.86277978733266
-3.86277978733266
-3.86277978733266
-3.86277978733266
-3.86277978733266
-3.86277978733266
-3.86277978733266
-3.86277978733266
-3.86277978733266
-3.86277978733266
-3.86277978733266
-3.86277978733266
-3.86277978733266
-3.86277978733266
-3.86277978733266
-3.86277978733266
-3.86277978733266
