6913.80954573666
5902.0587544348
6830.02269994491
7402.99060898332
7520.16930407803
5739.01128422008
5276.08661749926
8389.23738681639
4992.22879859859
5318.91185026971
7947.97455960746
5697.01568228852
6017.50707482226
6590.01316253764
5758.16211493381
7062.93566569167
7217.65176920805
5747.15687788324
7550.89118465709
6947.15482753114
6437.63448113902
5581.31934472169
6440.96773549984
4657.86628720511
5780.29311625575
6487.4838487429
6029.00320450666
7292.32282151556
7774.22874195382
6596.06839702647
9278.90743485574
8627.58699736723
5382.72726507357
7516.94622891974
6866.95233003845
5499.8774989161
7527.17153430525
7739.39113207687
8308.57739257989
7331.54697705614
7750.3608591564
6182.07740681961
5664.61186850163
6287.96377356368
6126.06634463063
6690.56257014786
7142.25772296342
7712.51086708378
6006.62153641175
6557.5590157007
