10510043.47116
16909054.4464454
10632739.9183419
17258483.1470133
14954832.1471592
10884148.8305776
14355954.1133671
11324924.0888715
16547603.4692573
9925278.09589677
14874427.2332177
13573470.2117163
15881633.8261376
9834310.06941872
11056416.6655112
12245652.9826886
11284456.0912055
15729006.3176789
14576031.5971319
8050019.87303128
10825141.1906811
9685111.87024711
18627161.7621445
10691904.0020995
11759345.6963535
14883307.5993615
14399244.3580065
6644883.32288343
11959395.8263188
15723665.7404727
15235592.9873037
10020855.8490773
11046623.9222741
10319915.3208644
9459447.84356367
13300231.2711925
7497795.86964576
6486577.71122077
11716335.8534643
13331787.5963942
8481132.07681445
13083438.9038607
18947286.3311913
13267898.3966339
10368917.1000339
11326977.045182
7203766.9982402
17519209.985178
17711010.4751739
11163266.1548096
