0.398246522778676
0.40099086157646
0.398125608053181
0.397942576583656
0.403920061263518
0.402102329912806
0.398677914427823
0.398073486173091
0.39807040186372
0.397982585109363
0.397991794352807
0.398053388376191
0.398659586324539
0.398646022248421
0.415009588638586
0.398898585910832
0.398167899852584
0.400039219619794
0.397947793360636
0.399223574796135
0.397933029282738
0.398975834133559
0.398699011783986
0.398242931448646
0.397922966537132
0.398571121014855
0.40450218415077
0.398213638005972
0.397913491754236
0.398225734600206
0.435223992112382
0.398841973752001
0.398142567188996
0.400225019851021
0.413940330370831
0.401021661007007
0.397941433869683
0.398927912582183
0.399505696714661
0.399253285437176
0.401724703915759
0.399141531449848
0.404021707626327
0.408955885074382
0.402180147534251
0.406996340564611
0.399626142336755
0.398430866968203
0.400828848818652
0.398039258015157
