373453.301638983
522278.120495816
467319.442056573
697401.057837421
653514.31396482
670134.309780202
596087.833937946
447029.83059226
506798.747671685
607043.110636246
555508.216643364
435446.882041141
474659.236932719
588705.913125017
528729.285398059
498587.094650105
489995.195556186
568710.697386004
495329.751300948
525741.248202319
715151.393497114
469674.747078571
416811.01463675
411300.624020269
589925.642428147
406637.156763868
408824.543458321
445053.244427337
690232.455593539
559761.846784108
436812.054555943
622794.836316037
500612.10530691
390908.132248828
603881.639733806
410779.916494184
542088.316017768
795448.124951021
538100.384271473
553193.918076447
578406.511366546
806016.018407111
554505.973128389
598360.702706859
712235.513557258
509497.956477307
503545.23885822
670489.964284454
693561.188696885
697352.841164747
