57.8755926388112
57.0465092025379
57.134919708873
57.833246219032
57.1398599498437
58.5228362534976
58.3694004689862
57.8348531267009
57.9439936978832
57.1015846238264
56.2446896708097
58.3902945871399
55.7569103948949
56.1842189796417
57.905145809729
57.7189774349088
57.0343821050391
57.0456097013032
57.119502343272
57.8361811906639
57.0498035486115
57.8779504440663
57.8385660608372
56.7587205914963
56.2544629431382
57.1329285099246
57.1248306117166
57.1610275951564
57.0986899839483
57.1004991928401
58.3578679901353
57.1975860907944
57.1116656458347
58.3915838974284
58.6173249586649
57.8854580136665
57.1233248579381
56.1640082018328
57.1361483210666
57.1829804408351
57.0689984515186
56.0656895718099
56.1070507278331
57.1274644084553
57.8885203393392
58.5994392441664
56.2037447745658
57.175409284998
56.2349126389145
57.8124161354877
