42038.2904614245
55105.8704698348
39456.6939964777
56034.1583024336
40191.0677559727
54962.6440387233
58338.6106118111
45212.5133135189
52988.7753815062
41725.6158473902
43471.2541277093
50039.1209232819
40215.9057566796
53164.1453704052
42702.7752083648
70001.2198487622
57318.582529516
40223.7705198109
42144.2197717484
62702.5417826494
34716.089780071
51640.9898866067
48545.1056498739
65617.3394298115
66715.1022017109
68067.1321492829
51794.8075555493
48412.9938392583
52192.3735679979
69821.1657754344
47015.809669314
41468.952219887
48373.2672721325
69325.8380500084
46697.8790337341
62381.3495896319
57660.2058982681
45280.0353615738
64011.2121620714
50187.5480763604
39274.165891709
35341.6613027926
67532.4719805659
43254.2753348859
44969.8438208588
46031.3903350644
71684.8763509386
47395.2131759022
49215.015827952
39768.2982471077
