14.4868788467214
11.8264254381688
12.4097997767964
12.6193225527445
11.7371926907837
10.7817590140986
12.477708322613
10.9765712779915
12.928522117035
12.9587116872816
10.9002992655102
12.6176300947529
11.2246605241967
10.1285428806696
12.9120744231642
14.357672648044
13.7784337644027
11.532670155293
9.71385293538619
13.0687200787163
11.9470332679124
14.2543513452351
14.9218228821517
12.6197423229916
11.8567795897609
10.8676880326366
11.5737733495961
11.1445723707213
9.96677558421032
10.7966628216835
13.6900027436646
15.3533192678215
11.0721776556364
14.061024935719
15.6111651457989
13.6477069747888
13.3429844607764
12.4273725418873
12.9454230229972
12.1132081646761
14.1791384603311
13.3725048267815
12.7277179379865
14.4048801103361
13.8394364038797
13.6606385855121
14.0280642790478
12.3774782500149
11.492420499329
10.6896297251741
