-3.86277914427008
-3.86229121084323
-3.86264431571023
-3.86277901894036
-3.86275297436329
-3.8627768056054
-3.86252021599608
-3.86275855919023
-3.86276827825008
-3.86121521074971
-3.85492226239975
-3.86244203660327
-3.86277975309838
-3.86197892352828
-3.86277713315275
-3.85501382925859
-3.86206173636825
-3.86270841789882
-3.85978522130561
-3.86277087811318
-3.86271331323127
-3.85666908289398
-3.86277021265082
-3.86273174861024
-3.85657595710792
-3.86169304695766
-3.8627533408789
-3.86275781443166
-3.86277077981238
-3.86247223624957
-3.86277806484361
-3.86277085314958
-3.86277939813661
-3.8627731938727
-3.86127324833036
-3.8619580351367
-3.85725397481721
-3.85803923789756
-3.86273731174818
-3.86277132927116
-3.86277819520855
-3.86274236558877
-3.86226951439628
-3.8627794189942
-3.8627019871972
-3.86277904404108
-3.86277815571999
-3.85889413737817
-3.86275764175123
-3.86277856372409
