1.87038338367725
17.8222954998121
18.5658072171567
1.55910964873105
18.0158425207935
2.29165578305776
3.56130648950528
18.0788462591576
18.4937377921801
1.90312674120056
6.29917266246836
4.98719355452977
18.037699178095
5.72938592831313
17.7628265407887
8.17925323084339
2.13536601264879
5.20772000217485
1.82019419321437
7.71941699639389
2.38772057777405
2.24207935989809
2.09853568114207
4.34696650862717
2.1609913573825
17.8311374554714
4.35962063719192
2.17203181118452
1.67062149123934
6.16709598804487
17.969139948189
7.23141497744564
1.95448351010895
17.5870036055569
18.2733133287603
1.94416836579314
6.31363460474736
1.58094732049135
7.24321521852766
2.07757414469943
7.48335321797725
17.774720613577
1.40576940866203
18.2941605298187
5.33379028437518
18.5286738609368
18.0351794267121
2.01107294155585
1.55806272274833
1.79602787999442
