533.171050251348
380.360702857262
395.193942470479
565.199005547158
456.426888387952
431.589654348249
390.170245930633
705.34242988737
527.24647588052
398.487364401625
555.157912240591
388.428080947789
530.76540110397
498.260622699542
595.116797641352
449.370195138042
346.60129267795
514.666459956644
478.198221877944
749.043145361897
697.233061383777
408.64955180953
560.612003042979
541.535857502328
353.747806890899
538.445461211559
606.392042824647
426.622687706052
645.270561204582
494.62027829817
378.615002396902
444.42626246587
514.342431841353
803.010936613069
570.207601595083
472.16697137435
452.995203861872
474.333131225007
395.549172748912
582.852031676875
672.795764925759
703.610095102503
499.863605156004
534.525227223028
461.813658658359
584.003771748038
435.75953312091
504.426778565573
539.489653950391
681.401444409466
