2.99999999999993
2.99999999999992
2.99999999999992
2.99999999999992
2.99999999999992
2.99999999999992
2.99999999999992
2.99999999999992
2.99999999999993
2.99999999999992
2.99999999999992
2.99999999999992
2.99999999999992
2.99999999999992
2.99999999999992
2.99999999999992
2.99999999999992
2.99999999999992
2.99999999999992
2.99999999999992
2.99999999999993
2.99999999999993
2.99999999999992
2.99999999999992
2.99999999999992
2.99999999999992
2.99999999999992
2.99999999999992
2.99999999999992
2.99999999999992
2.99999999999992
2.99999999999992
2.99999999999993
2.99999999999993
2.99999999999993
2.99999999999992
2.99999999999992
2.99999999999992
2.99999999999992
2.99999999999992
2.99999999999992
2.99999999999992
2.99999999999992
2.99999999999992
2.99999999999992
2.99999999999992
2.99999999999992
2.99999999999992
2.99999999999992
2.99999999999992
