130335.528836651
130671.964368553
206661.407873281
310594.414513103
151073.881489392
107117.474754204
163838.438774461
174449.57557132
40265.4254869065
306189.216740594
90274.4820144659
185978.954755408
155932.343487252
224686.341665174
290012.300448795
286894.3681683
137712.327334786
13873.0663442986
224676.953067602
81706.1358130284
406609.5703976
142878.998928034
99421.8230040447
36682.8200669151
109906.729446498
174200.344750998
283797.06508632
435107.031178897
168113.586314774
109830.395862562
179758.739096793
107391.867036952
147204.49272262
266971.87238873
148638.80137491
261461.776950971
111216.819784185
180666.208388089
257660.446682116
66672.0885678783
402523.714993295
119913.216864505
421186.913382446
41017.2791082246
252533.565638135
235871.34070865
313445.573120989
297703.132864049
249207.413250126
342023.644121279
