161.255375394452
2570.91039229587
193.831990662785
4271.75714380496
169.40013879992
708.77296286168
23791.0093509044
894.589037676824
1550.95394810509
172.7781684275
13031.7168715419
859.508618525844
4686.58080021419
772.103701148851
117.659902223318
3815.40193631455
3759.79020199271
2137.47769475011
7318.79773226165
2936.16038448572
10271.9334557951
457.007082740166
503.081363791075
8840.57729568215
676.827617258802
105.032805736345
1014.61430831729
8985.5292993986
178.674192528462
182.460114223524
9587.24127281027
175.439801680961
1206.63784185379
173.86108521076
184.389324848658
6559.28201806302
4707.80068588372
1776.01179893318
251.398661365789
1123.84338874727
14643.9136820843
403.851466265856
175.159785177918
812.412581156041
966.928360275648
833.88367934013
413.638503468111
106.053603433572
3615.78488517054
946.567094942471
