Evaluations,Fitness
1,957339883.5140195
2,892089096.1814241
6,858162277.9574052
10,853876402.3981286
21,528951043.6900157
54,452868462.16616505
76,295308759.95785946
108,292853540.26277405
119,192630560.2344928
144,178604779.94389346
145,103623089.07958768
190,63851690.02572549
239,45496415.90932263
244,43376484.13033472
298,31314429.395846207
299,13086885.662903981
385,10702483.73057413
399,10512019.187431488
410,8921396.339328635
439,7698525.985093715
473,5063313.653302809
526,4799002.440240539
562,4379514.468304809
589,3637001.787855966
606,3555630.7340348763
662,3043561.3736967742
685,3013863.190406614
741,2620081.8376232
743,2610268.6508198907
773,2527892.0983166536
793,2483446.076355586
808,2481987.2220281805
822,2452551.725522715
825,2375718.6970840315
846,2374222.9911418664
857,2373831.334821657
859,2363225.1370479884
862,2354269.9930506647
865,2347994.3534354097
879,2118773.586833374
939,2055446.3000424574
951,2006455.9130291552
954,1998473.1188716625
968,1998219.9389231203
972,1967369.4699860315
996,1935381.1585165784
1002,1894426.094023739
1009,1892291.1271665858
1010,1884497.1562166968
1018,1763904.8797170804
1068,1757407.2340010211
1070,1753616.016614079
1072,1747445.669272256
1078,1665044.5319809376
1088,1650028.7980092429
1102,1648770.3318463352
1104,1644330.8452637903
1132,1634899.3223966565
1135,1583226.250988289
1144,1569873.253480088
1152,1550632.41953883
1175,1546141.0439767907
1182,1534343.4806433695
1198,1522420.193092024
1231,1511386.021934364
1252,1503142.6450011267
1278,1498312.7663897385
1281,1495660.112018557
1298,1477347.7047986547
1311,1462148.9873769514
1348,1455700.0136508232
1360,1429585.3969029752
1390,1419618.9789407626
1439,1419532.4555236404
1446,1410696.404389848
1448,1409396.6971912505
1489,1403490.9282218665
1496,1394145.0964731614
1498,1393158.107498088
1518,1392193.839076394
1525,1382110.6777313845
1546,1377874.362489072
1580,1375757.166902604
1603,1375126.889909891
1604,1369729.649548282
1630,1364617.072300833
1654,1363699.1912146239
1655,1360590.8707534107
1668,1359430.1938862272
1679,1358484.6805229252
1680,1355278.9058053046
1702,1351367.5262016212
1710,1350839.3328075067
1742,1348375.1522309368
1752,1343130.3072388861
1781,1340112.1403089247
1793,1338737.7968595824
1804,1338466.3068464336
1808,1337150.5711792675
1852,1336461.0838651531
1855,1334372.55484141
1858,1324982.870444654
1916,1324049.3080047166
1929,1320357.5287806618
1931,1318185.0124058446
1979,1317996.5928923246
1981,1317514.405736281
1992,1316354.9067207733
2003,1316110.0413404042
2045,1315228.3627328384
2082,1314461.6788246622
2093,1314213.424007995
2096,1313436.909523213
2119,1312895.3017705712
2120,1312663.6719344333
2130,1312362.6249265487
2142,1309280.375471627
2186,1308788.1717561053
2192,1307375.8748314166
2213,1307349.8317041048
2236,1306129.229082842
2256,1304847.379416339
2286,1304495.5704666036
2292,1304293.8506278377
2303,1304034.9076499478
2330,1301712.5198516564
2380,1300914.278343261
2406,1300659.4654562667
2418,1300187.2851304843
2425,1300175.3059742716
2430,1299528.3818849432
2431,1299275.230090759
2435,1298378.036620659
2474,1297672.284865279
2491,1297190.451681447
2492,1297098.9732017547
2535,1296762.5102588509
2537,1296047.9588822825
2565,1295595.4210337892
2577,1295405.3494522609
2578,1295188.6115266983
2587,1294786.0162236057
2612,1294036.364762092
2680,1293871.6672274782
2687,1293410.0791030547
2712,1292506.5713369846
2742,1292483.8442144976
2749,1292171.6597589157
2762,1291516.334559895
2789,1291162.7888059325
2792,1290402.1817085342
2812,1290288.1274148736
2834,1290204.9199057086
2850,1290089.201370582
2877,1289184.385613314
2950,1289183.13301756
2956,1289062.2503867391
2986,1288630.4256591357
3002,1288189.685666678
3012,1287800.2978280021
3096,1287799.7062088544
3097,1287565.9896015087
3098,1287507.14223524
3113,1287454.2539137315
3123,1287327.6290827696
3138,1287126.0042299556
3148,1286906.8798349504
3149,1286623.8768147698
3162,1286199.7493529955
3262,1286036.930028328
3282,1285905.136299
3292,1285837.0430448751
3332,1285797.4488041513
3342,1285710.9266343962
3345,1285536.9549673598
3353,1285459.2150240522
3364,1285393.7301560214
3375,1285367.8232678701
3425,1285257.7726855832
3427,1285184.1172621592
3454,1285182.1523203952
3464,1285135.2863174337
3483,1285130.135172042
3484,1284973.041786511
3512,1284845.062332695
3514,1284779.0774713662
3562,1284699.3295065884
3571,1284676.1313714234
3612,1284587.5260738647
3626,1284569.388210204
3662,1284455.7568482684
3675,1284425.5476354617
3713,1284319.2388014095
3747,1284277.9391817183
3755,1284259.6852212222
3776,1284198.3618404835
3780,1284172.7329363185
3830,1284103.270508183
3864,1284091.235549128
3880,1284062.8320014942
3898,1284036.5192015008
3907,1283971.4564598864
3951,1283954.772384173
4003,1283904.3474342094
4006,1283896.468660433
4009,1283892.284361302
4028,1283829.34804711
4078,1283814.636019839
4099,1283807.7608776838
4102,1283792.1646445184
4128,1283765.7539077124
4150,1283760.5661323704
4185,1283752.0042295803
4200,1283735.2907453277
4204,1283702.7655432513
4239,1283681.9668697044
4248,1283671.111700069
4293,1283664.2970873287
4316,1283663.3613499538
4331,1283656.0702177451
4335,1283643.068233908
4336,1283629.2769985166
4339,1283626.580266765
4386,1283613.0510249576
4392,1283604.0883468704
4414,1283596.1665555078
4445,1283587.3784844473
4448,1283582.077076144
4453,1283578.0732894437
4476,1283571.2363036033
4481,1283564.7350513947
4498,1283554.3214347842
4506,1283543.9084864026
4526,1283533.0686338467
4556,1283528.4653922492
4572,1283525.8839909842
4596,1283520.7690139352
4606,1283512.428261085
4610,1283487.9095833732
4660,1283482.5155717277
4663,1283481.6573624907
4671,1283481.438088457
4675,1283476.0339002933
4691,1283470.9386021947
4706,1283466.0041088522
4709,1283464.4917515572
4730,1283463.7835735753
4732,1283463.6649565666
4747,1283462.0476245868
4751,1283460.136363114
4761,1283458.373917084
4768,1283453.2992323323
4798,1283452.858018965
4801,1283448.3021650866
4806,1283448.2023627006
4809,1283446.9208708594
4814,1283445.3582054018
4841,1283434.3307745543
4843,1283432.8860832527
4851,1283427.5309651387
4880,1283425.2114269412
4941,1283424.3889797612
4951,1283424.3805148322
4963,1283419.9920129501
4966,1283414.531375339
4991,1283411.2185199463
5016,1283408.2492025536
5055,1283403.110283506
5081,1283402.7549383852
5105,1283399.7670407128
5115,1283399.3394534583
5116,1283398.3410082392
5123,1283396.888557659
5141,1283394.3207932268
5173,1283391.6223225964
5216,1283389.7582289267
5231,1283388.8961776374
5244,1283388.0395011397
5260,1283385.8890755125
5266,1283385.0699295937
5294,1283384.9278563599
5310,1283383.7724140184
5324,1283382.5898177992
5341,1283382.0689442174
5343,1283381.170139613
5351,1283380.9734951449
5367,1283378.145423272
5387,1283376.9698272117
5393,1283376.8677283705
5395,1283376.5547026654
5437,1283375.2644202106
5443,1283375.0907248415
5455,1283373.3004131012
5467,1283373.0556314772
5477,1283370.9332166393
5478,1283370.925919369
5487,1283368.7482896762
5518,1283368.0649573656
5528,1283367.4069992302
5537,1283365.8550927008
5575,1283365.6956110601
5579,1283365.5262911802
5596,1283364.8855615123
5628,1283364.8790179251
5638,1283364.776627959
5651,1283363.6526616213
5658,1283363.4062952327
5678,1283363.0631978565
5693,1283362.7871904583
5702,1283362.5006726854
5708,1283361.6583431452
5712,1283359.6936699222
5752,1283358.5694263328
5758,1283358.5397542478
5808,1283358.302847697
5837,1283358.2363694422
5842,1283357.5914009165
5862,1283357.3988796992
5866,1283356.1514244555
5890,1283355.1427265755
5927,1283354.3190846448
5940,1283353.327506744
5972,1283353.2967777266
5977,1283352.801260487
6010,1283352.4800701744
6016,1283352.0691364466
6066,1283351.400128181
6075,1283351.1796229086
6099,1283350.8922461881
6119,1283350.2383961335
6122,1283349.5016833248
6170,1283349.248153346
6181,1283348.9967967358
6182,1283348.7590142884
6196,1283348.1275296344
6215,1283348.1107851332
6227,1283347.511681289
6248,1283347.3242574676
6298,1283347.320780983
6320,1283347.027899269
6325,1283346.3139085176
6337,1283346.001826626
6349,1283345.5687339688
6404,1283345.2295971443
6410,1283344.963691679
6470,1283344.952925848
6477,1283344.8941556301
6483,1283344.8361152248
6487,1283344.7036224057
6511,1283344.6491527292
6527,1283344.4701170234
6529,1283344.240648224
6561,1283344.1794412248
6562,1283343.9402456123
6583,1283343.9195848533
6591,1283343.523498168
6612,1283343.1637183344
6627,1283342.9984765234
6633,1283342.8655325675
6663,1283342.7541158071
6670,1283342.4687076062
6677,1283341.4629215873
6736,1283341.256732634
6743,1283341.1187609488
6751,1283341.0911014352
6781,1283341.0695834814
6783,1283340.6267210662
6827,1283340.3612375385
6829,1283340.2165397613
6848,1283340.1816664785
6856,1283339.9754947526
6857,1283339.794305475
6886,1283339.4493080173
6906,1283339.3737344714
6923,1283339.0927250572
6938,1283338.390450494
6964,1283338.0707965568
6988,1283337.8884895986
6990,1283337.8284874384
7001,1283337.757415205
7025,1283337.6093603298
7046,1283337.5237967838
7064,1283337.380233453
7066,1283337.074591574
7081,1283336.8044390467
7084,1283336.804106151
7131,1283336.4486940575
7134,1283336.3337322203
7160,1283336.1610577635
7184,1283335.7987023345
7208,1283335.6792046027
7232,1283335.328285285
7255,1283335.1919088159
7256,1283334.9261866356
7262,1283334.8647395263
7291,1283334.591296562
7341,1283334.4036131422
7349,1283334.2228867793
7362,1283333.9969050742
7385,1283333.8065477828
7392,1283333.6414407825
7412,1283333.6271911992
7435,1283333.2835655813
7449,1283333.2048969106
7453,1283333.1482814145
7526,1283333.1046186269
7559,1283333.0186117091
7560,1283332.9812909146
7567,1283332.8374477662
7592,1283332.7576415665
7599,1283332.7005565346
7617,1283332.6596886823
7642,1283332.5775351184
7657,1283332.5737804563
7664,1283332.5508891514
7666,1283332.4079225624
7707,1283332.3529095564
7712,1283332.313014529
7730,1283332.2981615642
7757,1283332.2260513224
7759,1283332.2040832995
7762,1283332.0704844866
7769,1283332.038693928
7776,1283331.9791684223
7809,1283331.942954587
7813,1283331.8543901506
7819,1283331.7552147557
7835,1283331.7480443616
7850,1283331.6450757736
7863,1283331.4756661402
7869,1283331.441126822
7884,1283331.404001889
7897,1283331.3827633997
7912,1283331.3169473885
7913,1283331.3104399631
7917,1283331.3047526127
7923,1283331.197684145
7929,1283331.1327038107
7934,1283331.0097299062
7950,1283330.9849521786
7973,1283330.8182331587
7989,1283330.770462133
7994,1283330.5834388817
8023,1283330.4747100375
8028,1283330.4393287816
8078,1283330.409217382
8084,1283330.362571456
8089,1283330.2960611384
8104,1283330.2087943447
8120,1283330.0458932358
8148,1283329.793426354
8178,1283329.5128691609
8201,1283329.5038786007
8209,1283329.4557372667
8212,1283329.3984836412
8220,1283329.3851970064
8245,1283329.1572689237
8255,1283329.137372291
8262,1283328.9703793726
8276,1283328.9210868787
8291,1283328.9197173289
8295,1283328.913673028
8309,1283328.8786133705
8312,1283328.618005236
8326,1283328.3956219568
8361,1283328.3915337063
8362,1283328.3104667452
8369,1283328.2475576424
8385,1283328.0820131104
8387,1283328.0333231091
8407,1283328.0285489764
8419,1283328.0089159159
8421,1283327.804286811
8434,1283327.8007845692
8437,1283327.7364713075
8442,1283327.5845242974
8452,1283327.5394864029
8469,1283327.451824703
8477,1283327.36296707
8507,1283327.2675020827
8521,1283327.1575059756
8543,1283327.1545528066
8545,1283327.0206139928
8557,1283326.8692343745
8588,1283326.8676968343
8591,1283326.6714392095
8619,1283326.6621307507
8635,1283326.6574813945
8641,1283326.4972565926
8659,1283326.4163815756
8668,1283326.3617986944
8691,1283326.3365750741
8708,1283326.1660727544
8711,1283326.0648408907
8722,1283325.807925863
8734,1283325.7251540718
8735,1283325.6304669403
8784,1283325.6097852709
8785,1283325.5851768819
8798,1283325.5474311241
8806,1283325.4054320918
8838,1283325.349762667
8848,1283325.188225331
8880,1283325.143432727
8904,1283325.1419413725
8911,1283325.1347860636
8923,1283325.107921187
8937,1283325.0883262367
8938,1283325.0310776609
8948,1283324.9887581663
8973,1283324.9820476226
8980,1283324.9740769698
8984,1283324.9733850986
9001,1283324.9478971025
9006,1283324.9400421183
9024,1283324.8453941906
9043,1283324.8443504467
9079,1283324.837762541
9080,1283324.79926406
9084,1283324.7654971685
9130,1283324.6864559618
9151,1283324.6811279869
9155,1283324.6584030532
9180,1283324.6220869245
9191,1283324.615045214
9224,1283324.5787694384
9235,1283324.5054358833
9287,1283324.492535089
9292,1283324.4892833815
9321,1283324.4723234046
9337,1283324.468750035
9351,1283324.4613798007
9356,1283324.4194186227
9392,1283324.4149495715
9416,1283324.3899985044
9419,1283324.3866572226
9430,1283324.3540588347
9439,1283324.3494477938
9445,1283324.296212109
9485,1283324.2800681205
9488,1283324.2615482917
9552,1283324.2592220185
9558,1283324.2388441188
9563,1283324.2310249705
9567,1283324.2117864748
9574,1283324.2047623817
9608,1283324.1969672288
9618,1283324.1927324394
9651,1283324.1890671765
9669,1283324.186986817
9673,1283324.1830118475
9681,1283324.1827453799
9689,1283324.16941823
9709,1283324.1423271543
9759,1283324.130338046
9773,1283324.1264397453
9776,1283324.1173722474
9796,1283324.1099243017
9823,1283324.10663941
9826,1283324.1063010274
9827,1283324.084056361
9860,1283324.0831156336
9862,1283324.0782415655
9883,1283324.0767163264
9901,1283324.0761772522
9910,1283324.0680933353
9923,1283324.0639428077
9939,1283324.0616645247
9950,1283324.0558872733
9962,1283324.0471537213
10000,1283324.0375855034
10012,1283324.0356900035
10022,1283324.035119833
10023,1283324.0336115244
10024,1283324.030242503
10026,1283324.0294971718
10036,1283324.0259026573
10048,1283324.0253540156
10050,1283324.015992038
10074,1283324.013326819
10077,1283324.0130845346
10086,1283324.0095330263
10099,1283324.0073430531
10107,1283324.0050738133
10121,1283323.9934434686
10149,1283323.992441441
10162,1283323.9906113786
10165,1283323.9856186197
10171,1283323.9855220679
10185,1283323.9845749075
10191,1283323.9765294557
10216,1283323.9754318397
10227,1283323.975174504
10228,1283323.9702223523
10235,1283323.9699669324
10241,1283323.9636420212
10263,1283323.962791831
10291,1283323.9626495482
10299,1283323.961123895
10315,1283323.9594266496
10319,1283323.955078994
10335,1283323.9523595653
10402,1283323.951039512
10410,1283323.9487240743
10415,1283323.9481940174
10451,1283323.944712791
10457,1283323.9421255167
10464,1283323.9419820628
10483,1283323.9373772966
10512,1283323.935644732
10518,1283323.93441341
10542,1283323.9312880493
10544,1283323.9305282184
10558,1283323.9294635265
10590,1283323.9279138513
10596,1283323.9267546104
10601,1283323.9222390302
10651,1283323.9172611367
10667,1283323.9169894047
10690,1283323.915741015
10701,1283323.9118927845
10724,1283323.909956684
10738,1283323.9080578377
10752,1283323.9067773358
10756,1283323.9063833735
10774,1283323.9018785465
10788,1283323.8988336732
10802,1283323.894153368
10840,1283323.89336118
10867,1283323.8915357569
10871,1283323.8896034176
10891,1283323.8822173919
10954,1283323.8790047513
10996,1283323.8784765094
11001,1283323.8781503984
11023,1283323.876638966
11029,1283323.8754805275
11056,1283323.8745918197
11058,1283323.8745097602
11061,1283323.8735035004
11078,1283323.8728172162
11095,1283323.8725416574
11103,1283323.8701237324
11123,1283323.8673387354
11161,1283323.8668738606
11174,1283323.8665248884
11175,1283323.8658031686
11179,1283323.8653938998
11187,1283323.8646204828
11189,1283323.8633700802
11201,1283323.8626122442
11215,1283323.862194205
11223,1283323.8599313733
11239,1283323.8593760785
11268,1283323.8588994858
11290,1283323.8576905513
11295,1283323.8575814664
11301,1283323.8568854101
11312,1283323.8557207903
11323,1283323.8552555628
11375,1283323.8544822559
11385,1283323.8534612407
11426,1283323.852758478
11437,1283323.8524422746
11464,1283323.8521987954
11473,1283323.8520849447
11476,1283323.851067517
11491,1283323.850914225
11519,1283323.8501803682
11526,1283323.848552355
11535,1283323.8480148064
11581,1283323.8479748892
11582,1283323.8478770156
11583,1283323.847716484
11601,1283323.8458960603
11623,1283323.8450794637
11672,1283323.8445277016
11673,1283323.8445200108
11711,1283323.8444108749
11722,1283323.8424803244
11777,1283323.8422592026
11786,1283323.840951318
11811,1283323.8404084789
11838,1283323.8403567462
11842,1283323.8401119378
11846,1283323.838864917
11902,1283323.8385523222
11921,1283323.8385115173
11937,1283323.8369594873
11952,1283323.8368990684
11987,1283323.8366080758
11996,1283323.8363207474
12011,1283323.8359072146
12021,1283323.8351247793
12031,1283323.8350184232
12047,1283323.834700127
12050,1283323.8342963406
12071,1283323.8338174096
12079,1283323.8335242348
12083,1283323.833372551
12091,1283323.832967112
12120,1283323.8327108666
12129,1283323.8325986632
12133,1283323.8321108853
12141,1283323.8321027644
12158,1283323.831991646
12170,1283323.8313499265
12185,1283323.8311741163
12239,1283323.8311686234
12242,1283323.8310709156
12245,1283323.8309828215
12252,1283323.830865587
12283,1283323.8306083796
12296,1283323.8305952891
12310,1283323.8299477308
12351,1283323.8297275717
12360,1283323.8296380644
12396,1283323.829556372
12406,1283323.8294121635
12418,1283323.829396506
12423,1283323.8291888556
12428,1283323.829090713
12448,1283323.8289553523
12456,1283323.8287602868
12493,1283323.8286901799
12506,1283323.828581031
12511,1283323.828123908
12545,1283323.8280445074
12561,1283323.8280230605
12568,1283323.8278649503
12590,1283323.8278120323
12605,1283323.827718841
12608,1283323.827578336
12611,1283323.827421429
12646,1283323.8272009233
12655,1283323.8271110617
12665,1283323.8269688115
12705,1283323.8269229473
12715,1283323.8266995752
12720,1283323.8265030552
12739,1283323.8264038898
12761,1283323.8263435715
12771,1283323.8260534052
12786,1283323.8259682201
12808,1283323.825908292
12826,1283323.8256205416
12853,1283323.825516776
12858,1283323.8253353222
12884,1283323.8251414238
12886,1283323.8251087707
12892,1283323.8249415848
12908,1283323.8248325498
12919,1283323.8247214255
12925,1283323.8245967268
12926,1283323.824526992
12942,1283323.8241401182
12984,1283323.8239192725
13026,1283323.8236588454
13029,1283323.8236081353
13049,1283323.8234280138
13095,1283323.8234157031
13099,1283323.8232432033
13104,1283323.8231315808
13126,1283323.8230014124
13155,1283323.8227723064
13156,1283323.8226984413
13176,1283323.8225794977
13219,1283323.8223780463
13236,1283323.8223541172
13251,1283323.8221146127
13286,1283323.821616538
13297,1283323.8216080407
13302,1283323.8215626588
13331,1283323.8215545432
13334,1283323.8213923736
13336,1283323.8209873394
13386,1283323.8209868595
13437,1283323.8209499572
13452,1283323.8209218571
13476,1283323.8205779237
13483,1283323.820386551
13504,1283323.8202283995
13519,1283323.81977636
13577,1283323.8196704374
13587,1283323.8196151755
13601,1283323.8195265194
13605,1283323.8192491247
13647,1283323.8192054685
13656,1283323.819152143
13659,1283323.819100232
13660,1283323.8190378721
13684,1283323.819037727
13705,1283323.8190217502
13726,1283323.818972998
13759,1283323.8189700425
13767,1283323.818947225
13773,1283323.8187197652
13790,1283323.8186392784
13829,1283323.8186079166
13847,1283323.8185853995
13862,1283323.818564927
13867,1283323.8185034406
13874,1283323.818474621
13879,1283323.8184379349
13897,1283323.818319343
13917,1283323.8183081932
13921,1283323.8183044102
13941,1283323.8183015047
13947,1283323.8182120584
14001,1283323.8181891262
14012,1283323.8181430602
14016,1283323.818125439
14029,1283323.818116577
14040,1283323.8181035388
14062,1283323.8180924265
14063,1283323.8180633185
14066,1283323.81803634
14115,1283323.8179947063
14129,1283323.8179861056
14156,1283323.8179571368
14165,1283323.8179370195
14190,1283323.8179201283
14197,1283323.817897572
14218,1283323.8178905456
14223,1283323.8178823504
14228,1283323.8178657754
14238,1283323.8178539241
14244,1283323.8178264566
14246,1283323.817824395
14294,1283323.8178043652
14318,1283323.8178016224
14330,1283323.817744106
14340,1283323.817719483
14356,1283323.8177112504
14365,1283323.817700178
14369,1283323.8176647793
14395,1283323.8176095576
14416,1283323.8175885687
14454,1283323.817564976
14456,1283323.8175640327
14466,1283323.817557449
14467,1283323.8175513744
14494,1283323.8175454112
14498,1283323.8175428018
14513,1283323.8175422382
14521,1283323.817519728
14522,1283323.8175097564
14542,1283323.8175029017
14548,1283323.817469628
14550,1283323.817468405
14563,1283323.8174622157
14595,1283323.8174111915
14607,1283323.8173937455
14613,1283323.8173620524
14624,1283323.8173578084
14631,1283323.8173397388
14642,1283323.8173396043
14664,1283323.8173300931
14672,1283323.8173164953
14690,1283323.8172823961
14701,1283323.8172525032
14709,1283323.817241934
14740,1283323.8172185998
14781,1283323.8171995876
14790,1283323.8171846513
14822,1283323.8171822273
14827,1283323.8171820703
14840,1283323.8171553656
14860,1283323.8171474882
14868,1283323.8171360295
14872,1283323.8171301272
14885,1283323.8171241581
14895,1283323.8171207935
14914,1283323.8171152687
14926,1283323.8171056642
14941,1283323.817093882
14946,1283323.8170894014
14983,1283323.8170885437
14984,1283323.8170726732
14991,1283323.817057814
