Evaluations,Fitness
1,1560.7334424570452
2,1498.3497301189664
3,1475.925506515427
5,1442.2209983328075
11,1427.6841186674153
12,1362.5057341574238
14,1349.1353174123788
17,1140.354682350573
51,1136.045444720712
76,1097.8081017421396
178,1009.0639577591055
192,968.2760249300903
196,920.5699646550269
219,899.3877699326829
257,891.5390228799263
375,887.8759942706984
393,881.7967664496329
479,878.9110017449243
487,826.7435661222382
554,812.9753479293015
570,808.4271844960688
578,807.5097106144469
660,799.8745578194684
791,763.2311061149402
870,761.7806402088275
948,760.5777511184441
1154,753.671307695818
1286,742.8511067610798
1785,737.6252068152035
1804,731.4612878937719
1973,714.4765562211234
3001,698.4781308437517
3520,698.3703188556426
3881,665.8438124865385
4065,655.7939739459805
4067,637.2230352659407
4091,635.0424312305724
4094,627.3019167682128
4215,625.2922680649658
4231,624.3673723217935
4267,609.2197735215656
4331,590.6926066158323
4367,569.2830131303302
4482,549.0686246072818
4538,548.4526314828788
4620,535.5054368251053
4688,528.6201698189502
4689,528.3885989058953
4770,526.0288056324721
4836,522.9316719571877
4838,506.0666860688823
4839,499.14335170619256
4888,497.92740208488294
4965,497.775490389403
4970,476.56985677054087
5071,465.14340936472115
5076,464.0326513467727
5099,461.2232054557213
5130,458.8715360461414
5176,458.2088606422309
5185,456.2924753624774
5191,454.66505005725764
5192,453.53312583916204
5210,447.3429492941885
5216,445.12902237352114
5250,441.3683746942721
5260,439.3588516703612
5273,439.25081496110505
5285,438.78650446319017
5301,435.42780020587986
5306,434.4076404278169
5322,433.8517853756232
5331,431.5675874062606
5350,430.9388438292592
5371,428.7321515418123
5385,428.2998413225853
5400,426.2872040994057
5433,426.0638501385546
5446,423.85180237882344
5475,423.70066457571636
5507,422.28620339555977
5541,422.1208993833763
5550,421.3920843961548
5557,420.43262612270166
5583,420.1077457726696
5586,419.3258863724774
5595,418.9200341965552
5620,418.7560628172972
5631,418.7453775154205
5636,418.17847190934776
5645,417.42681556358684
5704,416.8885863025604
5760,415.90860754955634
5763,415.21805818582607
5818,413.0294477209934
5868,412.6041967268426
5887,412.43309402425376
5892,412.2848099085175
5904,412.1790366254794
5905,411.74131159767313
5919,410.7418370849843
5933,410.0870089972865
5983,410.0213010718392
5987,409.6043944318978
6024,408.6737956449832
6039,408.5429643589508
6058,408.52450324712277
6063,408.2172372130458
6078,407.85542922194793
6115,407.5600588824177
6124,407.2238596870508
6128,406.85564295460864
6142,406.81433219399037
6187,406.534887594092
6235,406.5142201170985
6237,406.1221232496673
6242,405.8398844053821
6263,405.2646933253159
6292,405.22858657969977
6313,404.6887565304365
6324,404.6547258990353
6341,404.63329843904086
6366,404.43814794160795
6406,404.3643248951121
6409,387.9463726902907
6473,387.57283920162325
6538,387.16774418502337
6574,386.90383380216406
6575,386.886641780554
6615,386.66692666918027
6650,386.64911979857413
6688,386.54287970954965
6746,386.54043762262756
6748,386.4293414206961
6760,386.4111276505778
6764,386.2923365114043
6769,386.2529820087062
6822,386.12977110679293
6871,386.1123836881844
6878,386.0822793951336
6881,386.0554865045609
6898,385.95018225191484
6916,385.94781109597966
6971,385.94003056398304
6972,385.9135406730527
6976,385.89055296977546
7003,385.88491760515166
7022,385.875278572302
7026,385.8118029954194
7027,385.79545051198625
7049,385.7867069061724
7076,385.76015266701097
7077,385.7548488803104
7087,385.74619665412797
7099,385.7148072066519
7121,385.71139482688534
7126,385.6717880855905
7164,385.658805726046
7176,385.63428170883805
7201,385.61483037615915
7218,385.60205135097203
7227,385.5908018709626
7240,385.5831765222398
7245,385.58180320495256
7251,385.5298742728784
7274,385.502462517235
7277,385.49712685357724
7290,385.48623945520893
7295,385.4803403252864
7297,385.47189394790246
7353,385.4606455320145
7410,385.4366760295482
7417,385.43658083105896
7432,385.41617212041774
7460,385.3963815555618
7476,385.39201480720385
7497,385.38811241839346
7547,385.3813033797202
7555,385.3786218448268
7567,385.3684845340111
7569,385.3650454820247
7579,385.3614506599214
7602,385.35653853579754
7625,385.35208402947706
7629,385.35088459117515
7630,385.34740238204574
7649,385.34442440186046
7652,385.3290585949756
7655,385.3280702242946
7672,385.32593455426127
7679,385.3105718880066
7724,385.3035867269585
7746,385.30295807867685
7754,385.3011968696794
7774,385.294058328884
7784,385.2930856790373
7789,385.2908101025454
7795,385.27829067426444
7852,385.2781555495979
7857,385.27511029989915
7889,385.2730041930422
7895,385.2672651365774
7929,385.2650140263853
7945,385.26444701784123
7948,385.263610706029
7951,385.2621860870571
7984,385.26099372792214
7993,385.2580567508376
7996,385.25771485043606
8012,385.16928227484726
8013,384.61066357238803
8042,384.3744977244262
8062,384.34686721904563
8070,384.3168314934926
8092,384.25946726087966
8096,384.2402651838253
8100,384.0269063242204
8112,383.8834010265773
8122,383.82045400456377
8158,383.7255199374843
8172,383.66046037703416
8173,383.6562885151777
8190,383.5696787292653
8222,383.55079253337885
8227,383.5295259722054
8252,383.49766937341525
8266,383.48146241235696
8286,383.4119211184153
8292,383.34247822245857
8325,383.30833364164914
8333,383.21235077554326
8340,383.0595567649482
8352,383.01040090092204
8365,382.85166589256664
8394,382.8288121398008
8395,382.7770969055139
8431,382.7725248972615
8435,382.6964880377592
8496,382.6945391680605
8504,382.69022613905014
8525,382.6701775517623
8535,382.6580570593487
8537,382.6537399328005
8554,382.6117926301466
8572,382.5646126053149
8575,382.50683643342586
8592,382.4816613188756
8606,382.4348684664362
8642,382.42041002502765
8656,382.4039405296993
8662,382.385266451578
8665,382.3434429050986
8676,382.3384015282313
8712,382.3346708130128
8715,382.30986322409785
8757,382.2987078537966
8760,382.29642480294865
8766,382.26216137770564
8788,382.2440546483604
8793,382.2435707524775
8805,382.2409788549091
8816,382.225916630558
8822,382.20026490247113
8841,382.1916380780108
8842,382.1488127687393
8896,382.1468891238087
8899,382.1319591685448
8928,382.1216505465935
8937,382.10345230815426
8949,382.0726774356799
8955,382.05992861251605
9020,382.05230101720315
9021,382.030429440392
9033,382.01312680063086
9061,382.0085168430529
9071,381.9838272773376
9084,381.9830273123633
9114,381.95361036954614
9133,381.94596392948404
9134,381.93901444885125
9140,381.93089817470457
9161,381.9298814718371
9164,381.8961183089491
9178,381.8911351836041
9206,381.88090359700493
9207,381.86532401173326
9214,381.8621814765081
9221,381.8562122013175
9242,381.8446893298999
9261,381.82469725183574
9265,381.807677822457
9281,381.7907481373552
9289,381.7770761363272
9322,381.7616103580941
9334,381.7558346240985
9386,381.73240696418964
9392,381.7197230145437
9442,381.71566292323564
9457,381.71277728400446
9459,381.7125042671723
9461,381.7054950858311
9478,381.69261480469004
9498,381.6906913415219
9552,381.6871010714948
9553,381.6862518807846
9556,381.68266764498435
9562,381.68161297297524
9586,381.67540209676577
9589,381.66923240295273
9602,381.66894804149206
9603,381.66885742026113
9612,381.66320250412775
9636,381.662148690901
9648,381.6569891593142
9652,381.64854138239076
9677,381.64726047951234
9682,381.6436201462402
9726,381.63435915839625
9747,381.6340422340022
9748,381.6318608740868
9777,381.6311224837076
9783,381.63058646704854
9789,381.62061896687334
9823,381.61971593819595
9827,381.6173493709985
9832,381.6129588273422
9882,381.60655399244075
9894,381.60631041612976
9923,381.60625376728876
9932,381.6027756865113
9943,381.59973723161306
9949,381.59816033897243
9979,381.5958399208711
9982,381.59365334328044
9993,381.5898315303779
10014,381.58920225711483
10023,381.5877275977173
10032,381.5859833019375
10035,381.5853859042304
10036,381.58427117322526
10043,381.58375060045205
10045,381.5821981027224
10051,381.5818615072985
10065,381.58132906545103
10067,381.5794418709844
10085,381.577805244131
10095,381.57423829938847
10101,381.5719929754298
10117,381.570652868747
10129,381.56730578767656
10151,381.5618913477717
10201,381.5589656117506
10237,381.5553593862198
10239,381.55367837641575
10243,381.55236216579
10249,381.551930575331
10251,381.5490984321575
10263,381.5447630601358
10301,381.5405231987175
10305,381.5334068274328
10319,381.5251767366267
10351,381.52326414222557
10365,381.52171063758294
10377,381.5191607234185
10378,381.5171206583565
10402,381.50949249612466
10419,381.50220141937757
10451,381.49962445596327
10469,381.4901368014722
10501,381.4885255974125
10519,381.48260961974756
10523,381.4794990260116
10524,381.47887524185387
10546,381.478802813848
10569,381.4746425011235
10570,381.4740704793805
10573,381.46705933652373
10579,381.4669933491308
10593,381.46698241157503
10619,381.4650150364545
10625,381.45972887044246
10629,381.4536113745345
10631,381.4517898198474
10638,381.4505842573361
10665,381.4457114274887
10688,381.43317602845696
10719,381.43027111019705
10741,381.4233640915973
10779,381.42106714334955
10788,381.4198614337176
10798,381.4111979889904
10848,381.41092184371036
10850,381.40616743043444
10879,381.4044163599564
10894,381.3985530223231
10912,381.3914861082793
10950,381.3888983387519
10960,381.3868816109583
10966,381.3861657140628
10980,381.38594496237147
10998,381.38339942810694
11014,381.3797017689499
11048,381.3763489822478
11060,381.3752108672469
11062,381.370752606885
11103,381.3672552658623
11116,381.36296599793434
11119,381.36031532375824
11124,381.35851171188335
11132,381.35808544907974
11148,381.35563569541455
11168,381.3549259894469
11169,381.3537184894586
11173,381.35188040371764
11186,381.35087388391105
11213,381.3494606226344
11218,381.34556611299786
11253,381.3442536301951
11263,381.34258203864323
11297,381.34247969009795
11298,381.3422559351176
11313,381.33752724350836
11336,381.33398102682156
11418,381.33342572361505
11427,381.33309659015583
11434,381.3322810742669
11435,381.3322067760189
11461,381.3321098371727
11462,381.3289153388003
11479,381.3285688818995
11484,381.32760031746983
11485,381.3274116613887
11489,381.32597884691484
11512,381.32577269820456
11514,381.32421135470895
11529,381.322771538804
11559,381.3215110559452
11568,381.3178744041892
11609,381.31728517681404
11618,381.3158670538155
11679,381.3119917705301
11723,381.31098783665345
11733,381.31098640100527
11738,381.31024756077136
11739,381.3082413982763
11742,381.30660956550736
11766,381.3052148543584
11816,381.304535774795
11818,381.3032221387209
11866,381.30317135039127
11868,381.302138987617
11870,381.29992368351174
11874,381.2968584222075
11935,381.2961384974204
11947,381.2957148939787
11966,381.29559325684215
11974,381.29521674273485
11979,381.2951295615356
11981,381.29485855671544
11988,381.2944269916218
12005,381.29413431889617
12016,381.2931370248587
12047,381.29263160627517
12056,381.2909471778737
12066,381.2909004009049
12126,381.29012421707614
12138,381.28984787069317
12156,381.2868107065831
12163,381.28657834918477
12220,381.28534280526503
12226,381.2852685853936
12228,381.28491717857185
12252,381.2847399062334
12260,381.28296629817703
12266,381.2828312158909
12278,381.28227407520217
12308,381.28219092575443
12312,381.2815121864087
12320,381.281376589345
12332,381.27949607586066
12382,381.2792433120481
12393,381.27815665726195
12404,381.2770827890962
12414,381.2763780545406
12418,381.2752747558061
12456,381.27495577364266
12473,381.2745562504842
12504,381.2742329315556
12506,381.2736215576048
12510,381.2730210112795
12514,381.2729239910649
12533,381.27211162461253
12543,381.2716622632706
12564,381.27143658196997
12573,381.27130948054014
12574,381.27011174342135
12583,381.27003771929856
12605,381.2698228956857
12614,381.26877924155934
12624,381.26825995874685
12643,381.2668546192204
12694,381.2662851265695
12704,381.2654637650868
12714,381.2648870176614
12741,381.2647319320489
12743,381.26311064337307
12793,381.263089960152
12799,381.26308230207366
12802,381.2622079003834
12843,381.2619525003804
12849,381.26147551723705
12868,381.26057562330436
12893,381.2602313937537
12936,381.2600177838507
12946,381.25960539434607
12982,381.2595694321626
12996,381.25862317821986
13027,381.25853882822395
13036,381.2584943862461
13042,381.25822120258033
13046,381.2580363048703
13059,381.25726610045524
13092,381.25653547632123
13115,381.256513076695
13119,381.2564289418614
13121,381.25617693729083
13124,381.2558419645993
13142,381.25512607130304
13169,381.2544400157894
13183,381.2543262707568
13192,381.2534428283819
13207,381.25308302521853
13219,381.2528464223103
13233,381.2528170236727
13237,381.25271295620325
13287,381.2525894855513
13296,381.25254660286373
13304,381.2524280924638
13339,381.2523147430037
13360,381.25206795939454
13371,381.25196296830984
13377,381.25131075626246
13389,381.25126843113316
13410,381.2512118286364
13423,381.2511783547449
13427,381.25067362809546
13439,381.25060260183903
13461,381.2499327793197
13479,381.2494617255486
13511,381.24894444636595
13529,381.24845565325313
13543,381.24827127983065
13561,381.2474429977333
13587,381.2470555364109
13594,381.2464490376601
13608,381.2460812558487
13637,381.2456155901773
13641,381.2456076394738
13658,381.2453184235611
13663,381.2451993393493
13670,381.244562999566
13673,381.2444313018075
13687,381.2441783980876
13720,381.2436405713188
13733,381.24321232444845
13737,381.24260423882606
13759,381.24203252920904
13772,381.24201158201373
13777,381.2417901854428
13787,381.2413195941396
13833,381.24131958337466
13837,381.24119599775935
13840,381.2407777627951
13859,381.24066396578473
13863,381.2403985076475
13873,381.24010676661044
13921,381.23966280158163
13923,381.239600644863
13926,381.23935102151876
13927,381.2392777753441
13930,381.2392654105903
13932,381.2391824449637
13936,381.23872279086083
13954,381.2378082220288
13991,381.23752845770156
14019,381.23745213151864
14029,381.2373201200138
14047,381.23683156330924
14054,381.23681537612003
14089,381.2364865519579
14104,381.2361866616209
14139,381.2353746982527
14169,381.2353487291566
14197,381.2345905631959
14212,381.23448907897347
14247,381.2341560664246
14248,381.23414490589755
14258,381.2340121710733
14260,381.2339188032441
14286,381.2337552356717
14312,381.2334798455704
14320,381.23326350479795
14325,381.23296748444704
14359,381.23292506595084
14375,381.232761142781
14387,381.23263970385926
14388,381.2324280002345
14413,381.2323939865726
14437,381.2320006882138
14450,381.23198505119876
14489,381.2317507146371
14492,381.23164925911215
14500,381.23155696014175
14502,381.23155435570186
14538,381.2315326267531
14543,381.2315211397348
14552,381.2309692108633
14557,381.2306469698601
14596,381.2305647273797
14607,381.23032714964455
14625,381.2301507716199
14664,381.23008952765196
14670,381.2299991916308
14675,381.2297724212093
14707,381.2296714676083
14714,381.2295431846028
14725,381.22952899509005
14741,381.2291074107555
14755,381.22878294384026
14805,381.22860207698926
14855,381.2285310383753
14884,381.2283560185884
14905,381.22834713899874
14910,381.2282725160128
14926,381.2282646965716
14934,381.2281240250416
14944,381.22811240408316
14955,381.22810915528385
14976,381.2278193901602
14993,381.2277055890005
