Evaluations,Fitness
1,2987.5578045642415
3,2409.942788754346
11,2078.7444507299147
51,1748.2586910085338
52,1655.6323407540478
69,1599.7907396656208
80,1520.0064225655003
96,1498.1112582242786
103,1416.3041953991985
109,1364.462899383096
120,1335.6328340357115
125,1282.2155833202255
136,1233.1175171647885
153,1232.9857331411486
155,1114.975452171781
170,1107.5466007469652
175,1098.831045796501
176,1018.6541675202925
205,1012.341731909658
212,897.4756111145315
251,876.8653634803723
260,857.7341777426786
299,781.747898375208
326,763.2629643847444
375,724.614530111128
426,706.957307951122
428,669.5809911580585
440,663.4917996615732
441,658.2863743482956
451,616.4560682350794
476,615.4649921212427
519,571.1126013231435
575,564.6663325790952
577,557.7324232976144
595,537.1650768783692
624,519.9075535170575
691,512.140806776965
701,497.2339590828893
702,469.84885474089765
761,462.90537096390926
804,452.8374220318691
863,449.8825598531061
881,448.6124589433379
899,444.49595832046344
903,443.96806994616594
941,443.5084873707683
949,441.6485349620627
952,440.1380703887581
968,435.7086956197932
980,435.3047784667556
1022,433.6361055228423
1025,431.45075599771013
1026,430.07194322422725
1047,429.93818661736543
1055,429.06488482536264
1076,428.45248246677687
1080,426.5150962065802
1101,425.1535224355646
1115,424.66111957999686
1126,424.41950166345816
1141,423.68574527363876
1144,423.30824962112575
1156,422.3709760658986
1203,419.44613390953623
1228,417.5227823954333
1278,415.1163338107903
1317,414.63487790325894
1351,413.14668573481237
1360,411.57851878898083
1390,411.35228895499233
1410,411.1524838141287
1411,410.4196103531755
1418,409.0573819570892
1428,408.45370241994044
1460,407.89069020086447
1472,407.6080471550761
1495,406.4794372677147
1535,406.191304107694
1572,405.73042325895
1575,405.674716742179
1592,405.28512794909426
1602,404.9884107018033
1606,404.12360535681796
1644,403.57101804854784
1656,403.03316874202636
1658,402.9243559676449
1689,402.8098052662311
1704,402.3200367465503
1725,402.28275170160833
1739,401.439478923024
1757,400.8211759725593
1775,400.20972404090355
1830,400.16278101379925
1835,400.00715091623425
1845,399.91450665872975
1855,399.8971342253154
1874,399.820629420973
1875,399.55827776367545
1885,398.69194617456947
1914,398.5715568213856
1937,398.06254371141864
1986,397.9065915105722
2017,397.8921133907624
2023,397.63857626514925
2025,397.25003146721133
2029,397.1745258577982
2037,396.9804621732646
2045,396.2583993999107
2053,396.2158244596817
2073,395.9039523743045
2099,395.8646675173352
2147,395.6902929874415
2173,395.449069442379
2177,395.3975544108359
2185,395.1601689984303
2235,395.13574477590845
2247,394.9752820949251
2285,394.9175895682862
2293,394.5630121118062
2319,394.5364107380047
2341,394.2886943504039
2356,394.28839428264615
2369,394.15768533474767
2391,394.078301154103
2406,393.90057396290376
2461,393.80779442952917
2471,393.78213905768354
2473,393.6497748959012
2525,393.5620202332592
2547,393.54370276814564
2568,393.4619725141936
2571,393.43163775359824
2578,393.4263548848473
2602,393.4074612832824
2611,393.35977264429636
2621,393.3304031903822
2622,393.3300640257486
2643,393.3123152222056
2652,393.2255354892173
2671,393.14877718276813
2679,393.13601845350587
2687,393.0862452999167
2716,393.0836757175948
2723,393.0753657075325
2727,393.07097816095455
2729,393.02497460119895
2737,392.9523287159254
2744,392.91248799886483
2749,392.9046905352854
2762,392.83775084322906
2789,392.8292441850561
2794,392.81738511856196
2799,392.76809288949204
2800,392.7479958807066
2812,392.67265671578247
2816,392.64203883225684
2841,392.593292158769
2862,392.5248870555053
2865,392.5113805642651
2866,392.49771806419733
2871,392.49400401231196
2899,392.4913545515419
2915,392.48340644968664
2949,392.3933187837722
2999,392.3507784902436
3002,392.3356579095572
3033,392.31141167785654
3065,392.3083623800763
3083,392.3060513530496
3089,392.29644900877236
3090,392.2593363315834
3094,392.2117473608436
3118,392.2068177805364
3139,392.15660262469294
3140,392.1335120949755
3158,392.12404122596513
3190,392.0832432640031
3204,392.06372089751017
3224,392.0260142234779
3254,392.0256426345498
3255,391.9913876004486
3271,391.97688859605
3278,391.9244021098462
3305,391.89201485409234
3350,391.8521653814682
3354,391.83628555560165
3373,391.8126838934243
3406,391.7991640326108
3435,391.77993009464035
3452,391.77757565958234
3456,391.75563384894735
3458,391.7550383382052
3464,391.7514712594452
3470,391.72798208985677
3473,391.64572118879886
3512,391.617646007824
3520,391.58509948611044
3525,391.57864138563724
3541,391.56417263318895
3542,391.5619630147445
3562,391.51651068174476
3581,391.4951495404103
3596,391.41219988423967
3649,391.40858675239326
3658,391.40197599799114
3664,391.33806268988894
3665,391.2836161176645
3715,391.26426062821776
3732,391.25429986160793
3755,391.2470600512109
3765,391.24088609569947
3782,391.2083424757451
3832,391.19605952581327
3837,391.1752588672008
3839,391.1738762332157
3845,391.1687846357919
3886,391.15262536466696
3887,391.1393835102135
3915,391.12887599185325
3939,391.1092202963309
3944,391.10157188223894
3945,391.09613269028887
3966,391.09226014962815
3977,391.07302772162564
3986,391.06674035393024
3995,391.0615778628111
4007,391.0241234356576
4033,390.98613786286967
4057,390.9664940672896
4077,390.95673634538366
4122,390.9421672810982
4139,390.9376350291534
4143,390.9325654677412
4166,390.9320065592565
4172,390.9066461285787
4177,390.8807797342345
4204,390.8719197151233
4227,390.87013096780356
4240,390.86790963364314
4246,390.8569892717605
4254,390.85035015257336
4281,390.8418671389469
4290,390.83300802062496
4301,390.82584015769936
4309,390.8199824662885
4338,390.8159893689182
4340,390.8140058579623
4353,390.7982564376643
4359,390.7825439674155
4382,390.7647233855177
4388,390.7588493711938
4415,390.75030097309036
4420,390.7372138345329
4468,390.7316779716286
4469,390.73149833977175
4470,390.71834920203463
4477,390.70749379047294
4497,390.70733944200384
4520,390.6927976646169
4538,390.6912793354621
4547,390.6902838598219
4553,390.68823561806
4600,390.6821838876501
4609,390.6816619404797
4612,390.6806033128227
4618,390.67453324965265
4630,390.6720678673972
4662,390.6682161659791
4682,390.66470672956194
4688,390.66037896473523
4697,390.6583201340171
4700,390.65197962795236
4716,390.6517582825934
4725,390.65125548840336
4730,390.6472067899202
4734,390.645186973254
4750,390.64229023161187
4758,390.64038303783104
4779,390.63729599600936
4784,390.62577345546833
4802,390.624181617982
4834,390.6171406843166
4852,390.6168029813336
4857,390.61418719828043
4884,390.6117437206226
4888,390.60662294494534
4893,390.6005072168925
4938,390.58725541265403
4950,390.5807946047111
4959,390.57810736633047
4965,390.5738145526341
4988,390.5694999793165
5009,390.5676962268021
5043,390.5669943079051
5052,390.55781908342306
5058,390.5523595848264
5059,390.55058102460185
5108,390.5446311834832
5109,390.543407758482
5158,390.53320204296864
5161,390.5322199907033
5175,390.52967473054343
5184,390.5284567284511
5208,390.5268714882384
5211,390.52460772949615
5225,390.52312557629125
5228,390.51934499177014
5238,390.5167582727879
5269,390.51581364069887
5278,390.51577685072596
5282,390.5155953628368
5305,390.50876073114694
5355,390.50720134489455
5362,390.50163159565216
5388,390.49896584809466
5426,390.4989332122336
5428,390.4972977712996
5444,390.49651111274386
5451,390.4957382960244
5460,390.492522672287
5472,390.49025708753464
5473,390.48756946831867
5491,390.48505680961495
5493,390.4822488403743
5501,390.4821704351621
5537,390.4819007450581
5541,390.4804148241743
5543,390.4794212268757
5544,390.4768246842875
5548,390.4761655189755
5573,390.4739125528812
5576,390.4739080570198
5587,390.4698011634166
5600,390.469141839216
5604,390.46899402632016
5641,390.4667737542481
5644,390.46639711345273
5653,390.4637581198523
5670,390.4599885663445
5687,390.455593834309
5745,390.45097242229747
5755,390.44813651037305
5787,390.4470238586699
5805,390.4419818490414
5855,390.43693712668426
5883,390.43480704724294
5904,390.4337907605036
5910,390.4304708470411
5915,390.4292785965583
5939,390.427639132595
5942,390.42523355682687
5968,390.4230193353212
5982,390.4202444639988
5992,390.41940727093447
6007,390.4193255839651
6022,390.4152503396168
6072,390.41226101775845
6093,390.40933855247476
6100,390.4089162810198
6118,390.4088440095935
6133,390.40771569057176
6142,390.4046598456743
6144,390.4035155941259
6173,390.4029940904736
6195,390.3999602572628
6203,390.399460444618
6208,390.3986601430067
6210,390.39796123926664
6224,390.39497295063126
6252,390.3924894904706
6258,390.39114187412304
6261,390.39018699404136
6264,390.388136246901
6302,390.3859897396043
6303,390.3850807232874
6312,390.38242281387954
6341,390.3823188323013
6353,390.38226481222245
6357,390.3810938928634
6362,390.3806835691451
6397,390.37890220405575
6407,390.37535131255055
6449,390.3733599790903
6451,390.3732665641582
6457,390.373012255261
6464,390.3720618107637
6511,390.37057500362465
6533,390.3693651129675
6550,390.3685906275977
6564,390.36791749719015
6571,390.3675476242929
6576,390.3669499426259
6583,390.36643646255874
6598,390.36484022734277
6605,390.3637554839243
6607,390.3625772689376
6635,390.36200214662205
6648,390.3611591596106
6660,390.360882355421
6698,390.3594691432661
6705,390.3588747995061
6711,390.3587390557081
6755,390.3568136666568
6756,390.3559014082997
6765,390.3557055581827
6770,390.3550071329733
6805,390.35357967249155
6806,390.352391111377
6818,390.3519411619455
6844,390.35141822869207
6868,390.3467723603084
6922,390.3457207112021
6923,390.34430967138627
6972,390.34262812852296
6978,390.3424515269217
6988,390.3416828421678
7005,390.34136182516016
7007,390.3405734198884
7008,390.34012207447796
7026,390.3384766063852
7044,390.3381190415581
7056,390.3375955832792
7058,390.33678287609246
7077,390.33616110484996
7084,390.33612406010275
7106,390.33487603931434
7124,390.3347947010804
7127,390.33468901259357
7134,390.3344649347038
7145,390.3328343819312
7178,390.3325937821796
7184,390.3313783157887
7196,390.3308725714306
7203,390.33019986480775
7204,390.3298239929257
7221,390.3294029839749
7223,390.3291288441857
7234,390.3281710194
7255,390.3278931988962
7279,390.325932180971
7295,390.32488903756104
7305,390.32483478618775
7312,390.3243231003752
7320,390.3230966419523
7348,390.32195959236
7354,390.321141450024
7404,390.32058062738423
7405,390.31995094715694
7422,390.3178590056199
7472,390.31727722383346
7492,390.3169260004451
7511,390.31496830674496
7539,390.31476411908017
7561,390.3142683234552
7572,390.31420037011327
7587,390.31396694825327
7589,390.3132980592687
7622,390.31238142874196
7637,390.3121537250039
7644,390.3115577737237
7678,390.3114004062274
7683,390.30987755446654
7699,390.3095486349547
7731,390.3087193137449
7805,390.3086816810047
7815,390.3081302560409
7830,390.3080670030076
7855,390.3075359379302
7863,390.3075340137303
7897,390.3073617071445
7905,390.3073208099666
7907,390.3072945255142
7913,390.3068827834536
7924,390.30685266550284
7937,390.30649524380505
7948,390.3064372130691
7961,390.30633015567065
7987,390.3063162708804
8000,390.30616510873074
8013,390.30498160138904
8050,390.3048627201582
8063,390.3045313587939
8064,390.3043089778844
8077,390.30419699658245
8096,390.30413838219795
8108,390.30381466931857
8111,390.3032387627039
8123,390.3032306788605
8124,390.30322627338916
8137,390.3026561259418
8175,390.30251659371675
8211,390.3025119835517
8226,390.3024305300087
8236,390.3022971020276
8245,390.3018614834463
8255,390.30168475546344
8277,390.3016277912555
8305,390.30143400526134
8336,390.30131225301676
8337,390.3012930608572
8355,390.30071950019027
8364,390.3005082946288
8405,390.30019284525827
8414,390.29968551267245
8463,390.2996008807451
8474,390.2993164201904
8485,390.29917758017365
8497,390.2991636735144
8502,390.29914356091047
8529,390.29906153441266
8535,390.2990592969558
8556,390.29905584496197
8560,390.29892950939313
8563,390.2988239781965
8572,390.29856632007875
8574,390.2985370739385
8587,390.2982997135278
8611,390.29774810080545
8632,390.29715821719736
8682,390.29710076574344
8687,390.29703478073014
8691,390.2967038836393
8705,390.29663707938425
8708,390.29652672083176
8724,390.29624933446235
8741,390.29590497421935
8758,390.2954708006375
8768,390.29477524720386
8834,390.29454978808394
8858,390.2942257084824
8867,390.29417834032625
8880,390.2940344900639
8915,390.29383999000817
8917,390.2936753794615
8925,390.2936205183371
8948,390.2933898221149
8965,390.29304397174565
8994,390.2928833482997
8998,390.2926387043975
8999,390.2924921771669
9009,390.2922545200427
9016,390.29213797728573
9021,390.29201980898114
9025,390.2916522218724
9049,390.29142072276886
9058,390.2909126846232
9059,390.29084721462726
9064,390.2908391249901
9081,390.29083568959203
9095,390.2906286864213
9099,390.2901808694894
9154,390.2901783879234
9168,390.2900796060639
9173,390.29006681718425
9181,390.2894688186642
9199,390.2890034343578
9236,390.28898951821645
9253,390.28866097829166
9286,390.2885124282877
9292,390.2884448825314
9299,390.2882578013312
9336,390.2879925777501
9349,390.2877420589067
9417,390.2876485971742
9436,390.287583168501
9442,390.28755958476637
9449,390.28753320943105
9482,390.28753171303015
9486,390.28738495898017
9488,390.2873578726007
9536,390.2872071448913
9582,390.2871844173558
9586,390.28708347834106
9593,390.28702163528106
9595,390.2870086137637
9612,390.2869275946735
9642,390.2869161093511
9643,390.28687772717734
9645,390.28685316324953
9649,390.2868043934919
9666,390.2867514411492
9718,390.28674960456505
9738,390.286650680378
9768,390.28664225314947
12165,390.28664207226126
