Evaluations,Fitness
1,1530168.3426111073
4,940169.4128110181
8,692380.7452958316
33,552843.3797126317
134,533478.3191933702
135,513346.12413556594
142,426872.6111447556
151,317142.58196209837
242,304943.58938282833
282,235365.77417279137
332,203531.17972580207
429,198331.59473202596
572,192262.33939402035
638,169390.31429025924
688,164612.95182026917
723,153222.6003821628
802,145207.75669917118
833,141672.17797480273
944,139293.95272848476
947,132262.62106314168
948,127703.35559873772
965,124167.5557144504
1020,123461.52764017819
1038,120897.66753810398
1058,119614.85738883597
1089,118357.65128742157
1111,118333.78432658942
1129,113627.27899696412
1138,112623.4846419975
1176,107270.26136531662
1252,106835.18606511128
1271,102285.83868970652
1314,102224.25025110315
1321,101019.74839287176
1326,100729.40173194278
1360,99698.62730681295
1400,98384.77425896445
1421,97784.7796525627
1443,96331.3006041017
1482,95942.90971515328
1580,94616.3235927128
1587,94221.64619108365
1634,93433.21545143561
1644,92036.05787067769
1654,91738.20304578386
1698,90942.03393180571
1712,90437.11762510764
1720,90216.08656011854
1753,89811.68267461903
1754,89516.91105184909
1804,87188.96627871641
1817,86840.04432278997
1867,86488.57451421942
1888,86390.55261886724
1911,86145.44130955808
1925,85151.53722042115
1957,85127.57124630606
1965,84049.97023877122
2088,83320.02050980151
2095,83239.63650664601
2106,82732.57057583485
2157,82044.45793250207
2158,81951.79757624754
2203,81444.93619463037
2205,80992.92328564463
2206,80799.4454236184
2208,80703.92989842691
2237,80640.38895041599
2258,80124.38249998706
2295,80000.1742743427
2300,79983.54947187298
2316,79745.97839262836
2329,79696.15120394492
2334,79486.27086511107
2358,79446.70530586258
2379,79309.66021691877
2384,79204.22379921186
2455,78436.63396679278
2509,78192.92411603454
2522,78015.47567850736
2529,77686.4540666564
2572,77444.48130527
2586,77282.8990167619
2622,77231.63486879967
2630,77206.41564120595
2647,76920.12453329146
2673,76803.18131952976
2686,76654.20489724757
2697,76574.98103553327
2708,76449.90646471748
2736,76447.60934498273
2747,76272.93060553406
2773,76165.91757274416
2785,76129.29147333617
2832,76128.9017154231
2836,76059.8343791267
2847,76007.18350335995
2868,75984.42174621882
2897,75976.34940825368
2918,75823.31742964052
2935,75822.73932491813
2948,75790.53278132822
2997,75694.69927403113
2998,75672.22176369485
3018,75535.25725789055
3047,75524.04832515036
3052,75512.15139189894
3058,75505.52058871533
3096,75478.91858748833
3120,75382.0391110741
3138,75368.32535629164
3165,75348.35830242814
3167,75316.71351282508
3189,75312.91377523149
3196,75273.0392338826
3215,75267.55625441871
3239,75223.64585487639
3265,75187.94198317791
3288,75185.5606428474
3295,75183.30923835302
3296,75147.51845490227
3299,75133.76816698423
3327,75130.76658753159
3339,75126.19400890627
3342,75073.97236091699
3363,75047.58555757809
3392,75045.2115348582
3393,75027.23527817639
3417,75020.4334440353
3435,75019.94123157843
3443,74998.83610579923
3460,74982.60070883532
3476,74978.45699457583
3500,74977.23280457222
3510,74963.43461183876
3522,74952.90754510036
3540,74948.09783324825
3550,74931.9382290786
3572,74928.02447605142
3589,74917.35675083406
3601,74917.1457419625
3633,74908.63259369577
3639,74908.43134944639
3646,74902.55443861379
3651,74898.74151824522
3652,74898.38205355065
3669,74892.90407369903
3672,74886.74228113481
3673,74886.01437028516
3690,74876.90315166829
3696,74863.84979691889
3719,74860.02921287884
3746,74851.11193000586
3771,74848.78646986102
3849,74842.98557361672
3859,74839.44280915317
3880,74831.29402602532
3909,74828.20723261997
3931,74817.63408478128
3954,74815.52552732012
3959,74813.20245332598
4004,74808.79993182357
4022,74807.42365762006
4028,74806.38481990759
4048,74803.30158898717
4078,74795.65680923869
4098,74795.12391018461
4130,74793.31657728183
4175,74793.01346706407
4178,74792.33856753631
4180,74785.76344868625
4205,74785.7116232017
4209,74785.36501229413
4213,74784.70400263506
4236,74780.72842225619
4246,74779.35392842424
4286,74776.80175871187
4287,74770.73678035672
4339,74768.98760177814
4386,74768.38667851295
4389,74768.17619707031
4401,74766.08379532603
4415,74764.0881026245
4456,74763.57656696692
4472,74763.27239146063
4506,74763.22872169079
4513,74761.40256796528
4515,74759.83647572827
4519,74759.25027958122
4535,74757.3201598228
4565,74754.0327082747
4605,74752.6620481519
4655,74752.58813297945
4668,74752.22574432952
4673,74752.22488103788
4676,74751.79278995999
4699,74751.6074143351
4718,74750.87119555526
4723,74749.9423095731
4745,74749.77709280682
4752,74749.73079087358
4755,74749.34766945997
4773,74749.24150711333
4774,74748.05965583907
4780,74747.99281565077
4806,74747.98771775073
4829,74747.7919486748
4830,74745.02724175251
4852,74744.73308983128
4856,74743.99302519957
4895,74743.69488152127
4899,74743.34275843619
4906,74742.98454342192
4949,74742.85553325247
4956,74742.04861825696
4958,74741.08988551225
4974,74740.79724945725
4986,74739.66888289957
5026,74739.00548021271
5028,74738.42944414155
5032,74738.17932523054
5063,74737.30200036353
5103,74737.29698586091
5113,74737.26174189261
5135,74736.56816468373
5145,74736.54064027313
5184,74736.34478745094
5195,74736.28987537722
5198,74735.6661137469
5211,74735.60758768044
5267,74735.45003214064
5278,74735.40894698548
5298,74735.13382553193
5320,74734.76764328692
5330,74734.5928445452
5337,74734.53019089616
5352,74734.41434060431
5367,74734.37756280394
5379,74734.37555039713
5380,74733.61112713032
5385,74733.60604145675
5402,74733.21416662316
5413,74733.18542273727
5417,74733.1546251146
5436,74733.08181713904
5455,74732.9961191342
5463,74732.79068979772
5480,74732.74911475016
5495,74732.68798736246
5504,74732.54522748268
5508,74732.47480021858
5513,74732.35605826801
5529,74732.31437872343
5555,74732.17899366289
5565,74732.04501529054
5581,74732.01879042941
5586,74731.81527331733
5597,74731.73438063647
5631,74731.67643773927
5637,74731.43961739856
5661,74731.27179412622
5692,74731.21968729496
5694,74731.11877583919
5705,74731.03280346359
5719,74730.73237016593
5798,74730.54953073802
5815,74730.40422274428
5848,74729.97124168073
5898,74729.92755108414
5902,74729.89809766333
5925,74729.80995360413
5963,74729.79407512781
5968,74729.7852953562
5972,74729.77594405916
5975,74729.52610409225
6013,74729.43107448735
6025,74729.17825056262
6048,74729.0444017038
6070,74728.91378797215
6108,74728.90613919667
6120,74728.83905596753
6123,74728.77340744503
6134,74728.71225639769
6173,74728.61918629639
6177,74728.57414781406
6181,74728.4364502462
6194,74728.41032807158
6204,74728.2115874008
6252,74728.1039091373
6254,74728.09749567191
6279,74727.98514104835
6302,74727.94641054218
6327,74727.92601284683
6328,74727.90574463499
6331,74727.88493411159
6352,74727.85572048463
6376,74727.81437822983
6377,74727.80102156133
6378,74727.692737272
6403,74727.67117120344
6428,74727.6463115153
6434,74727.52802175788
6442,74727.51020208883
6455,74727.48858652444
6486,74727.43255598088
6492,74727.36437291629
6502,74727.3067647668
6506,74727.2620704498
6542,74727.12732723604
6553,74727.11501748864
6561,74727.07389787587
6571,74727.02737313426
6619,74727.00329883244
6621,74726.7545859597
6663,74726.65001524458
6671,74726.63817535997
6695,74726.63787132724
6712,74726.550599824
6713,74726.46153035188
6718,74726.40796331572
6765,74726.32346006288
6782,74726.15104099957
6783,74726.13040286758
6797,74726.09763474927
6815,74726.0090985467
6818,74725.99491620541
6832,74725.90211392258
6868,74725.8210080759
6881,74725.7838948659
6897,74725.77749434489
6912,74725.69649553052
6931,74725.65045053179
6937,74725.51350545652
6968,74725.40666870143
7034,74725.39105070228
7036,74725.36072601315
7037,74725.34503303432
7064,74725.29736140261
7076,74725.17484016508
7097,74724.94364252384
7133,74724.91086018403
7136,74724.83370668895
7151,74724.7741160665
7176,74724.7168981447
7194,74724.67536894493
7208,74724.55714356308
7258,74724.51955021913
7274,74724.50703082352
7289,74724.36044041978
7308,74724.2575484478
7329,74724.17493849137
7358,74724.08254216336
7383,74724.06948693305
7386,74724.01356840433
7388,74724.0100090572
7399,74723.99424050291
7414,74723.97927546364
7417,74723.91740993598
7431,74723.47012202565
7438,74723.3079776843
7486,74723.18796181811
7512,74723.18566579222
7524,74723.00697223264
7561,74723.00382295299
7574,74722.72394294459
7593,74722.63586943167
7612,74722.63576960533
7619,74722.62498621913
7626,74722.25692525624
7646,74722.16865795598
7676,74722.15970180572
7677,74721.99965544145
7693,74721.97665221109
7696,74721.96260364176
7703,74721.94889767289
7705,74721.93451724088
7708,74721.85681145797
7727,74721.65955873384
7753,74721.55498633538
7803,74721.31978481606
7835,74721.24425626532
7899,74721.19828476643
7900,74721.19288875646
7903,74721.10792655489
7938,74721.06236830393
7953,74721.04632152425
7956,74720.94835487993
7973,74720.85965858692
7981,74720.85579609188
8010,74720.79733005015
8042,74720.79264963506
8050,74720.69447949051
8081,74720.6518035118
8088,74720.64310924395
8094,74720.616890892
8137,74720.58364221927
8142,74720.58326355407
8144,74720.50757329866
8172,74720.48943018631
8238,74720.44356999955
8282,74720.42648931623
8297,74720.40983827022
8301,74720.40487943642
8308,74720.39362133738
8336,74720.37972264984
8358,74720.37943481027
8373,74720.37322333656
8377,74720.35888717658
8385,74720.35802331478
8406,74720.34990868196
8420,74720.32676475162
8436,74720.31197857473
8447,74720.30945838608
8460,74720.3030151435
8479,74720.29294677963
8497,74720.28811124557
8503,74720.2799823932
8529,74720.27470441035
8542,74720.2553795076
8554,74720.24874511194
8570,74720.23523191737
8589,74720.22774188862
8597,74720.19940008484
8603,74720.19401568758
8643,74720.18342283888
8648,74720.17981387534
8653,74720.1590705208
8661,74720.1543130748
8675,74720.14093076075
8676,74720.13871088625
8734,74720.133939532
8741,74720.12686113376
8747,74720.12465067879
8748,74720.12182339627
8749,74720.11286345287
8776,74720.10642145597
8784,74720.10128938002
8791,74720.08093909662
8803,74720.08005521978
8838,74720.07372599834
8876,74720.07025934817
8890,74720.06132385849
8891,74720.05712095156
8914,74720.05312318493
8924,74720.05305926864
8961,74720.05285605977
8966,74720.04630109572
8986,74720.04443130204
8991,74720.03424462349
9011,74720.02814409981
9041,74720.02564565273
9061,74720.01630000811
9079,74720.01604592329
9086,74720.01428413334
9095,74720.01385032112
9098,74720.01139922174
9111,74719.99958130703
9118,74719.99720872102
9192,74719.99585264958
9218,74719.98635731613
9313,74719.98544877769
9336,74719.9831504596
9346,74719.97970995455
9352,74719.97926149657
9357,74719.97683640322
9367,74719.97662504105
9386,74719.97573614628
9397,74719.97227915643
9398,74719.97021649507
9402,74719.96461504197
9452,74719.95802066571
9479,74719.95786018326
9529,74719.95576225514
9545,74719.9554915475
9557,74719.9542425725
9558,74719.95293456048
9579,74719.94554573874
9582,74719.94108076302
9633,74719.93886241523
9639,74719.93645672995
9662,74719.93546678846
9698,74719.93510077741
9701,74719.93366542675
9732,74719.93333573862
9733,74719.93242258357
9739,74719.93016624684
9751,74719.9280286399
9757,74719.92553489884
9801,74719.92548690982
9802,74719.92447354928
9812,74719.92091964724
9816,74719.91861287286
9876,74719.91676548879
9932,74719.91621900446
9943,74719.91406431329
9948,74719.91345210209
9981,74719.91272644169
9993,74719.91182825722
10020,74719.91118753956
10051,74719.91099748068
10070,74719.91079861553
10076,74719.9095114639
10084,74719.90905911784
10113,74719.90765096969
10126,74719.90651590313
10128,74719.90577889016
10150,74719.90564896016
10179,74719.90555770713
10188,74719.90499289281
10201,74719.90463930447
10238,74719.9044719919
10239,74719.90325372394
10247,74719.90196623042
10256,74719.90152889398
10278,74719.90135283727
10302,74719.90126491056
10311,74719.9002183706
10354,74719.9001825095
10356,74719.8998860904
10361,74719.89975112477
10389,74719.89928526404
10410,74719.89803857537
10460,74719.89722460184
10489,74719.8962839894
10541,74719.89594448212
10557,74719.89590289177
10574,74719.89581135826
10590,74719.89552578889
10591,74719.89520889102
10608,74719.89518682189
10652,74719.89458784883
10658,74719.89423160549
10690,74719.89384608147
10740,74719.8935889575
10745,74719.89335906821
10752,74719.89328141161
10753,74719.89324066945
10791,74719.89293795482
10795,74719.89280337578
10810,74719.89277619323
10823,74719.89262263333
10840,74719.89251465388
10860,74719.8919696803
10910,74719.89181572481
10913,74719.89159407077
10949,74719.891409091
10958,74719.89122033538
10980,74719.89118157874
10998,74719.8911778291
11003,74719.89097236935
11008,74719.89081070015
11013,74719.89060409881
11021,74719.8901833723
11048,74719.89008425543
11069,74719.88974532203
11071,74719.88942622597
11121,74719.88895117487
11142,74719.88867552094
11155,74719.88867481732
11171,74719.8883643007
11197,74719.88828163735
11230,74719.88817500108
11238,74719.88790584616
11269,74719.88770159142
11282,74719.8876908546
11296,74719.88753529401
11311,74719.88748035686
11327,74719.88735693245
11337,74719.88734731205
11342,74719.88726003616
11354,74719.88711665156
11359,74719.88708855397
11395,74719.8869986298
11421,74719.88695611015
11432,74719.88694307275
11445,74719.88686453983
11446,74719.8868313096
11464,74719.88659151162
11471,74719.88655105079
11499,74719.88653121874
11506,74719.88646610096
11541,74719.88637994374
11546,74719.88633901987
11599,74719.88632979276
11605,74719.88627652898
11606,74719.886128178
11655,74719.88609200585
11664,74719.88603890447
11668,74719.88597597355
11699,74719.88594805571
11705,74719.88592413328
11718,74719.88590198151
11743,74719.88587476367
11744,74719.88586442407
11749,74719.88575781087
11772,74719.88557985288
11800,74719.88557417982
11822,74719.88551227204
11872,74719.88549282445
11874,74719.88549164575
11901,74719.88549077192
11909,74719.88542116567
11923,74719.88541926321
11947,74719.88541608537
11957,74719.8854136498
11969,74719.88538051047
11972,74719.88534616173
11988,74719.88528401773
12038,74719.88528305775
12050,74719.88523814164
12061,74719.8852171363
12095,74719.8852123329
12096,74719.88521184314
12100,74719.88520837565
12101,74719.88516235465
12111,74719.88516105108
12140,74719.88514910152
12145,74719.88512969542
12159,74719.88511502328
12161,74719.88507016766
12173,74719.88506780498
12181,74719.8850465724
12190,74719.88503424775
12232,74719.88499108063
12252,74719.88498196047
12270,74719.88498184517
12282,74719.88497504823
12302,74719.88496582236
12316,74719.88496352053
12323,74719.88493874508
12360,74719.88493483754
12361,74719.88492134598
12368,74719.88491905175
12385,74719.88490229845
12398,74719.88490202761
12411,74719.88489268521
12418,74719.88487583729
12431,74719.88487548844
12435,74719.88487321373
12440,74719.88485992151
12461,74719.88484591046
12468,74719.88482696653
12508,74719.88482033921
12511,74719.88480810876
12529,74719.88480008765
12530,74719.88479454118
12544,74719.88477755063
12558,74719.88476800713
12563,74719.8847677519
12580,74719.88473510114
12590,74719.88473123434
12611,74719.88470900405
12634,74719.88470484024
12640,74719.88468285107
12658,74719.88468100705
12674,74719.88467352683
12690,74719.88467277194
12699,74719.8846616477
12700,74719.88465308779
12708,74719.88464606386
12762,74719.88463701855
12784,74719.88463217688
12791,74719.88462035957
12799,74719.88461907799
12806,74719.88461586296
12812,74719.88461447094
12828,74719.88461214234
12831,74719.88460870601
12832,74719.88460717586
12862,74719.8845975089
12865,74719.88458000617
12887,74719.88456346489
12891,74719.88454456162
12906,74719.88453266241
12929,74719.88452596392
12955,74719.88452433742
12956,74719.88451289292
12982,74719.88449605097
13009,74719.88449435851
13024,74719.8844892438
13032,74719.88448222862
13040,74719.88448079285
13046,74719.88446480768
13059,74719.88445173479
13061,74719.88444950762
13065,74719.88443505614
13086,74719.8844343253
13096,74719.88441391876
13106,74719.88441154714
13113,74719.8843924752
13136,74719.88436338982
13143,74719.88433971547
13146,74719.88431717201
13197,74719.88431436382
13201,74719.88427912867
13203,74719.88427052283
13229,74719.8842674545
13247,74719.88426419791
13253,74719.88426244073
13259,74719.88420594516
13270,74719.88418900013
13272,74719.88418711802
13283,74719.88417665861
13294,74719.88415609358
13318,74719.88414120178
13322,74719.8841209862
13323,74719.88410819236
13343,74719.88408995602
13368,74719.88408951228
13386,74719.88405242683
13389,74719.88402919128
13395,74719.88401347415
13439,74719.88401311215
13445,74719.8840036858
13446,74719.88398466719
13451,74719.88393894809
13496,74719.88388201124
13531,74719.88386495165
13538,74719.88386069915
13559,74719.88385144502
13581,74719.88383204068
13588,74719.8838156898
13611,74719.88380057646
13623,74719.88379442891
13631,74719.88378607729
13638,74719.88377004614
13651,74719.88374800757
13656,74719.88374532093
13661,74719.88371896379
13675,74719.8837184889
13686,74719.88366119233
13706,74719.88362700863
13708,74719.88361600712
13725,74719.88359340501
13727,74719.88358170848
13747,74719.88355788507
13756,74719.88355042068
13773,74719.88353232332
13784,74719.8835004886
13800,74719.88349582347
13806,74719.88342033104
13808,74719.88340020401
13834,74719.88338662946
13835,74719.8833236875
13858,74719.88330252012
13863,74719.88327078798
13897,74719.88322374284
13908,74719.88315924676
13947,74719.88315366485
13958,74719.88303197909
13961,74719.88300792294
13996,74719.88298660905
13997,74719.88293104521
14008,74719.88293090835
14024,74719.88287833658
14047,74719.88285708922
14064,74719.88285146691
14077,74719.88276972757
14089,74719.88273673551
14124,74719.88272295761
14127,74719.88268528099
14134,74719.88268128641
14136,74719.88264599086
14154,74719.88264197357
14156,74719.8826199856
14164,74719.88259141841
14177,74719.88254347567
14206,74719.88248929758
14218,74719.88245985737
14230,74719.88240185646
14234,74719.8823982682
14266,74719.88238502112
14277,74719.88238023633
14291,74719.88229554259
14307,74719.88228019912
14316,74719.8822778295
14334,74719.88218770217
14343,74719.8821337641
14357,74719.88205851537
14392,74719.88204577568
14399,74719.8820442281
14404,74719.88203007364
14409,74719.88202074757
14442,74719.88199479581
14454,74719.8819935549
14468,74719.88196936446
14469,74719.88193718134
14477,74719.88188252512
14479,74719.88183913825
14498,74719.88183671566
14529,74719.88173393317
14548,74719.88170933329
14579,74719.8816826498
14592,74719.88165876074
14599,74719.88160881169
14630,74719.88158120103
14648,74719.881497323
14679,74719.88145247578
14710,74719.88144416224
14729,74719.8813475595
14736,74719.88128540387
14766,74719.88128233085
14769,74719.88127566312
14793,74719.88127336622
14794,74719.88126432606
14796,74719.88121914785
14820,74719.88117962865
14864,74719.88116593662
14896,74719.88110872474
14898,74719.88107702145
14916,74719.88106048867
14934,74719.88105152914
14947,74719.88102011716
14948,74719.88101800212
14958,74719.88095820008
