Evaluations,Fitness
1,2683.820203864246
5,2649.175717343326
6,2612.1371965663784
9,2388.5639689967275
17,2384.6175803500487
18,2052.323097633696
54,1979.0837554722734
56,1895.0909399790912
62,1812.493842579279
68,1530.963298664044
101,1522.8254762191445
123,1466.0924586393494
131,1344.8039112940182
145,1310.4009712241489
160,1252.9032019099063
167,1119.0429527111355
174,1092.2950944888971
177,1069.460135036562
224,1041.0727537415025
263,1017.4114114434439
267,934.2113802142464
281,911.0293315266537
292,880.647267531784
342,839.9109454582147
374,797.3084870600376
386,788.0538364371059
449,786.8434759252943
461,758.2209680230753
483,753.6703545722646
498,746.1093687126789
500,738.4910107367516
511,721.3135585610418
533,719.7764551427024
556,709.9209961158195
570,709.8058585854028
576,708.4161901870783
585,687.3748714470823
590,677.586947602712
596,669.8890692890216
617,648.3374728784356
620,634.0259380251974
676,631.6936294194849
686,626.3906248642068
694,625.6305609187311
702,619.6804469640304
717,614.8468848706858
749,610.5875399901826
752,596.5052136039199
801,594.7204939034339
819,590.8550958312346
837,586.9712492154414
845,586.6197087997396
864,573.6200239098316
893,573.2357886358222
906,568.5249699075927
943,566.149579503542
970,558.5516172007494
1046,555.3478066248939
1052,554.6409692191636
1081,554.4325147635185
1092,554.1944826061522
1093,550.7807250565121
1097,550.7696629281055
1113,545.7496364707478
1122,543.0587722411949
1163,542.2410492545662
1173,540.0849870508346
1181,539.2809119515111
1193,538.7058856099686
1231,536.9349774107285
1233,536.2734361786083
1255,535.7077039568442
1295,534.3703602610793
1302,534.362446408476
1305,533.0989300914213
1308,532.8626708211543
1316,531.25565320337
1329,530.4654579145673
1335,529.9739336028044
1379,529.4941985131238
1389,527.9503604340854
1397,527.6775881394414
1403,526.799160663011
1408,526.6463073716237
1412,526.3576731823623
1442,524.4634971388887
1458,523.74981137878
1487,523.7386534203811
1497,522.9567151082023
1517,522.0252696377063
1522,521.82101255814
1547,521.2820067042653
1557,520.6718279024511
1570,519.1609664389586
1607,517.8318007599655
1620,517.3406650936118
1670,515.7996768378073
1679,515.6156630772017
1695,515.1188743746366
1707,514.5237249343502
1720,514.3456167306132
1721,513.8068987796488
1729,513.1016799915323
1745,511.8785507409371
1777,511.8634114065022
1795,510.3021996037573
1797,509.1955328711837
1816,508.85595271284024
1832,508.554384366131
1847,508.43928473069303
1848,508.19911005698856
1868,507.2769578322878
1895,505.88172837037257
1902,505.4992805932361
1910,505.4199012195823
1945,505.2736209959877
1948,505.1133535390834
1978,504.74966031977635
1995,504.5112782500057
2002,504.47738273617904
2007,504.1013727678851
2008,504.01226676135786
2017,503.7645725429279
2029,503.71083959086
2063,503.63351888946954
2082,503.42533181263354
2094,502.79581828953667
2144,502.7037137125426
2151,502.61031607866585
2152,501.94444064064976
2168,501.8350443458766
2202,501.3917384465546
2207,501.38253791321023
2218,501.2565485059371
2223,501.0231346013224
2226,500.8922201663578
2234,500.7723911942724
2261,500.7157893289621
2264,500.5069593488341
2270,499.5370184043062
2316,499.4935881032136
2320,499.26885493138315
2326,498.6454746603826
2342,498.4886023029715
2362,498.4604173918819
2372,498.2803213851166
2391,498.0146846030505
2407,497.8529533898761
2431,497.76996637242087
2441,497.25983819970736
2447,497.22196046324814
2497,497.0808347712459
2542,497.0014252197837
2547,496.9486549146897
2589,496.59634096546677
2603,496.5086494718317
2612,496.48559241988875
2622,496.4601917859237
2627,496.4340155370382
2639,496.3721249743172
2653,496.31064084426356
2656,496.24389821322677
2679,496.0544263936549
2689,495.99741957224757
2698,495.8524103896797
2706,495.81112844578814
2743,495.79158821288127
2748,495.6492997304993
2753,495.5228473840663
2756,495.42574960399224
2789,495.38255344609047
2793,495.36660243166864
2817,494.95764096779425
2820,494.7706736103586
2833,494.7643298501505
2872,494.7135761871682
2880,494.68982268471467
2909,494.59879316727665
2912,494.3268605120193
2927,494.257526068361
2941,494.16894907344243
2983,494.13092656359
2990,494.1179945045775
2991,493.78552831385656
3014,493.7131376997827
3040,493.6522239167323
3090,493.61194419846544
3094,493.5413221882548
3117,493.4915062275907
3140,493.46850545696
3156,493.3529127100224
3157,493.3460306428201
3165,493.3290980291555
3206,493.31737562034965
3210,493.2610063664099
3213,493.22362098303705
3215,493.1969887650924
3233,493.19309439384625
3245,493.1850477397371
3256,493.11930078801333
3265,493.06199909237307
3284,493.02536531085303
3289,493.0201690176244
3317,492.8842870858515
3339,492.85449479454167
3357,492.8506402533136
3409,492.8243640221594
3437,492.8120021428269
3455,492.7320000858954
3459,492.72053883207195
3496,492.70195744396943
3502,492.6841678345237
3516,492.65655240186925
3540,492.65514470470833
3546,492.6184010064325
3570,492.6113107396763
3590,492.60274119041264
3599,492.58487212088994
3622,492.58171125974667
3648,492.57774878784113
3651,492.5661576518106
3652,492.56112559947593
3655,492.5420907709936
3659,492.53736032884296
3665,492.50932945514325
3683,492.49342489188507
3690,492.4884134617164
3691,492.47912114245474
3701,492.46323914518166
3705,492.4404030915434
3714,492.4378280789149
3720,492.42644109981126
3741,492.3976062892463
3748,492.3694077899131
3779,492.34512514413245
3791,492.3402065832308
3799,492.33871263391165
3818,492.33344709759433
3825,492.31592852934637
3829,492.2515960973732
3908,492.2412895350499
3919,492.2408668081766
3929,492.19421165369266
3965,492.18225451110794
3968,492.1787740936953
3969,492.16340205268244
3976,492.1575764141337
3990,492.1554139245482
4002,492.1476536131322
4019,492.1457158557472
4029,492.1322454556968
4031,492.12488757281506
4040,492.10672792994234
4065,492.0795429858838
4103,492.0660637016756
4115,492.04697434921167
4137,492.04424952754516
4140,492.02736463831366
4152,492.01419918920567
4182,491.9831902352525
4187,491.9759415843019
4202,491.97066152485087
4252,491.9691064485851
4254,491.9689690868833
4265,491.96550446683545
4272,491.94974444336015
4293,491.9476703082112
4294,491.92768992443354
4324,491.919607833705
4343,491.915615743498
4344,491.914779169478
4374,491.89541903973844
4388,491.8815748690393
4393,491.88012376112454
4409,491.8800665183356
4438,491.87710949651273
4443,491.8588956732672
4475,491.8486135342017
4522,491.84676826015306
4529,491.84164422884993
4559,491.8391314192057
4574,491.83766381603664
4579,491.83614434991836
4609,491.8315599092049
4622,491.83149740996157
4641,491.8256301028162
4694,491.8194300443001
4711,491.81927224321896
4720,491.8159631354008
4725,491.81347349693414
4730,491.8117579628497
4743,491.8077057969487
4770,491.8063030437881
4772,491.8048142087201
4780,491.7996472152985
4790,491.79222710662054
4843,491.7912466414937
4870,491.7894933495922
4885,491.78901344408104
4890,491.7877156538447
4892,491.7875685367295
4895,491.78659314348465
4908,491.78442363588465
4931,491.7806606062152
4942,491.77988739193614
4978,491.77970371724376
4982,491.7784301201373
4985,491.7780839744543
4993,491.77737309790587
4995,491.77701430087683
4998,491.77693812258786
5001,491.7751846505213
5010,491.7744685552143
5033,491.77427909290714
5045,491.7741742260179
5063,491.7720922822493
5066,491.77048154138225
5093,491.7670568755217
5145,491.76400802153614
5178,491.7637039635009
5183,491.76337622875127
5213,491.7624434792188
5221,491.7622926043528
5225,491.760937479628
5261,491.75999941839007
5289,491.75839950408914
5312,491.75821616523325
5339,491.7581086249833
5342,491.7575666493284
5344,491.7572318162442
5355,491.7566921928369
5358,491.75552100218715
5373,491.75485543723835
5391,491.75348799486716
5431,491.75315000898456
5439,491.7524115703238
5448,491.75163985967464
5451,491.75019359205476
5457,491.7497315115709
5469,491.7493989495687
5489,491.7486722641563
5497,491.74850372837085
5501,491.74554664842697
5521,491.7442380841918
5567,491.74407524248096
5571,491.7420253210662
5601,491.74187483531415
5621,491.73975224170647
5653,491.7396506584739
5660,491.7395916192759
5662,491.73904423926854
5679,491.73783016606643
5690,491.73713545302945
5717,491.7370610344463
5720,491.73700187886675
5734,491.7369322516647
5737,491.73680962650235
5740,491.7361694966184
5780,491.73598576531424
5784,491.73549519603046
5787,491.7354651883148
5795,491.7352424944079
5825,491.7344017708892
5834,491.73389138606996
5845,491.7335190644598
5879,491.73279450152967
5924,491.73275517951004
5939,491.7324257629706
5947,491.7320518035893
5989,491.7315396957274
5999,491.73115839020755
6049,491.73107766747097
6068,491.7310471828001
6072,491.73102813573286
6079,491.7306322837451
6081,491.7300616065525
6105,491.73001633607043
6110,491.72969349370334
6118,491.72964340914064
6129,491.7292038595052
6160,491.7289960340011
6172,491.7289607190754
6195,491.72867830526866
6196,491.7285433980165
6257,491.7282323697335
6286,491.72816657617585
6307,491.72797050012974
6312,491.72789876219446
6339,491.7277453319365
6341,491.72762642920645
6372,491.72754128588235
6381,491.72735738530713
6391,491.7271171409841
6402,491.7270927412021
6412,491.72704212204314
6441,491.7267891093785
6462,491.7265360292251
6485,491.7264590948384
6500,491.7263383261722
6518,491.7260929296646
6535,491.7260361319059
6542,491.7259603707832
6582,491.72584621252287
6592,491.7257756670799
6604,491.7257650235182
6610,491.72554690960936
6624,491.7255212771426
6635,491.72549548824594
6642,491.72541554725825
6672,491.72527527710616
6714,491.7252079317818
6722,491.7251051238997
6749,491.7250965820506
6766,491.72505726730043
6814,491.72502937452333
6816,491.72501968750976
6818,491.72488573104664
6830,491.72485759159184
6851,491.72484090673953
6871,491.7247983551708
6873,491.72475426055615
6895,491.7246715327809
6896,491.724618219508
6918,491.7246092479346
6961,491.72437404159103
6964,491.7243029168476
7005,491.72430284986825
7034,491.72428784284347
7039,491.72427486974783
7055,491.72415444815454
7059,491.72410928834347
7082,491.72409775386984
7108,491.72409723404456
7109,491.72401657877316
7110,491.7239665143148
7143,491.72387488375864
7148,491.7238406995333
7216,491.7236605313466
7254,491.7236425394923
7263,491.72361476214695
7271,491.72360587873163
7287,491.7235822966401
7293,491.72358149716126
7304,491.723505870068
7313,491.72347186251795
7326,491.7234596664384
7363,491.72337423609514
7367,491.7233488183184
7376,491.7232310496479
7388,491.7232172392303
7394,491.72319705026837
7439,491.7231183255367
7442,491.72311564795217
7476,491.72307615460795
7499,491.7229919763843
7506,491.72295073822664
7536,491.7229148730614
7549,491.722896996733
7561,491.7228002822831
7564,491.722798061816
7567,491.72277850689767
7590,491.72276970053736
7611,491.7227681008941
7614,491.7227557205459
7617,491.72265434369393
7662,491.7226502029839
7669,491.7226116292228
7680,491.7226098702698
7713,491.7225622647245
7718,491.72254586590424
7743,491.72253004441404
7752,491.7225192693038
7767,491.72248487039474
7774,491.7224410737523
7792,491.72244081734357
7811,491.7222680920096
7822,491.7222658279218
7842,491.7222485009904
7861,491.7221344452189
7865,491.7221175991634
7875,491.72210451399104
7924,491.72205001754645
7950,491.72200445436675
7967,491.721988914805
7977,491.72192274270986
8002,491.7218902229919
8016,491.72188723956253
8024,491.72187107749596
8027,491.7217527485745
8053,491.7217525656196
8097,491.7217175651184
8103,491.7217174912445
8123,491.7216908499369
8127,491.72165439814324
8134,491.721607804285
8158,491.7215607245414
8193,491.72155761144336
8194,491.7215495932932
8208,491.7215488460285
8213,491.7215184431132
8223,491.7214414979518
8229,491.7214349115672
8236,491.7214113497999
8247,491.72133962181397
8262,491.72130365750695
8265,491.7213027265022
8275,491.721279673604
8277,491.7212305926097
8323,491.7211636492391
8327,491.7210264969565
8344,491.72100640229735
8394,491.7209321190466
8431,491.72092106007113
8434,491.7209196040724
8444,491.7208932311057
8451,491.72086770359937
8510,491.7208475038124
8515,491.7207376118143
8529,491.72072810491017
8564,491.7206250875019
8565,491.7205594075871
8567,491.7205411099004
8615,491.7204563379441
8623,491.7204058220812
8648,491.72040344119165
8673,491.720334667033
8706,491.72029816981194
8726,491.72029309731084
8735,491.72023645718645
8748,491.7201524009735
8785,491.7201371085102
8787,491.7201001965368
8816,491.7200923875833
8819,491.72003532119214
8831,491.72003335689885
8835,491.7200010577348
8837,491.7199425279262
8860,491.71990961190744
8881,491.7198968569008
8910,491.7198265291561
8934,491.7198107841979
8984,491.7197729775143
9017,491.7197673980846
9034,491.71976474950145
9036,491.7197502993844
9041,491.7197459327526
9047,491.71972915524975
9067,491.71969623283843
9073,491.7196879316397
9092,491.7196591389784
9111,491.7196544119581
9118,491.71964383094183
9143,491.7196089625445
9145,491.7196088294995
9152,491.7195944185273
9200,491.71958133362267
9202,491.71952010875356
9209,491.7195080386185
9252,491.7194828755277
9259,491.719468890998
9294,491.71945052104803
9295,491.71942295303694
9315,491.7194212669398
9332,491.7194159885769
9353,491.7194060873923
9365,491.7193900316222
9367,491.7193841517501
9399,491.7193840262076
9402,491.71937846379524
9408,491.71937633821176
9417,491.71936749139087
9432,491.71936742662973
9445,491.7193605150225
9454,491.7193421202042
9465,491.71932957027155
9482,491.71930615868365
9518,491.7192955562387
9527,491.7192760460095
9557,491.7192757334896
9605,491.7192745231501
9616,491.7192735633446
9627,491.7192507022877
9638,491.71924348116386
9660,491.71924230982927
9693,491.71924198265566
9697,491.71923708786454
9712,491.7192365328579
9738,491.71923311025205
9755,491.71923203418964
9760,491.7192302125351
9780,491.71922368564054
9799,491.7192216570041
9806,491.71921867993717
9827,491.7192063757619
9837,491.71919871593417
9841,491.71919493372286
9891,491.71919402576833
9897,491.71918711281205
9901,491.71918688454093
9905,491.71917835436005
9952,491.71917532174274
9989,491.7191715553859
9991,491.71916468877674
10002,491.71916081147583
10005,491.719158152796
10008,491.7191513797541
10041,491.7191449919815
10054,491.71914371080595
10068,491.7191371658944
10074,491.7191233309061
10077,491.71912283579354
10112,491.7191183649619
10124,491.7191033864288
10178,491.7190924523378
10196,491.719091784095
10206,491.71909178013385
10224,491.71908458399366
10228,491.71908311737104
10247,491.71908279730343
10249,491.7190788530108
10253,491.71907156063025
10263,491.71907006767844
10274,491.71906889857905
10291,491.71905759283993
10329,491.71905344684563
10351,491.719053389517
10371,491.7190528105392
10378,491.71904793627584
10398,491.71904731713573
10403,491.71904284102857
10420,491.719039539164
10448,491.71903742385484
10449,491.7190319872573
10499,491.7190317682144
10513,491.7190310321405
10519,491.7190307539077
10527,491.7190293474778
10528,491.71902520919974
10533,491.7190158776005
10596,491.71901584850997
10628,491.71901282368805
10633,491.7190108847934
10668,491.7190084483242
10689,491.71900288684066
10720,491.7190028643909
10754,491.7190014005051
10780,491.71900131525183
10789,491.7189999571594
10791,491.71899768132045
10792,491.71899434553455
10823,491.71899213261224
10869,491.71899212677266
10873,491.71899083791055
10876,491.71899038036855
10892,491.7189890016118
10902,491.7189870597391
10946,491.7189856066962
10958,491.71898388958624
10967,491.7189827492155
10976,491.718982048866
10993,491.718981624059
10995,491.71898122580063
11011,491.7189766096944
11035,491.71897549332135
11037,491.71897461654646
11053,491.7189739013605
11085,491.71897162270534
11115,491.7189715324093
11123,491.71897118602544
11124,491.718970625653
11131,491.7189705785403
11135,491.71896847376786
11145,491.71896766203946
11177,491.7189663447875
11185,491.7189657522788
11235,491.71896337792106
11276,491.7189629924871
11290,491.71896185490414
11323,491.7189603428435
11328,491.7189596492686
11330,491.7189578357996
11346,491.7189571991061
11349,491.71895681088574
11366,491.71895622457333
11378,491.7189538733939
11396,491.71895349958413
11399,491.7189506047879
11416,491.7189503597858
11434,491.7189495051377
11466,491.7189475385318
11490,491.71894635566457
11498,491.718946043304
11511,491.7189450091648
11540,491.7189445430392
11541,491.7189442268379
11543,491.71894406214915
11549,491.7189440345825
11560,491.7189431134862
11590,491.71894298466015
11610,491.7189420264767
11627,491.71894200548627
11633,491.71894161452167
11634,491.7189413509147
11638,491.71893930265276
11645,491.71893922486595
11649,491.71893888782853
11663,491.71893850660405
11688,491.7189372075621
11695,491.7189367678284
11721,491.7189359747403
11723,491.7189357523034
11743,491.7189347550119
11749,491.7189337615491
11768,491.7189329253923
11801,491.71893147274966
11808,491.7189312007106
11813,491.718930057126
11818,491.71893000247815
11834,491.71892742485636
11849,491.71892637621346
11853,491.71892554778367
11877,491.7189246320558
11880,491.71892103382334
11912,491.71891986023115
11921,491.7189181988623
11942,491.71891802182597
11953,491.71891716040477
11958,491.7189160355577
11963,491.71891560472784
11974,491.71891559000926
11978,491.7189155589712
12006,491.7189148303665
12020,491.71891447774266
12044,491.7189121823355
12085,491.7189116849898
12098,491.7189115980282
12109,491.7189106124064
12121,491.7189101065649
12194,491.7189095929329
12205,491.71890949103965
12221,491.71890827345044
12238,491.718907881609
12244,491.71890767274004
12273,491.7189073592081
12294,491.7189071576859
12305,491.7189058250121
12368,491.7189055765881
12383,491.71890540289735
12399,491.7189053488996
12416,491.7189053248722
12418,491.71890487736255
12426,491.7189037796023
12483,491.71890377514586
12494,491.7189036609584
12525,491.71890342548727
12529,491.7189031385825
12530,491.7189030186778
12575,491.71890285070623
12598,491.7189024426079
12605,491.7189023122881
12608,491.71890222415476
12691,491.7189021486684
12698,491.71890199089444
12703,491.7189017405628
12740,491.7189015156708
12749,491.7189014841845
12779,491.7189014755734
12803,491.71890140863087
12804,491.71890131243146
12809,491.7189011922789
12823,491.7189011256595
12845,491.71890105367976
12857,491.7189009199595
12878,491.71890090769597
12884,491.7189005422588
12919,491.71890038004057
12951,491.71890035207633
12969,491.7189001591529
12982,491.71890013259633
13004,491.7188999719631
13017,491.71889994640657
13021,491.718899933688
13046,491.7188999212466
13054,491.7188998181351
13059,491.71889977515826
13065,491.71889970108197
13067,491.718899621654
13116,491.7188996143075
13138,491.718899556814
13154,491.7188994370951
13160,491.7188994340399
13178,491.7188993825293
13206,491.7188993735997
13210,491.71889927505106
13234,491.7188991496336
13245,491.71889910040716
13256,491.71889903505394
13278,491.71889901407786
13304,491.718898905769
13306,491.71889890501166
13318,491.71889885757884
13319,491.71889864769054
13328,491.71889848399627
13369,491.71889832836376
13395,491.71889832328975
13403,491.71889827446694
13412,491.71889820733537
13431,491.7188981185609
13445,491.7188980563997
13456,491.71889804871176
13459,491.71889798155576
13470,491.71889786663354
13499,491.7188978496111
13509,491.718897828502
13529,491.7188977285243
13535,491.7188976760109
13566,491.7188975790912
13579,491.7188975309954
13585,491.71889737751945
13605,491.71889735843473
13610,491.71889735080657
13627,491.7188973299256
13635,491.7188971883524
13637,491.71889715521894
13656,491.71889709066227
13689,491.7188970118199
13703,491.7188969072041
13711,491.71889682325497
13761,491.7188967845715
13803,491.7188967264472
13809,491.7188966221838
13861,491.71889659521236
13870,491.71889639352594
13873,491.71889625687425
13921,491.7188962247362
13938,491.71889614939585
13959,491.71889612392994
13974,491.7188960054545
13978,491.7188959135212
13988,491.7188958978574
14007,491.7188958867027
14011,491.71889584622977
14057,491.71889579115253
14071,491.7188957722538
14078,491.7188957130974
14082,491.7188957075314
14114,491.71889568115756
14128,491.71889564472053
14132,491.7188955598887
14165,491.71889547509755
14179,491.7188954497505
14197,491.7188954408323
14198,491.7188954389964
14208,491.71889539421346
14209,491.7188953193632
14215,491.7188952635924
14237,491.71889514886334
14258,491.71889500038816
14287,491.7188949116314
14290,491.7188948710705
14310,491.71889484870434
14324,491.71889481559094
14344,491.7188947645576
14359,491.7188947084989
14360,491.71889466643256
14394,491.7188945518534
14444,491.718894366764
14449,491.71889428213495
14494,491.71889426389197
14504,491.7188941630231
14537,491.7188941618317
14554,491.7188941136868
14557,491.71889411317227
14559,491.71889403249315
14574,491.7188940035225
14587,491.71889399501777
14609,491.7188939410754
14610,491.7188939090457
14644,491.7188938489081
14667,491.7188937873355
14694,491.71889372526255
14717,491.7188937031934
14729,491.71889362687676
14742,491.71889354709134
14787,491.718893531727
14799,491.718893523468
14805,491.71889352173906
14811,491.7188935101772
14812,491.7188934125675
14832,491.7188933252785
14864,491.7188932891684
14865,491.718893117685
14882,491.7188930452469
14903,491.71889303559925
14919,491.7188930074118
14942,491.7188929594632
14965,491.71889290992243
14969,491.7188928045743
14995,491.7188927755062
14996,491.7188926817906
