Evaluations,Fitness
1,297703.2834065732
3,277222.32171065663
16,242533.71238088913
26,231376.29734675295
53,183774.8151897321
76,157823.76780713894
104,152221.4576030381
128,138213.75552987354
161,135211.5871701977
166,110512.10553183877
188,99995.00726355676
251,84721.798695113
330,84023.85636020139
348,77406.17457811182
387,76412.31638606137
420,75287.20753174086
422,74736.9400384687
440,73289.9975650307
457,72159.5043763037
470,71108.34560802983
489,69747.01714228932
522,69158.72713822268
529,67516.79516501655
561,67446.62481836439
563,65311.81804465219
611,64671.86299867577
636,63664.13104818557
644,62629.054923593634
661,60818.659690081375
694,59152.65902638348
724,59081.25326645883
741,58996.76701633455
744,58955.64244802801
770,57811.806807953726
857,57781.87581777707
860,56964.638833295954
869,56797.831461081456
877,56751.028123906566
886,56525.40511995714
894,56517.75807917152
903,56241.47214961305
942,56187.616300492016
944,56116.771362742315
946,55824.12026610762
985,55755.93760729733
992,54994.16474842129
994,54864.586500361176
1064,54824.47702410989
1065,54806.812710132945
1092,54626.987991219954
1093,54447.28822394987
1097,54384.11838888511
1102,54314.39884319009
1111,54246.99819176754
1146,54141.39726625035
1161,54137.90080206614
1169,53976.782482497736
1178,53971.65817050074
1187,53075.06970097401
1269,53031.68599521373
1278,52887.89210036037
1290,52438.76467554811
1340,52375.13183804571
1357,52366.504820137554
1370,52311.217235591525
1399,52282.25181972412
1407,52205.60000572376
1428,52154.161241331174
1440,52006.79453439775
1481,51798.93354627315
1508,51757.07983807033
1511,51752.810285365646
1513,51735.52726968827
1561,51620.65891692063
1574,51592.11984211858
1597,51583.17521033059
1623,51556.207069091135
1658,51545.16708727587
1659,51536.83668195513
1661,51517.931051387844
1666,51492.36531228289
1697,51458.58668792939
1706,51437.43914440225
1709,51385.40822253304
1725,51378.701024198126
1756,51374.88800363092
1759,51319.76897478274
1765,51275.94913333041
1767,51262.66600564818
1815,51213.79131781103
1817,51186.28449340143
1870,51183.9544866304
1877,51175.8402497262
1894,51113.663114992785
1915,51080.48438000557
1926,51049.17095570401
1944,51032.4309015035
1946,51018.4553999902
1960,50991.569619436676
1970,50982.65832973329
1997,50977.60999529382
2010,50929.22213098599
2041,50897.306030926775
2072,50872.953842340605
2091,50833.5568387918
2096,50810.75749274384
2130,50805.569925944495
2137,50774.72157113744
2143,50752.07800036574
2158,50747.979905425535
2217,50744.08453089935
2235,50740.32100918144
2237,50722.189874130534
2301,50715.94347308599
2304,50710.58413463644
2307,50707.86830739043
2320,50703.670166718024
2354,50679.233822368704
2357,50674.26979109739
2370,50663.04207942461
2377,50658.09395011549
2427,50649.33032803665
2433,50644.20211836762
2442,50640.346810795745
2456,50637.33831503715
2483,50626.51152088924
2503,50623.96235449909
2506,50618.40777451904
2532,50617.24644964661
2534,50609.28184946264
2579,50605.34883512835
2587,50602.92855834229
2636,50602.09365629152
2646,50601.33486172784
2649,50597.62895839826
2653,50593.65330548043
2655,50588.26557002549
2656,50582.476694166384
2706,50579.023904012975
2713,50565.1910766678
2763,50559.87693925221
2765,50558.44973780405
2778,50555.27192730198
2794,50554.75062058865
2815,50554.246939431876
2828,50550.817788000124
2878,50548.52059605473
2892,50546.59607657243
2902,50543.044181426696
2955,50541.12805002429
2969,50535.20638237023
2977,50534.50993795616
3026,50532.46023368486
3071,50530.78549132044
3076,50530.76922464267
3077,50528.8502789618
3094,50526.8225272817
3110,50523.74181408245
3127,50523.101008293816
3142,50522.174340182035
3155,50520.641481536884
3171,50518.290373989956
3173,50516.818276372585
3178,50516.391132302975
3222,50515.77661956337
3238,50510.22555378523
3281,50509.52654149636
3292,50509.03923600446
3299,50507.83109901148
3334,50507.233714620364
3338,50507.00623675371
3357,50506.606482270276
3423,50505.93832212298
3424,50505.21076153064
3438,50504.48922046896
3477,50504.17988571811
3485,50503.35755488058
3505,50503.243997584206
3507,50501.41573034297
3516,50500.78199404677
3540,50500.03710948764
3561,50499.99946997429
3566,50497.90001092267
3616,50497.882272914736
3618,50497.25610651532
3650,50495.796671272445
3711,50495.2896943699
3714,50495.064589020425
3720,50494.9956589906
3731,50493.20042179499
3738,50493.12985364679
3761,50492.87143170465
3781,50491.95435414001
3788,50491.67158585309
3811,50491.01881506531
3817,50490.58532644692
3838,50490.42616055476
3843,50489.75450407619
3844,50489.41915176554
3859,50488.68074370005
3893,50487.53702861062
3909,50486.651629195716
3944,50486.41471139159
3959,50486.200537910205
3964,50485.49157719654
3969,50485.10224124845
4014,50484.580768363616
4019,50483.5202009183
4020,50483.4197629414
4030,50483.16377512434
4032,50481.13379939276
4072,50481.11410181965
4080,50480.619901498765
4082,50479.79869399065
4089,50479.50359327701
4093,50478.35983749307
4122,50477.60811860785
4130,50476.90343493348
4185,50476.27135900159
4186,50475.661206941026
4187,50475.5618031385
4220,50473.784258564585
4236,50473.48366210928
4244,50473.03133772258
4264,50472.45746883087
4276,50472.222625135364
4284,50472.10120044447
4285,50470.935012552436
4286,50470.10338266425
4292,50469.73655585719
4294,50469.653337588294
4297,50469.44809750864
4304,50468.88304539884
4330,50468.3006345113
4337,50468.14781929025
4343,50468.081193183156
4347,50467.64643799718
4352,50466.37094737034
4370,50465.264111512995
4402,50465.16219941113
4409,50462.07711661338
4420,50461.71353405656
4423,50461.696855144786
4426,50461.25171954923
4436,50460.92753933445
4455,50458.246759645335
4467,50457.790817867455
4471,50457.129029695156
4478,50457.09514893974
4509,50456.95094688512
4517,50456.64878320516
4530,50456.204022580314
4538,50456.05182144672
4555,50456.04212991411
4560,50454.24324526035
4573,50453.99207212135
4594,50453.774268928704
4610,50452.79653694322
4613,50452.50482664778
4616,50451.50761788615
4621,50451.38372507623
4650,50451.37918120042
4663,50450.40564890727
4666,50449.02371885451
4700,50448.446261591285
4705,50447.659019024286
4721,50447.65180687277
4759,50447.613191846525
4766,50447.41648064445
4769,50447.21276808313
4773,50446.26926025118
4780,50445.49628418489
4816,50443.651570544214
4858,50443.487058144456
4859,50443.11242286046
4866,50442.39543749126
4892,50442.01435980832
4925,50441.043207638955
4930,50439.96073770208
4949,50439.77724403653
4956,50439.509647265084
4959,50438.164013643735
4980,50437.51568980055
4981,50436.32853278125
5016,50436.28178390919
5031,50436.13998196818
5033,50435.80224669323
5050,50433.1291228046
5051,50432.901457506254
5108,50432.211618027206
5133,50429.82642542018
5164,50429.66462119369
5205,50429.63635546779
5207,50428.60706020382
5233,50428.47563582262
5239,50427.76963462011
5267,50427.45749699631
5289,50425.44285899651
5345,50425.436336384504
5362,50425.27383676956
5381,50425.01718386536
5389,50424.90009757859
5391,50424.695146753176
5395,50424.182251916405
5406,50423.88211534836
5430,50423.08791807494
5438,50422.90779001545
5445,50422.64650818703
5487,50422.5386072463
5489,50422.177661978174
5537,50422.0125881125
5568,50421.94580054341
5586,50421.504174957525
5619,50421.26886099694
5672,50421.21390237217
5675,50421.20747640389
5686,50420.96370468718
5702,50420.83024149241
5704,50420.81687249789
5722,50420.690151219605
5725,50420.44165345347
5775,50420.211851200285
5791,50420.04458287062
5812,50419.777859182796
5862,50419.694884201235
5879,50419.685798827646
5912,50419.60530397684
5923,50419.3939303401
5929,50419.25403660668
5992,50419.12341732125
5998,50419.02906862362
6027,50418.95963541744
6032,50418.936549744714
6042,50418.90503852997
6048,50418.75854619752
6069,50418.71128877289
6087,50418.67892969157
6111,50418.596152706574
6128,50418.518763425214
6137,50418.3623219059
6158,50418.35018453086
6207,50418.33561432433
6224,50418.2825373208
6244,50418.23896865995
6257,50418.224074721526
6272,50418.20121430933
6295,50418.19247469786
6309,50418.122979502004
6332,50418.11536844396
6343,50418.06236194768
6357,50418.01016573499
6386,50418.00904568287
6388,50417.98608987797
6410,50417.936017245476
6438,50417.918855999575
6485,50417.814187285985
6535,50417.79917607538
6559,50417.79213897198
6586,50417.72904611497
6607,50417.72765676486
6620,50417.724856797
6642,50417.71807079575
6649,50417.70510441973
6657,50417.67488035889
6669,50417.67206365319
6686,50417.66367180442
6699,50417.65118646064
6704,50417.633046544215
6707,50417.60956237815
6717,50417.60887666768
6722,50417.60269575722
6749,50417.5730927805
6772,50417.55260893911
6792,50417.551745232675
6799,50417.52893847399
6811,50417.524245963534
6817,50417.52072107902
6822,50417.47229658999
6878,50417.439618069155
6901,50417.42642118002
6906,50417.42007740949
6934,50417.40510481307
6938,50417.3856123914
6981,50417.36683310441
6988,50417.36600780443
7002,50417.34217294532
7042,50417.333367585765
7074,50417.332397442566
7075,50417.32735138696
7111,50417.32444824253
7113,50417.31592133165
7128,50417.31125111777
7148,50417.308901530734
7149,50417.30220156851
7154,50417.29539342231
7172,50417.27495703709
7199,50417.26335645124
7204,50417.258337819076
7207,50417.25712453351
7208,50417.2571134942
7251,50417.25088532347
7288,50417.2303877979
7292,50417.21629416886
7322,50417.213735555626
7348,50417.19376356189
7357,50417.187721717346
7404,50417.186806453785
7412,50417.18250795346
7415,50417.179012411085
7425,50417.17579650109
7449,50417.170558746395
7472,50417.16904135374
7477,50417.165091737195
7511,50417.162386739066
7517,50417.150472933856
7528,50417.14498988379
7566,50417.14434342219
7567,50417.13436945232
7591,50417.132204857
7594,50417.1210156255
7616,50417.107184455694
7659,50417.10122301982
7666,50417.090352530184
7667,50417.09003717117
7717,50417.08839125931
7718,50417.07534028423
7757,50417.07177188965
7792,50417.067172690804
7805,50417.064702479016
7816,50417.064143380914
7837,50417.05795343912
7842,50417.05519030314
7867,50417.04725470658
7887,50417.04154996051
7916,50417.03154120043
7920,50417.030776427695
7966,50417.02857068559
7968,50417.0275391568
7984,50417.02687493582
7990,50417.025260757364
8018,50417.02409622407
8027,50417.02156227999
8036,50417.016901628034
8059,50417.01653794932
8086,50417.016383134236
8118,50417.015943825594
8138,50417.01591557763
8140,50417.014782207436
8159,50417.01383404266
8161,50417.01020524248
8172,50417.010143431246
8176,50417.007319234035
8186,50417.00569258382
8219,50417.00437858619
8240,50417.00176266475
8274,50417.00147314476
8278,50417.000497201734
8286,50416.99894263066
8294,50416.99764213451
8315,50416.99653609585
8333,50416.99542378749
8345,50416.99271804565
8356,50416.98895414786
8365,50416.98853880524
8415,50416.9869898024
8427,50416.98687908304
8432,50416.98532354509
8433,50416.98280486864
8465,50416.97949377903
8494,50416.975835142766
8544,50416.975712913
8552,50416.974880003916
8574,50416.974611225036
8586,50416.97285778892
8602,50416.96899580202
8652,50416.967689481986
8736,50416.966231085375
8776,50416.96557309371
8786,50416.96517048535
8795,50416.96488099736
8837,50416.964575720005
8841,50416.96407009001
8860,50416.962779218076
8895,50416.96136446976
8912,50416.961258808595
8922,50416.96059809129
8924,50416.959808447056
8957,50416.95945893071
8972,50416.95891758117
8974,50416.95889573267
8980,50416.95793169622
8984,50416.95782475582
8986,50416.956158600966
9012,50416.95408085476
9062,50416.952613433336
9097,50416.95249650987
9134,50416.95247874675
9148,50416.95236755811
9162,50416.951549633246
9178,50416.95113736565
9180,50416.95085345773
9221,50416.95083068039
9232,50416.95069056154
9261,50416.95035462722
9295,50416.95023009593
9296,50416.950215252284
9297,50416.94995354659
9325,50416.94992916058
9332,50416.94977214432
9338,50416.94955883702
9347,50416.94916239885
9375,50416.948745636175
9417,50416.94848248876
9467,50416.947762540265
9482,50416.94771638338
9504,50416.947545473704
9513,50416.94734573075
9517,50416.94717222326
9531,50416.947070991715
9563,50416.946871926695
9574,50416.946772073105
9583,50416.946707518786
9589,50416.94663265338
9613,50416.94648429426
9627,50416.94643475171
9631,50416.9463995957
9639,50416.9462858829
9648,50416.94603714222
9663,50416.945799098095
9679,50416.945501514456
9699,50416.94523430236
9764,50416.94511627397
9765,50416.94487446029
9779,50416.944699546875
9792,50416.94449580379
9821,50416.94413704998
9824,50416.94406358757
9838,50416.94377185646
9860,50416.94357175609
9890,50416.94323808987
9900,50416.9431700147
9910,50416.94269257605
9948,50416.94249936575
9955,50416.94234133818
9960,50416.94217635144
9965,50416.9420636392
9985,50416.941991966945
10009,50416.94160814331
10024,50416.94157859172
10044,50416.941106635604
10062,50416.94070094416
10072,50416.9406031085
10093,50416.94058199332
10112,50416.939679950505
10119,50416.93944515949
10169,50416.939131994106
10174,50416.93825507418
10196,50416.93799678983
10224,50416.93751129727
10262,50416.93719378001
10296,50416.93713263976
10311,50416.93670860525
10312,50416.93670543216
10327,50416.936687202746
10344,50416.93625373134
10374,50416.93598881623
10394,50416.935975456356
10402,50416.93555116018
10414,50416.935460000925
10415,50416.93537319039
10435,50416.93492651276
10452,50416.93452667951
10487,50416.93447810384
10502,50416.93424167988
10514,50416.93422327176
10523,50416.93404280868
10541,50416.93379873021
10552,50416.93370101913
10572,50416.933645119636
10591,50416.9330102158
10616,50416.93286245442
10641,50416.93241485585
10666,50416.93222831515
10667,50416.932200570074
10691,50416.9320529675
10696,50416.93203555673
10704,50416.9318640279
10735,50416.93120192431
10742,50416.93117085276
10761,50416.93096684784
10769,50416.93087424307
10782,50416.93078088168
10792,50416.93004000258
10799,50416.92973613692
10804,50416.9296426648
10805,50416.92908937488
10842,50416.92873851725
10883,50416.92873428314
10892,50416.92861421132
10915,50416.92852073986
10918,50416.92808050788
10920,50416.927683148715
10938,50416.927422737936
10952,50416.92659098279
11002,50416.92629566623
11024,50416.92618571501
11038,50416.9261704968
11052,50416.925892194326
11088,50416.92565170981
11102,50416.92561031496
11108,50416.92546639051
11138,50416.92521343888
11155,50416.9251635994
11158,50416.925005974816
11161,50416.92466980611
11212,50416.924648400454
11214,50416.924182113966
11216,50416.923617247405
11240,50416.92318684651
11266,50416.922696744106
11275,50416.922481214046
11316,50416.9223325535
11323,50416.922150941806
11324,50416.92214989588
11358,50416.92207916502
11364,50416.9217411744
11375,50416.9216339186
11387,50416.921342064576
11416,50416.92090826806
11417,50416.92089120736
11425,50416.92077960171
11466,50416.920566103996
11473,50416.920460575384
11478,50416.92023657135
11482,50416.92007425031
11506,50416.91998885005
11517,50416.91995693486
11523,50416.91943717294
11530,50416.91932168156
11541,50416.91919927705
11557,50416.918957330156
11579,50416.91870349655
11580,50416.91865630448
11582,50416.91858164393
11601,50416.91832370252
11607,50416.91797730608
11608,50416.91794888767
11632,50416.91791958335
11666,50416.91761829724
11677,50416.91738501008
11683,50416.9171072552
11728,50416.916902215424
11733,50416.91686191874
11736,50416.916679180256
11740,50416.91631589141
11756,50416.91604996381
11778,50416.916027515894
11779,50416.9160230969
11780,50416.9160196443
11786,50416.915657265235
11802,50416.9155552374
11804,50416.9154748714
11806,50416.91531434677
11823,50416.91503412696
11837,50416.914770368436
11856,50416.914316307986
11887,50416.91415973247
11893,50416.914099774054
11910,50416.913647994195
11913,50416.9134955566
11932,50416.913442884295
11943,50416.91340779257
11964,50416.91298950305
11967,50416.91295431334
12014,50416.91276701805
12018,50416.91274987035
12029,50416.912318594834
12052,50416.912217184865
12060,50416.91197947803
12066,50416.91178903516
12070,50416.91161683036
12072,50416.91156459328
12110,50416.911357106605
12116,50416.91090871347
12120,50416.91066783182
12126,50416.91054715371
12143,50416.9105122863
12169,50416.9101809188
12170,50416.90994110833
12172,50416.90956733039
12189,50416.90953426482
12191,50416.909097825235
12222,50416.90883134706
12234,50416.908637264925
12236,50416.90787101977
12270,50416.90772659779
12291,50416.90676634617
12320,50416.90657910676
12341,50416.906251051034
12345,50416.906231828776
12346,50416.90619080676
12379,50416.906131806245
12391,50416.905956130664
12395,50416.90548797157
12429,50416.90539597259
12449,50416.90530880587
12457,50416.90503550405
12468,50416.90475213949
12478,50416.904118002654
12520,50416.903977073445
12533,50416.903959925905
12546,50416.90383296434
12558,50416.903688218445
12570,50416.9036880052
12578,50416.90366847556
12583,50416.903191764926
12620,50416.90290644986
12636,50416.902767655956
12708,50416.90254321471
12720,50416.90251583408
12736,50416.902157839286
12786,50416.90212123673
12787,50416.902060846216
12789,50416.90192082388
12790,50416.901678540846
12818,50416.90156680155
12820,50416.90138742207
12844,50416.901158871085
12870,50416.90094203313
12875,50416.90093730362
12912,50416.9009254592
12925,50416.90087836715
12945,50416.90074131603
12956,50416.90073599393
12965,50416.900647912276
12970,50416.90055911255
12985,50416.90043925514
13012,50416.90040365793
13020,50416.90029830984
13023,50416.90013136332
13039,50416.89998587433
13073,50416.89998182963
13078,50416.89997921515
13081,50416.899953636734
13086,50416.89982102293
13089,50416.89959960427
13120,50416.89949889418
13143,50416.8994419914
13155,50416.89940177188
13195,50416.8993798979
13198,50416.899235282974
13205,50416.899212809134
13212,50416.899176223116
13255,50416.89906541385
13256,50416.89904897055
13260,50416.898997013814
13279,50416.89899318914
13306,50416.89895056159
13309,50416.8988963636
13314,50416.89886276771
13329,50416.89876856595
13339,50416.89869048548
13362,50416.898567136566
13364,50416.89854674928
13400,50416.89851513368
13415,50416.89837724319
13435,50416.89836136308
13465,50416.89834720949
13468,50416.898310606935
13469,50416.898271550424
13471,50416.89824729999
13504,50416.89818878057
13510,50416.89815592915
13517,50416.898077034886
13534,50416.89804652517
13541,50416.897974945154
13548,50416.89784066429
13552,50416.89781961955
13566,50416.89777221668
13567,50416.89769921044
13591,50416.89766634978
13593,50416.8972883632
13616,50416.8972872881
13633,50416.89714420037
13654,50416.8971280843
13656,50416.896909889736
13673,50416.896868485775
13693,50416.89678641841
13695,50416.89665816987
13704,50416.8966569432
13706,50416.89661396792
13713,50416.896562860886
13715,50416.896398542165
13726,50416.89639009242
13737,50416.89626523854
13749,50416.89621012815
13756,50416.89603071231
13802,50416.8959947266
13808,50416.89584465573
13821,50416.89565463344
13826,50416.89564542097
13847,50416.89549980413
13858,50416.89537643746
13871,50416.895065999044
13963,50416.89490956072
13979,50416.89472362458
14015,50416.89471832089
14019,50416.89469491343
14024,50416.89466445716
14027,50416.894594560756
14047,50416.89444798807
14065,50416.89437711774
14074,50416.89434510654
14079,50416.89422209317
14097,50416.893913923006
14106,50416.89388356009
14120,50416.89380677571
14129,50416.89380211345
14130,50416.89375684608
14170,50416.89358013948
14174,50416.89355201732
14177,50416.893527535576
14198,50416.893512645955
14220,50416.89338619893
14227,50416.89326792149
14248,50416.8932371045
14280,50416.893152515484
14290,50416.89313755864
14295,50416.89310197132
14298,50416.893010268606
14302,50416.893008195206
14308,50416.89300280611
14323,50416.89295920078
14335,50416.89281521535
14353,50416.89277976039
14375,50416.89274820051
14398,50416.89270779694
14404,50416.892688733155
14425,50416.892666877124
14444,50416.89261124373
14494,50416.892611097166
14498,50416.892569809344
14540,50416.89256697273
14545,50416.89255087431
14548,50416.89254442741
14565,50416.89253425663
14582,50416.89252645795
14594,50416.892524306226
14595,50416.892499460526
14598,50416.89243900532
14656,50416.892428342326
14684,50416.89242800384
14694,50416.892420503165
14695,50416.89239458817
14700,50416.892385448984
14703,50416.892360753205
14729,50416.89235166548
14730,50416.892345526205
14766,50416.89233540571
14772,50416.89232175315
14787,50416.89231034433
14790,50416.89227374039
14800,50416.89226332319
14827,50416.89225543674
14836,50416.89225229084
14850,50416.892207904304
14865,50416.89220111258
14881,50416.89219851245
14888,50416.89217971615
14897,50416.89216207573
14912,50416.89213213818
14915,50416.89212736354
14933,50416.89212610795
14934,50416.89210943898
14979,50416.89210635927
14982,50416.89210040475
14988,50416.892073516254
