Evaluations,Fitness
1,3048.343297961176
2,2842.0334032700307
4,2642.892774547017
8,2356.8794696802474
17,2243.301799869668
54,2039.5665239997434
58,1770.4755740951216
64,1650.646284692258
104,1619.0167798663933
112,1259.9766245624223
172,1225.8592650801504
175,1177.5058881145735
177,1141.5887292078032
184,1108.9459784040907
186,1072.3154573605418
200,1058.705962247459
212,882.7051331824096
317,865.5246311622438
332,825.3051627320676
362,776.5683465695963
386,760.1744955730443
428,723.2558507627747
462,721.8851450616578
478,700.8414787932683
540,693.6174447306815
554,691.1830834411553
556,680.7874365444295
562,666.1840442050495
588,661.3037288689192
605,652.5123911366884
642,638.681370004855
643,633.9810825102288
671,625.9369644371855
691,623.1195912460839
692,614.3030519282694
702,613.5762599876053
714,608.92761837833
725,608.7271042451641
734,601.4722210580067
741,598.5903115499306
748,597.0991305176641
753,597.0664101883812
759,579.6171620040864
764,575.4546945132067
809,575.3798096558734
814,573.8136006571933
831,573.0030493916116
848,557.4723091539262
868,553.1011671003881
896,551.6151243696545
951,551.1885579484086
966,548.8623265135923
969,544.0210752473868
977,543.6442821754131
978,543.5685072215794
980,537.5152774449365
986,537.1526409871266
1010,534.7680401388538
1024,532.9901569927687
1027,532.1859145772902
1074,532.1665992541695
1077,525.3734868296522
1080,522.7235770462204
1117,521.2490332553555
1118,519.2551239172042
1133,517.8017331194317
1167,516.923779050601
1168,516.6930916622655
1181,515.9626655820513
1194,515.6399088742577
1205,515.0052360801088
1208,514.1087991630478
1217,514.0488598406299
1247,513.7457353516446
1251,512.6481088108942
1256,508.3113432599031
1279,508.18705786903803
1300,507.4439412876042
1308,503.77795140480924
1313,503.4579401619618
1340,502.82483042620447
1349,502.3334670966181
1350,501.84293187751786
1354,500.32012792457556
1358,499.9934364048923
1382,498.32291354577274
1404,495.19520467150664
1432,493.7691811657605
1435,492.8860984847366
1469,492.37453752955673
1505,490.5728038164742
1510,490.51419983461295
1562,490.4542537502245
1571,490.207892097644
1610,489.2892700621819
1615,489.09212465407546
1619,487.9422888386322
1665,487.1866303373091
1667,487.00707127247534
1670,486.86957761296105
1727,485.5048291686678
1730,484.0346973818875
1736,483.85563489634904
1768,483.59461626017804
1780,482.4054953637474
1830,481.608376168642
1837,480.96423369252267
1854,480.4264697064466
1901,480.15704660976405
1902,480.09101734860235
1926,479.3304198511475
1954,479.28612635695697
1989,479.1187124627552
2014,478.88193599934704
2028,478.71374846265934
2029,478.3885178843593
2064,477.8518256275085
2104,477.74454388884664
2117,477.70600953937446
2144,477.4565647132342
2145,477.43733169634066
2158,477.36262368231945
2170,477.284073202071
2172,477.2483681311489
2195,476.95663597348795
2245,476.74834338271756
2262,476.5788505170064
2272,476.5190979892026
2289,476.48217113156613
2306,476.4795902602801
2312,476.3177847868481
2339,476.2589839703808
2345,476.17829520378854
2376,476.067590780629
2381,475.99125752851876
2389,475.94151826256723
2422,475.9312055375321
2441,475.8540623655896
2471,475.84830337034344
2472,475.78443237627823
2473,475.758621274951
2493,475.72288287388284
2511,475.6637695666606
2523,475.5605532621471
2543,475.54275116540623
2575,475.54017301801827
2604,475.44882090227213
2611,475.4431532249211
2625,475.4119023451455
2628,475.3574021816876
2646,475.32550401950346
2675,475.29116595834654
2705,475.2417589901785
2748,475.2236584291184
2759,475.1725628347185
2775,475.1127186638989
2790,475.0997496086963
2804,475.09816472718165
2838,475.09068268295965
2840,475.06634728653665
2844,475.06504797319184
2847,475.0646117410025
2859,475.0645731373959
2862,475.0467384463914
2882,475.0314202343266
2897,475.0054101505795
2905,474.99283119065257
2910,474.98073430804754
2916,474.97814938489375
2950,474.95449344709175
2955,474.9538619967389
2956,474.94234980529546
2961,474.89930746692386
3006,474.8619507531841
3056,474.8435564528049
3060,474.82387153566185
3072,474.793786091702
3074,474.7809632173859
3124,474.7787181909887
3157,474.7612286277107
3168,474.7580963582786
3174,474.72028314143705
3206,474.69003081540455
3242,474.6877785551645
3256,474.6817956165375
3266,474.67216162933533
3270,474.6668063535024
3277,474.6468197023896
3292,474.64369482163437
3297,474.62991154706197
3320,474.6090281117217
3328,474.56839306962155
3364,474.5480139712366
3393,474.54511293341665
3412,474.5392325365377
3427,474.5320957960696
3433,474.5232113605648
3464,474.5077380550671
3483,474.48867548155073
3528,474.47724524914383
3540,474.4691085088789
3555,474.4593627627665
3590,474.4588008342875
3621,474.44591578568816
3625,474.4445161606555
3630,474.43450606772944
3671,474.42857713651534
3680,474.4152920905196
3692,474.409734001136
3736,474.40794797166484
3755,474.40196649653006
3757,474.39724706700486
3768,474.3854728186011
3784,474.38343945120494
3812,474.38002683670027
3819,474.3778383199639
3820,474.3771692565695
3829,474.3768770928344
3832,474.37498140316643
3848,474.3675053689217
3862,474.3656235130701
3869,474.36402024613494
3873,474.36329694356175
3879,474.3544303451929
3900,474.3542905319888
3922,474.35129226960436
3927,474.3432380881974
3940,474.33988280728744
3944,474.33438399433237
3971,474.32731782328085
3994,474.3225506571859
4005,474.31614922885484
4031,474.3093453385726
4044,474.3011374074636
4055,474.2995079271375
4102,474.2920657718495
4130,474.2845360336793
4149,474.27849413887407
4152,474.2722133810722
4199,474.2663082822064
4202,474.26507372197136
4247,474.2645831027584
4255,474.2622143166451
4257,474.2601732459233
4280,474.2582323789211
4302,474.2571049882143
4305,474.25299531668634
4318,474.24914846390607
4346,474.2486010039191
4362,474.24621407056776
4401,474.2450669611608
4412,474.24494575115557
4434,474.24333249722883
4445,474.23582384740547
4452,474.23355641393454
4489,474.23159483179126
4533,474.23151234505974
4539,474.23104526056846
4551,474.23098799038416
4553,474.23073729678737
4559,474.22928002028476
4568,474.22907930085836
4576,474.2249810287216
4602,474.22426358220116
4615,474.223926197989
4620,474.22311617220834
4630,474.22193740829977
4644,474.2208726773753
4695,474.22071512097875
4700,474.21859389096994
4702,474.21857154445524
4711,474.21772694516346
4724,474.21722064498965
4745,474.21621938437454
4752,474.21596441002436
4755,474.21500064371924
4789,474.2136055718983
4795,474.2117328195078
4810,474.2108899995462
4860,474.2086764331782
4880,474.2084225778496
4881,474.20633640584884
4884,474.2055832262355
4897,474.2046121441015
4917,474.20343965079115
4931,474.2010745993496
4934,474.1978706205448
4995,474.19703935016025
4998,474.19672418797626
5010,474.1919077666764
5070,474.1890034254254
5120,474.1870477476296
5127,474.1866270163944
5133,474.18652154829914
5135,474.18525448479727
5136,474.18365501218267
5142,474.18351525413766
5153,474.1832587190208
5186,474.1792330623318
5203,474.17890123942243
5218,474.1775325533725
5220,474.176658460829
5231,474.1757129498963
5243,474.17390774388497
5268,474.1731288192644
5269,474.1725268585424
5283,474.17246188448024
5285,474.1724591842916
5287,474.17181306955587
5298,474.1692541201998
5317,474.1677280349486
5337,474.16767740771263
5343,474.1664211159477
5376,474.16571201591387
5380,474.1644290302908
5381,474.1622169307907
5405,474.16163973872233
5415,474.1612856959436
5432,474.1574017714288
5440,474.1565376629614
5482,474.155438712807
5490,474.15521147187013
5501,474.15384865805277
5530,474.152703238839
5539,474.1517807078442
5540,474.14956357862445
5580,474.1485040107932
5590,474.1484291558784
5591,474.1475847608717
5594,474.1464309791842
5595,474.1431657825875
5614,474.1429938964109
5616,474.141233834665
5648,474.1405365431427
5657,474.1383655399725
5662,474.1381931391298
5685,474.13796482051293
5693,474.1355440031325
5699,474.1344585058317
5710,474.134041145536
5737,474.13198186721553
5745,474.13180027500454
5749,474.1306748936841
5756,474.13013857250115
5762,474.1274854403157
5786,474.12612860120873
5834,474.12607379060603
5837,474.1233386333323
5853,474.1222747347404
5856,474.1213714401224
5857,474.1198149747499
5858,474.11731890425773
5872,474.1164641717806
5873,474.11552633950276
5890,474.1146691681761
5917,474.1121486503336
5922,474.11068618105
5934,474.1104664482456
5940,474.10352262241406
5998,474.0968393852633
6012,474.0947842992541
6026,474.09425392893746
6049,474.0874765106339
6079,474.0872322134778
6081,474.0780388811305
6091,474.0761981370263
6098,474.0760954469794
6099,474.06881410677113
6131,474.0679505903312
6141,474.0660219579509
6154,474.0625743421557
6164,474.0580048923932
6166,474.05691558104326
6214,474.05318324238914
6230,474.0503277539538
6232,474.0500788916092
6234,474.04991985949084
6264,474.0454204828908
6280,474.03580165843107
6294,474.031606027713
6343,474.0314599110259
6344,474.0308730904113
6349,474.0293403162164
6361,474.014230874869
6398,474.0131603207874
6411,474.0055107840172
6436,474.00290360560604
6447,473.99882889289864
6450,473.9976214867429
6468,473.9953171360211
6487,473.9950871365737
6495,473.9879916528885
6505,473.9854025518726
6529,473.98397394500125
6536,473.979393971356
6538,473.97690959317583
6569,473.97611526727565
6572,473.9719831214959
6574,473.96881949790975
6579,473.9677242924426
6591,473.9544697119922
6609,473.95202516111914
6622,473.950135643013
6638,473.9481362704835
6641,473.94601449535
6653,473.94274048953866
6676,473.93216304030267
6688,473.92212226341087
6736,473.91923641350127
6738,473.91001075088445
6762,473.9066937074641
6783,473.90478750468435
6796,473.88990341404667
6802,473.8896476382152
6805,473.88206584358613
6855,473.8798658873186
6865,473.8792125018058
6871,473.8769951909292
6910,473.87040605388694
6921,473.8626032637378
6968,473.8622229988231
6970,473.8559538899086
7016,473.8499695474286
7018,473.84924716531776
7021,473.8462153048111
7029,473.8456823973318
7066,473.83721602960566
7079,473.83282267745733
7116,473.8304253755879
7129,473.8292018533648
7137,473.82816216509144
7146,473.823939836036
7158,473.8201431050754
7160,473.82002576045693
7166,473.81395391233195
7188,473.81204459993285
7193,473.8095816371637
7216,473.80140715531337
7219,473.79982840943427
7260,473.79733479602316
7273,473.7933070310252
7274,473.7863354752481
7314,473.7854708806449
7346,473.784959686066
7347,473.78104777959487
7361,473.78088693621265
7364,473.7746411764576
7365,473.7695308348939
7387,473.76904456616853
7399,473.7610688281971
7415,473.7607706838666
7422,473.75934406227145
7426,473.7576800341615
7457,473.75733281860556
7458,473.7561956361401
7465,473.7461844355809
7495,473.7449521373792
7520,473.74355794663853
7527,473.74296925781334
7537,473.7416458187551
7545,473.73898808590155
7552,473.7380233731772
7557,473.7311895078356
7566,473.7311281821149
7584,473.7271224483049
7595,473.71768274290804
7616,473.7109951455951
7643,473.70367050161445
7658,473.69941813758936
7666,473.69535586344995
7673,473.6901802350416
7677,473.6869922858686
7708,473.68568969863423
7723,473.6798374201844
7729,473.6738163553998
7771,473.67307268494557
7794,473.67201278044877
7804,473.6718078776679
7807,473.6716520360989
7816,473.66954085384094
7829,473.6679361065166
7843,473.66702974450436
7844,473.66402886683505
7852,473.66050562217697
7895,473.65938417580634
7900,473.6569383378219
7923,473.65240826091616
7959,473.6489587534537
7970,473.64746580504016
7986,473.64140719870613
8030,473.64002148920974
8036,473.6384297980531
8060,473.6370594017702
8070,473.63542443772167
8101,473.6318608932166
8102,473.63045505435
8134,473.6294685857445
8136,473.629089830262
8151,473.62763076304225
8161,473.62353630185004
8203,473.62333826940034
8211,473.61844046190555
8246,473.61839250554823
8261,473.61769764369745
8265,473.61645856541793
8274,473.6154645585225
8280,473.61255965260585
8292,473.6121312251697
8296,473.6115485135732
8330,473.6104875421597
8336,473.6100422392657
8342,473.6065715041578
8392,473.606567170392
8399,473.60456301128323
8442,473.60004007431934
8473,473.5991716670201
8492,473.5987219249363
8532,473.59828072830436
8542,473.59793175812837
8549,473.5973908447516
8554,473.5965189987255
8583,473.5959565252614
8595,473.595528992182
8607,473.59491642626966
8610,473.5948745539432
8654,473.5943221004406
8660,473.5939265757047
8664,473.59372091650226
8687,473.59303491274267
8690,473.59297261357494
8707,473.5928903714532
8710,473.59252728365425
8727,473.5918261987122
8738,473.59086938667934
8740,473.5906732523106
8788,473.5900619381762
8790,473.58971753417194
8840,473.58929626305894
8842,473.5879383214447
8889,473.5876375285031
8951,473.5862483497641
8992,473.5855605463502
9014,473.58526432818235
9055,473.58415357560887
9082,473.58398320728577
9147,473.5837719483248
9155,473.58363571702074
9160,473.5834317874708
9166,473.5831293031399
9169,473.5830546137942
9199,473.5830418831818
9200,473.58281432848787
9214,473.5828064609901
9233,473.58261834524876
9260,473.58242453148523
9283,473.58231275086825
9311,473.5821225757424
9323,473.58201088853826
9330,473.58193879665015
9340,473.58175018487316
9360,473.58173351281675
9390,473.58154426033326
9414,473.5815428600338
9436,473.581483990772
9439,473.5814695286792
9440,473.58134578413546
9467,473.58127796860043
9475,473.580951894699
9497,473.58068994202625
9544,473.58067930939495
9551,473.58032434076006
9573,473.58028222948775
9595,473.5800328154543
9605,473.5798356193721
9645,473.57957510303663
9669,473.5794975886705
9693,473.5794863128085
9695,473.5794498798909
9710,473.57913991715657
9744,473.5790798477883
9758,473.57902017155163
9763,473.5789726814036
9796,473.5789511949884
9809,473.5788868228076
9834,473.57883341947013
9858,473.5787970217778
9863,473.5787897321918
9877,473.5787408788812
9884,473.5786506816571
9898,473.5786395964502
9913,473.5786059712204
9935,473.578538520884
9963,473.5785260819769
9996,473.57851394470595
10006,473.57848843444833
10020,473.5784297390932
10040,473.5783597386602
10058,473.5783413232381
10075,473.57830399124856
10098,473.57828800152623
10108,473.57821196341325
10125,473.57819177018695
10143,473.5781344475146
10172,473.57808048461015
10197,473.578077540568
10224,473.5779921593859
10247,473.57797589612744
10264,473.57792273781735
10274,473.5778811760793
10288,473.5778787636199
10314,473.57778655202395
10341,473.57775420450866
10352,473.5777020028379
10375,473.57770026735426
10393,473.5776812898332
10399,473.5776718699035
10403,473.5776321031325
10425,473.57762823168014
10432,473.5775577994788
10450,473.5775277633912
10465,473.57750116297206
10467,473.5774747183861
10478,473.5774457863473
10485,473.57738323683503
10499,473.57732698607407
10546,473.57732458331094
10547,473.57730241263414
10557,473.577298353843
10570,473.57729756964187
10571,473.5772916803491
10574,473.5772701791227
10579,473.57722834309345
10620,473.57720289218304
10621,473.57720155701696
10646,473.57711024080425
10647,473.57707903483606
10648,473.5770763369066
10709,473.57706551358785
10715,473.5770483614745
10742,473.57701360900575
10748,473.57699757412826
10842,473.5769842411733
10865,473.5769771705235
11065,473.5769771418094
11715,473.5769770996462
11915,473.57697709237846
14415,473.57697705766543
