Evaluations,Fitness
1,777020068.6174767
4,702710809.8102714
5,551757121.8960997
61,352405746.6920388
65,242105568.6592192
134,189658043.10332412
135,185324243.0459006
166,159354404.0735916
171,130343276.5391873
173,109794323.75934656
229,92417998.71368319
231,81380787.04121919
240,48793429.900797956
327,39573264.12380015
354,31479120.0291259
385,30766456.750326753
430,25679727.890947063
432,18537955.323319864
466,17140040.26157053
515,15802669.186082143
517,15598692.45354772
518,13673305.977028014
540,12575315.167096123
580,9791559.623181941
631,9392788.758176865
640,9067980.432998437
681,8986380.607430762
704,8976823.74799724
710,8904994.319865214
716,8698602.229562273
717,8313208.776351911
753,8276483.757031435
756,7453433.427949671
805,7069433.263411415
814,6940477.119108837
839,6934303.95755486
847,6663034.298049819
848,6209536.923021812
858,6022159.319463076
864,5746110.650580982
917,5637935.537978618
922,5583641.307994922
964,5543507.026371434
985,5474777.97903603
1006,5450658.078002337
1029,5448871.65733573
1034,5276600.001925812
1039,5025358.664993052
1077,5019264.6186501775
1084,4759231.303332106
1143,4701481.721024925
1145,4684494.924680855
1158,4634056.913591585
1188,4541971.083215107
1220,4490617.15172068
1263,4471432.649244244
1279,4441656.853583717
1280,4425496.640173267
1297,4400088.940705134
1314,4347235.999201502
1323,4345053.263525845
1329,4340968.933779098
1333,4309721.017452094
1342,4260232.221333795
1370,4191316.802046179
1392,4146562.7023746087
1412,4127499.680901548
1442,4089232.1812399756
1450,4076089.4472565157
1480,4057979.3944118447
1528,4024433.0694205626
1537,4021176.797397702
1543,4015564.450416729
1565,3990891.1742897867
1586,3981589.245345568
1587,3969398.932587357
1622,3925829.135224441
1656,3918313.3396758186
1678,3907439.071370917
1724,3900293.1566082933
1728,3891589.2164592296
1746,3877965.162556968
1749,3875891.074298104
1751,3868449.176853475
1787,3867490.142551289
1796,3845659.4370299657
1799,3841553.164285581
1801,3833664.6582584586
1826,3831028.6489343634
1837,3808388.075764846
1849,3801078.1085060765
1879,3787693.417745614
1905,3773166.561430566
1929,3760026.015895128
1934,3747936.98584832
1976,3736728.323144007
1984,3730460.9238630272
2002,3729495.380751526
2028,3728829.735001681
2063,3718167.60736027
2078,3716346.2395021915
2088,3701854.1523917187
2102,3692914.842219667
2163,3688136.94170071
2204,3683595.7855474385
2205,3681283.2619650494
2228,3675514.094932122
2237,3668304.4361772966
2290,3662116.2898465293
2310,3656446.205385405
2349,3649282.274753001
2360,3646379.0903296573
2410,3644486.397504871
2413,3640409.5803277614
2466,3639541.3857003655
2475,3636507.961193649
2499,3635248.1308633424
2502,3635085.5997328847
2520,3630854.5230425037
2546,3629853.6616263855
2579,3629355.1511249766
2599,3629123.4927754626
2612,3628556.155520126
2642,3627966.240880063
2647,3625730.4518622817
2675,3625137.369136212
2693,3624604.9416068643
2726,3623864.985697491
2739,3622014.7419546144
2746,3621196.082045322
2773,3620163.977146741
2789,3617679.941103911
2807,3617402.6371985646
2815,3613704.4851050377
2843,3613384.4021117073
2882,3613328.8632583846
2895,3611611.1258846344
2913,3611329.129136946
2941,3609932.7751761903
2991,3608252.772083244
2995,3607465.3029789384
3008,3606532.2630854994
3017,3605857.468063139
3067,3604900.4584502876
3071,3604776.4276135294
3106,3604639.054744088
3108,3604600.666546555
3117,3603962.4726945073
3129,3603960.18951654
3139,3603694.6953315963
3158,3601999.6632637284
3163,3600770.445821454
3207,3600711.485266559
3213,3599683.0477337204
3257,3599433.1284295786
3267,3599029.6151805297
3269,3598057.224637837
3311,3597557.701152808
3317,3597100.7762443474
3319,3596909.0608404335
3342,3596556.690866655
3361,3596013.3763715182
3371,3595926.2136897026
3378,3595492.9320750055
3379,3595468.364715985
3380,3595229.5261705364
3383,3595052.9283384634
3393,3594979.2023859876
3406,3594880.1986856083
3454,3594128.312585878
3456,3594118.867118708
3497,3594035.0186056867
3520,3593875.379711511
3538,3593677.422272604
3555,3593512.0963810626
3568,3593085.1942866747
3587,3592923.873519775
3595,3592813.053992819
3616,3592711.1634808015
3619,3592478.3079708437
3637,3592012.686597289
3654,3591774.991481165
3670,3591372.003509057
3718,3591263.1256472324
3722,3591211.794782215
3729,3590995.7660207986
3732,3590958.736886353
3741,3590945.4150688984
3776,3590861.4856663244
3779,3590130.3246795237
3804,3590060.85944479
3832,3589970.011179256
3846,3589900.6246014563
3854,3589365.6890343856
3904,3589208.269581759
3946,3589043.776839851
3947,3588996.534642207
3954,3588910.5327785388
3955,3588625.394489435
4008,3588530.160018324
4032,3588350.388968613
4033,3588293.4075670764
4046,3588119.214898578
4096,3588098.7916541453
4099,3587978.6707142056
4125,3587927.4346726467
4149,3587834.607414945
4157,3587806.0246100742
4163,3587797.692162275
4193,3587727.2801650255
4217,3587584.9332607347
4245,3587576.281375175
4270,3587446.190013792
4275,3587394.920283499
4290,3587309.263778157
4307,3587305.898114777
4315,3587281.9298861595
4345,3587145.051781557
4382,3587055.790145211
4402,3586995.035366919
4405,3586955.544959025
4443,3586896.041822063
4448,3586887.446930353
4477,3586829.5918892743
4479,3586777.8151783207
4484,3586741.012323565
4493,3586702.738724079
4516,3586671.597310501
4527,3586664.6451123403
4557,3586587.268488103
4559,3586539.4420912806
4580,3586524.318725294
4607,3586519.14392975
4611,3586507.983280852
4612,3586457.4224989195
4616,3586440.9289179645
4651,3586392.657719443
4662,3586327.13278044
4721,3586267.951549598
4722,3586267.8263099133
4732,3586178.72730398
4764,3586165.1264485884
4772,3586157.95951261
4773,3586039.344986069
4782,3586015.6983274305
4832,3585994.486998213
4847,3585985.641460166
4850,3585969.97463836
4860,3585949.08087302
4871,3585922.7404072927
4874,3585914.595076994
4887,3585848.3213721006
4916,3585802.0015497045
4937,3585751.790880151
4938,3585706.78612317
4942,3585692.763431254
4943,3585692.2141532577
4960,3585655.947582184
4967,3585642.094612004
4973,3585587.469894177
4990,3585562.9996999525
4993,3585547.3437586376
5004,3585505.511518268
5017,3585479.4763266086
5043,3585392.275939777
5055,3585377.2854161416
5057,3585348.565930544
5064,3585310.5771773057
5077,3585246.284725734
5097,3585188.156233896
5114,3585151.3198306477
5115,3585083.553252872
5127,3584923.0486497674
5156,3584880.569892552
5177,3584714.632982994
5197,3584702.112013661
5206,3584639.1502362313
5211,3584638.5202116803
5217,3584589.056939143
5223,3584549.5004214216
5231,3584497.181142126
5247,3584435.2449368276
5261,3584432.306385198
5273,3584263.3793939142
5311,3584207.341826078
5313,3584027.222900203
5327,3583931.5158785717
5328,3583607.268007631
5351,3583449.8412500937
5378,3583160.453875089
5387,3583111.5088700373
5427,3582833.632760255
5437,3582796.962537092
5482,3582526.727660501
5496,3582514.833067053
5497,3582435.1963712336
5532,3582232.8153040535
5551,3581860.12580405
5601,3581830.1819530847
5605,3581796.4408237045
5633,3581572.8631811813
5664,3581569.4528380786
5694,3581557.862508119
5700,3581428.2317474
5757,3581426.1962242676
5786,3581409.0607337668
5800,3581403.1429368705
5812,3581395.4780401466
5842,3581359.5779396403
5850,3581347.602983445
5863,3581315.2845869255
5881,3581258.545393902
5912,3581256.7693098895
5913,3581238.512654317
5942,3581183.8293336723
5972,3581176.5212233034
5986,3581119.791532233
6019,3581077.0350611247
6051,3581070.3902921802
6052,3581059.2460383936
6055,3581042.690719031
6069,3581000.004133791
6097,3580986.832984425
6115,3580958.90935284
6131,3580909.8055836996
6155,3580897.2667345908
6162,3580887.279582192
6170,3580880.8686694526
6173,3580868.4120443026
6181,3580808.0298403017
6205,3580798.8524469333
6214,3580758.959011707
6231,3580700.9084323165
6234,3580683.235596031
6263,3580676.992141169
6264,3580676.787005605
6273,3580640.752536421
6277,3580561.877130157
6310,3580547.636692395
6327,3580474.9086007765
6331,3580460.5592587935
6339,3580460.137044179
6364,3580448.5475739217
6381,3580353.1723702117
6400,3580349.7708654683
6433,3580349.2133715944
6437,3580308.9427785357
6440,3580301.8227971643
6457,3580277.671068808
6507,3580260.689504663
6525,3580250.537092634
6527,3580222.0346812694
6533,3580168.931954802
6597,3580167.531081612
6598,3580136.715724104
6613,3580125.4531943384
6648,3580109.9183782935
6661,3580095.2258084756
6663,3580085.3204726675
6666,3580076.921831597
6691,3580066.3412934113
6698,3580044.8766672947
6709,3580034.6529096044
6711,3580019.677810356
6731,3580003.1771763996
6766,3579979.503802368
6802,3579971.904014402
6808,3579949.2309041074
6811,3579903.232467349
6862,3579892.204898841
6876,3579876.620086787
6878,3579864.145761446
6882,3579846.832683153
6899,3579846.443277803
6926,3579824.9416808095
6928,3579794.7122568456
6950,3579781.2625387926
6978,3579773.252805081
7015,3579756.999830873
7027,3579708.9536135867
7058,3579708.8950640038
7077,3579693.7305989633
7097,3579692.272099068
7100,3579687.3866669238
7104,3579675.7329791547
7125,3579670.436785777
7128,3579664.5374641316
7129,3579651.4631892736
7150,3579646.5627014283
7163,3579631.6199316466
7170,3579631.1215275787
7177,3579627.327482558
7191,3579611.1165514844
7202,3579597.8685835283
7213,3579593.559258487
7216,3579567.006987826
7261,3579554.761318803
7266,3579539.0488328896
7292,3579531.3453348703
7300,3579524.549354271
7316,3579516.844774149
7322,3579514.841138018
7329,3579493.661889554
7379,3579481.174595823
7383,3579471.5707220477
7429,3579463.504067474
7433,3579442.6300811
7492,3579439.7487971494
7506,3579437.71419109
7513,3579430.9733592207
7542,3579412.733595837
8142,3579412.63127012
8192,3579412.4822325897
10142,3579412.395974043
11692,3579412.161060087
11792,3579412.127578594
12292,3579411.957891323
12542,3579411.9004569794
