Evaluations,Fitness
1,958117.882627055
3,773597.4969619953
7,530181.9186038387
54,493487.08279719943
94,336382.17214843846
160,312829.3162187339
202,251705.16004608318
220,215000.8924242571
285,200023.01394311924
407,148271.0732772059
576,144114.8621681677
597,142689.44918153793
600,142014.0328981801
623,134711.01718153144
647,130014.09153304981
768,129854.96735631554
782,128976.4436065962
791,125828.6238583154
832,124767.06623338792
848,124477.87521739777
855,120718.17154883019
874,119063.14816869952
882,115248.85288304927
905,114553.35783520916
906,113417.18044580394
907,107982.02021719687
942,107365.85705417798
963,104185.47660238513
1042,102784.96995466451
1072,102763.12713766693
1133,102654.47117116168
1150,99739.8884742154
1155,99503.59751946275
1166,98220.3907984092
1187,97854.41138201929
1193,97320.06163209103
1273,95088.59845486368
1283,92360.99520033393
1293,91227.05864741205
1324,90872.92921148363
1420,89509.78899203749
1425,89407.19357354405
1441,88239.3191340596
1443,87503.65846225472
1473,87409.98414809737
1501,85970.78132701782
1523,85690.33652240815
1528,85407.07902955856
1529,84462.80943442829
1585,84054.21233255396
1591,83180.79767480906
1623,82921.23997736613
1626,82442.48470467693
1649,82408.69169217494
1673,81197.55840641168
1686,80819.89729448715
1697,80765.78366617314
1724,79755.86476841614
1744,79741.86903350352
1748,79377.36884642592
1749,79305.1735042177
1750,77722.09753946535
1774,77338.77656415995
1800,75974.56203807906
1842,75583.02292543865
1885,74489.99905976356
1886,74030.63003729863
1909,73147.18057006992
1920,72916.07982477466
1959,72585.1331289518
1963,71949.2828440136
1969,71385.90151897959
2019,71195.18587491458
2029,71103.003661062
2042,70563.0200435857
2065,70404.66974360016
2109,70175.89420420112
2110,69924.3243760108
2116,69667.95816246094
2165,69612.63836799005
2171,69483.27798200276
2186,69241.63677507317
2212,69092.25407192094
2217,69081.84217215098
2228,68681.69353102823
2231,68580.29900455564
2236,67939.24554860641
2299,67885.48091893786
2315,67695.75128733441
2331,67242.97437579642
2347,67156.95926545071
2380,66933.17792129431
2381,66715.81544952925
2403,66660.79748562035
2413,66602.64061602183
2430,66541.89420390004
2431,66398.94208503024
2480,66346.39466248052
2484,65695.77046295065
2486,65529.45069271515
2495,65356.83445732455
2500,65281.5113138297
2534,65144.28280249552
2538,65025.40026900733
2545,64982.152921522415
2562,64939.09350912846
2588,64720.21121868282
2636,64512.1025875917
2650,64384.66304019449
2671,64382.92293361423
2686,64144.109044297074
2710,64135.81005203337
2743,64115.47024774262
2759,63987.80423737131
2773,63815.74235255879
2823,63712.718906726914
2830,63692.16115469285
2837,63295.71821724699
2869,63251.518245375686
2901,63190.22389399992
2906,63107.741465912506
2940,62961.67636446399
2966,62926.48536244035
2990,62779.19611650698
3060,62702.52162764442
3099,62647.08187812116
3125,62619.95413543523
3133,62607.65265278228
3138,62589.56654898595
3156,62584.91906280543
3157,62566.24638659747
3160,62552.43404628363
3175,62494.727089610125
3180,62484.9450111383
3229,62478.685602661506
3239,62474.2831316481
3249,62428.49406438695
3252,62380.80131218026
3279,62374.8949298507
3288,62370.61177760329
3299,62338.00413679149
3304,62337.11449042324
3311,62301.97900650242
3337,62279.54510819916
3339,62266.019053953816
3361,62244.60010699866
3369,62242.71778290611
3383,62203.62462537536
3389,62200.20813382885
3406,62195.94209898672
3411,62165.10973724824
3433,62151.66153224728
3456,62140.420494600854
3461,62108.600420200295
3493,62104.133740388934
3511,62097.88294790199
3535,62090.80823959853
3539,62069.24630924782
3558,62067.70600252213
3561,62061.44649623507
3564,62056.885227029576
3578,62029.25505027886
3608,62020.75552217089
3640,62015.85789305376
3658,62000.432384175176
3683,61998.680632402575
3686,61989.29675721377
3695,61988.406700441905
3708,61986.05600953089
3714,61980.8719947725
3740,61975.459372271456
3751,61974.19131311441
3753,61972.068067151646
3756,61964.63650097947
3782,61957.28226253476
3799,61951.07303729515
3844,61943.63036573961
3860,61934.1242973714
3862,61921.07277279251
3912,61912.3567338748
3922,61911.46627032089
3929,61908.38711220233
3953,61904.5467572261
3962,61898.37932453952
3975,61892.27826484153
3979,61879.39991202498
3981,61878.71345951081
4024,61878.272851378955
4031,61867.68191681912
4040,61864.796437126395
4052,61863.35575936765
4084,61861.72973020488
4095,61852.26186225047
4141,61851.86159138442
4142,61849.67413077211
4145,61843.46016068949
4153,61842.55023553705
4180,61841.15547039493
4181,61840.444639873196
4185,61831.794033275546
4200,61830.43377847799
4202,61827.45223723124
4207,61823.140865191104
4230,61813.07551568935
4280,61806.885382632936
4330,61801.29438082362
4381,61798.217104846226
4383,61793.567340847156
4431,61792.86780225361
4433,61791.57291108124
4467,61791.07842600016
4487,61790.0527506329
4496,61788.69629220471
4508,61787.680291649565
4514,61787.126292701396
4528,61786.05330128407
4533,61784.63488399751
4538,61783.44367576445
4583,61780.87111874854
4598,61777.20446027352
4642,61776.48374479778
4659,61776.04699516578
4664,61774.617474965904
4692,61773.17313107053
4704,61772.509068663174
4709,61771.88344235966
4711,61769.98508578763
4735,61768.87555643451
4754,61767.00443051344
4775,61766.33362468432
4792,61765.19503517616
4816,61764.505429213415
4827,61763.43523058972
4857,61762.90837268609
4866,61762.136068113934
4870,61761.356794069696
4887,61760.33765855747
4916,61760.19230355782
4920,61759.521243409945
4925,61759.50615097443
4929,61759.09043681293
4930,61758.126458994055
4942,61757.80060538171
4972,61757.554355015636
4973,61757.32349604409
4979,61756.9815531898
5009,61754.344511892275
5059,61753.457341453
5071,61752.13035371
5078,61750.6551167054
5121,61749.95575676268
5157,61748.74888437646
5171,61748.5771352789
5180,61748.32361116556
5209,61748.04078072319
5225,61747.61764386935
5230,61746.853555758884
5269,61746.82160403155
5271,61746.2967564783
5275,61746.0915650314
5280,61744.941989216604
5291,61744.525656386264
5297,61744.46532852667
5302,61744.28041904203
5304,61744.23057615022
5312,61743.62258074937
5330,61742.06450258158
5354,61741.594648340855
5397,61741.17497847875
5399,61740.66171344159
5454,61740.03303612587
5457,61739.85154875987
5483,61739.824128645254
5504,61739.12841264025
5524,61738.74473563571
5537,61738.56461357918
5555,61737.973168912315
5574,61737.29311450424
5615,61737.08653401368
5626,61736.84077121648
5637,61736.381511431166
5673,61736.12314763584
5684,61735.92039121431
5695,61735.13089175068
5707,61734.73913800488
5714,61734.5082733398
5723,61734.3940862095
5743,61734.01719261235
5745,61734.0163556793
5773,61733.765403911224
5782,61733.41428485763
5798,61733.20871795068
5811,61733.098146752236
5835,61733.04904361587
5848,61732.33645796549
5885,61732.09563098558
5898,61732.01743172773
5899,61731.71132565607
5904,61731.0788751916
5935,61730.588769781316
5949,61730.396041678134
5973,61730.09141687436
5998,61729.87486971783
6008,61729.520065230754
6031,61729.081569935566
6081,61728.64726822086
6108,61728.30686016301
6121,61728.16228171808
6135,61728.133028677854
6138,61728.09711065034
6142,61728.09702905109
6159,61728.05632963885
6166,61727.98464498988
6171,61727.80999949516
6172,61727.74113676021
6188,61727.33302863134
6197,61727.110489713676
6221,61726.89743317418
6266,61726.76106560472
6267,61726.66052250476
6276,61726.55766043367
6278,61726.39881860494
6287,61726.365457562846
6321,61726.248724920035
6328,61726.24497076261
6329,61725.976362396774
6373,61725.955844679935
6379,61725.87861901456
6385,61725.771604520545
6402,61725.65842213922
6411,61725.54633284116
6421,61725.12400505971
6425,61725.0893591277
6440,61725.08790028081
6443,61725.02100685481
6472,61724.51767509649
6485,61724.33502795051
6494,61724.312594115094
6512,61724.046491419176
6545,61723.95434658443
6547,61723.847924406626
6562,61723.77885255891
6582,61723.401212702425
6590,61723.38489447383
6603,61723.32217917166
6611,61722.90831034361
6685,61722.77666588506
6690,61722.69399140111
6691,61722.62882317934
6699,61722.27309186591
6745,61722.193046453765
6753,61722.17402879281
6763,61722.13977816659
6780,61722.136929901004
6793,61721.99986475962
6800,61721.963284948724
6808,61721.91988536281
6836,61721.857296044276
6845,61721.691460283786
6867,61721.53187366374
6875,61721.39082716416
6897,61721.324032364355
6939,61721.154475134674
6980,61721.08059788903
7018,61721.071483329135
7030,61721.05598363506
7059,61720.991086938695
7067,61720.91582859831
7073,61720.80183227096
7101,61720.80159386065
7117,61720.76589848084
7128,61720.76096283013
7146,61720.640734465785
7156,61720.634455376945
7167,61720.61888226904
7185,61720.55447285771
7188,61720.49412999745
7201,61720.4761193916
7211,61720.4241097681
7214,61720.34752985071
7241,61720.247777274264
7261,61720.161437891475
7264,61720.13571137047
7284,61720.06067790366
7291,61720.05687282192
7314,61719.95263862297
7334,61719.90385511194
7340,61719.743845354824
7363,61719.74222086013
7390,61719.70611380492
7402,61719.64792205146
7421,61719.607326665086
7452,61719.57159181685
7454,61719.524007514505
7455,61719.47121755641
7458,61719.43558730522
7469,61719.30971778407
7471,61719.25309528057
7490,61719.214790641054
7520,61719.20692585999
7521,61719.133975252436
7527,61719.12347646187
7530,61719.04072526258
7555,61718.86436250289
7578,61718.852114315385
7580,61718.8378315862
7590,61718.676809507546
7604,61718.67544176428
7608,61718.493581780225
7619,61718.190936410865
7624,61718.14847690984
7640,61717.93644795439
7697,61717.73010144476
7736,61717.69200876609
7747,61717.58466692716
7758,61717.561669373266
7769,61717.53835971237
7805,61717.477893930314
7807,61717.42967948439
7812,61717.411793537394
7858,61717.377176094065
7866,61717.28793078104
7874,61717.22303862501
7923,61717.105745709494
7924,61717.09383773804
7950,61717.04590242341
7966,61717.03482122961
7973,61717.0236344728
8002,61717.0190726692
8013,61716.95559283807
8021,61716.94461776701
8050,61716.939184035866
8071,61716.90925066844
8074,61716.840735868296
8085,61716.839537636464
8091,61716.78065267413
8097,61716.77165884114
8147,61716.69840717879
8156,61716.69833433294
8159,61716.69229642425
8164,61716.66961821093
8165,61716.59209770763
8199,61716.58428450362
8215,61716.57930961999
8219,61716.56953837193
8231,61716.56322482309
8239,61716.509749366654
8242,61716.49792109547
8269,61716.462883159475
8280,61716.42846139235
8298,61716.42446242716
8314,61716.41844153695
8319,61716.41800926508
8321,61716.37955193059
8340,61716.35562938687
8359,61716.3247208457
8409,61716.284162846765
8426,61716.276026500775
8432,61716.259838071055
8441,61716.24724081958
8459,61716.23255167817
8460,61716.218228277496
8464,61716.19009869226
8480,61716.18686656655
8498,61716.1638147664
8513,61716.15189576271
8521,61716.11856764528
8530,61716.110035651065
8554,61716.10322679961
8583,61716.092030969725
8588,61716.08677229184
8602,61716.08484922388
8608,61716.011343808575
8613,61715.98743003131
8655,61715.97529756843
8663,61715.93084048459
8665,61715.91962099393
8704,61715.911230322556
8708,61715.89238602812
8709,61715.86164049251
8719,61715.8333480539
8763,61715.81114109785
8769,61715.75155948342
8782,61715.73763433641
8793,61715.71125144721
8826,61715.70276139727
8831,61715.69171129666
8839,61715.680253040315
8843,61715.63728736271
8889,61715.604781351576
8920,61715.59303245391
8939,61715.5894759928
8961,61715.58499057218
8968,61715.55767299591
8982,61715.54428052375
9018,61715.54074808815
9021,61715.53259902272
9037,61715.52484450208
9042,61715.51467824101
9045,61715.47914299779
9069,61715.44278781522
9071,61715.41402613681
9092,61715.410142371344
9126,61715.38443595483
9143,61715.37735761584
9154,61715.34548904694
9174,61715.333200413894
9192,61715.32519738838
9204,61715.31616422778
9214,61715.3146096003
9242,61715.30695275877
9257,61715.305868629344
9270,61715.304656394335
9296,61715.290124848696
9307,61715.281639002365
9322,61715.267692118025
9359,61715.25822886236
9381,61715.257859848396
9386,61715.25483797261
9393,61715.23332029243
9418,61715.21578996727
9436,61715.20906121739
9468,61715.19330201921
9538,61715.18765674365
9549,61715.18296505172
9553,61715.17876723743
9556,61715.17291204621
9567,61715.15892107896
9572,61715.14925330861
9588,61715.145158404004
9593,61715.13298382602
9622,61715.132876309915
9629,61715.12321362172
9638,61715.115740291265
9639,61715.10785739736
9675,61715.10454187893
9688,61715.08547505957
9700,61715.08489967924
9709,61715.08406229237
9725,61715.079832452364
9740,61715.07929962827
9751,61715.07698579438
9753,61715.07245976011
9772,61715.07200303689
9775,61715.061784366175
9779,61715.05851306609
9818,61715.05842078498
9822,61715.05392671654
9825,61715.0426965199
9840,61715.03036893993
9846,61715.022555375625
9883,61715.015799848254
9901,61715.001675154956
9950,61715.00102589339
9951,61714.9948006028
9956,61714.98685219625
10001,61714.98483194532
10009,61714.971066038066
10023,61714.963846851155
10060,61714.96099861005
10070,61714.959764214786
10087,61714.945687243475
10116,61714.944605326884
10128,61714.94043598136
10170,61714.93027440969
10178,61714.9271378758
10187,61714.92472296451
10200,61714.92468182069
10214,61714.92241463044
10223,61714.91858357093
10237,61714.912308353625
10273,61714.90822208927
10275,61714.898238523936
10291,61714.893485193104
10304,61714.89004650815
10340,61714.88961259019
10373,61714.882298553945
10398,61714.876929577105
10402,61714.8715164176
10403,61714.86622720673
10440,61714.86235243729
10468,61714.85756627428
10484,61714.85558178137
10500,61714.84973254129
10524,61714.8476944868
10529,61714.835658794036
10534,61714.81810858728
10579,61714.81545201456
10593,61714.81544727202
10600,61714.81295723099
10601,61714.809103004256
10614,61714.80759563317
10616,61714.806980994006
10643,61714.798241665405
10680,61714.7935046466
10698,61714.78877865177
10700,61714.776028861845
10793,61714.775025852665
10815,61714.77370815004
10825,61714.77184581318
10832,61714.77175928148
10838,61714.771052406904
10843,61714.76609819
10850,61714.7654037729
10853,61714.765265550624
10854,61714.761797339605
10867,61714.75955048975
10893,61714.752743477744
10941,61714.75050961517
10943,61714.749491240305
10956,61714.74584004275
10993,61714.74258528414
11033,61714.74134730302
11041,61714.74061242951
11054,61714.73895183479
11055,61714.737922726155
11068,61714.73653514346
11081,61714.73619441995
11093,61714.733746259626
11095,61714.732623771044
11118,61714.73076745575
11136,61714.72797696793
11157,61714.72773294275
11158,61714.724990020266
11186,61714.72360895702
11193,61714.7229572757
11204,61714.721105922064
11243,61714.72108187213
11254,61714.719817373494
11260,61714.71804728263
11265,61714.71803832268
11285,61714.71762961728
11318,61714.71656662546
11325,61714.71593936733
11335,61714.71401624528
11349,61714.71382842534
11368,61714.71318683196
11383,61714.71233007563
11395,61714.71230341501
11397,61714.71185671764
11399,61714.710547518625
11421,61714.710547267015
11442,61714.71038552672
11459,61714.7088395451
11466,61714.7081050414
11467,61714.70644935481
11492,61714.70615301556
11533,61714.70296146823
11575,61714.70248469883
11588,61714.70245986718
11604,61714.701891124125
11612,61714.701855890045
11628,61714.701261175105
11638,61714.70109086685
11657,61714.7005153863
11664,61714.699532637256
11668,61714.69865159763
11675,61714.69844720449
11688,61714.69825565466
11701,61714.69800740127
11718,61714.69772229315
11725,61714.6975421381
11738,61714.69661773037
11741,61714.6954624047
11763,61714.69532665991
11772,61714.69525774967
11775,61714.694457955615
11809,61714.69350427554
11815,61714.69243118032
11822,61714.691832613404
11858,61714.69168126471
11872,61714.69103082306
11890,61714.689559334875
11922,61714.68741672433
11972,61714.68734960488
11986,61714.68644380698
12006,61714.68643685046
12007,61714.68590214209
12033,61714.68555786018
12078,61714.68541338285
12083,61714.68471653617
12093,61714.684692850664
12104,61714.6845438413
12110,61714.6841414078
12137,61714.68405362157
12139,61714.68320172132
12164,61714.68273025783
12218,61714.68261897902
12236,61714.682570683064
12237,61714.68232504603
12239,61714.68208854647
12242,61714.68201494968
12264,61714.681782805244
12292,61714.68148051841
12325,61714.68141449013
12342,61714.6805725391
12387,61714.68035203137
12392,61714.68032892096
12405,61714.67991868559
12442,61714.67978120232
12455,61714.67930833749
12505,61714.679263016624
12546,61714.6792337118
12567,61714.67923305865
12570,61714.679207710455
12573,61714.6792062502
12575,61714.67912276126
12580,61714.67894038834
12605,61714.67879800526
12608,61714.67858282126
12673,61714.67838640599
12702,61714.67832437471
12708,61714.67829353123
12727,61714.678226963784
12743,61714.67818599047
12769,61714.67808241523
12779,61714.67804959448
12800,61714.67786030282
12840,61714.6778224913
12850,61714.67770778387
12866,61714.67769809488
12885,61714.67764712172
12910,61714.67761701285
12918,61714.677611958476
12924,61714.677501242215
12939,61714.67744664735
12952,61714.67737941782
12968,61714.67735239123
12974,61714.67729763326
12977,61714.67729093378
12994,61714.677222040744
13005,61714.67720098814
13015,61714.677142979395
13020,61714.67712256961
13040,61714.67706116536
13044,61714.676970473876
13090,61714.67679994072
13133,61714.676785817224
13162,61714.67675072152
13166,61714.67671783565
13188,61714.67671475776
13212,61714.67670277216
13222,61714.676667344545
13258,61714.676649664056
13262,61714.6766362764
13274,61714.67662834194
13278,61714.67662831393
13283,61714.67661353894
13293,61714.6765973224
13302,61714.676571693104
13312,61714.6765399009
13362,61714.676476138295
13394,61714.67646620142
13395,61714.676463950265
13427,61714.67645630042
13435,61714.67643267004
13453,61714.67640761199
13473,61714.676390776294
13496,61714.67635203082
13560,61714.67631222709
13605,61714.67630134419
13610,61714.676278634
13649,61714.67626523588
13660,61714.676259794265
13683,61714.67622258485
13706,61714.67620980499
13714,61714.67620521796
13723,61714.67620107576
13724,61714.67619977218
13735,61714.67618702685
13743,61714.67618168865
13745,61714.67617854038
13752,61714.67617248921
13774,61714.67615759674
13776,61714.67614928298
13788,61714.6761302117
13845,61714.6760894865
13874,61714.67608223913
13893,61714.67607309775
13902,61714.67606786055
13935,61714.67606118515
13940,61714.67605440041
13950,61714.67605298115
13969,61714.67604977263
13970,61714.67603202055
14007,61714.67602455566
14009,61714.67602051198
14014,61714.67601970428
14020,61714.6760026562
14060,61714.67598497911
14074,61714.675959756634
14087,61714.67595891531
14093,61714.675954832746
14095,61714.67594949377
14096,61714.67593592793
14131,61714.67593274328
14145,61714.67592771739
14146,61714.67591796336
14181,61714.67589570703
14192,61714.675892470186
14196,61714.675887201585
14201,61714.67585528196
14285,61714.67582992336
14331,61714.675828427775
14335,61714.67581138837
14367,61714.67580217312
14387,61714.675788058026
14437,61714.675777623896
14445,61714.675765422726
14509,61714.67575976189
14526,61714.675754560114
14555,61714.675754218195
14626,61714.675752765084
14639,61714.67575213213
14663,61714.6757514268
