Evaluations,Fitness
1,2457.3344022991805
10,2186.6347894723713
20,1940.313505933683
52,1877.84873756815
76,1832.2139753918127
81,1796.5415501876091
82,1688.429097622797
85,1508.1731893035765
91,1453.165149566659
127,1298.3273238950096
141,1106.1340800037954
169,1094.5416147811136
204,1025.2557048707647
220,978.182558441127
231,850.4697241478339
288,843.7264854794109
291,808.0853931696547
319,790.2760594862947
325,780.7476334188365
342,719.0505115180749
352,716.1260125908842
380,715.140824434386
384,710.1278751645879
406,676.8516383453726
458,664.2219734712814
470,656.5469015071659
507,643.7225495960906
514,642.578824869003
522,620.9916747544424
528,615.3609418301793
539,609.7041344023895
563,574.2680432033588
638,569.9268964335391
648,569.5574677311864
650,566.7813172068959
668,549.3715173005355
704,545.1945663278364
741,543.1194266637028
743,542.9241307886349
754,530.3246422460461
793,528.9527438768332
800,526.9199151978123
804,521.1433352033575
854,513.4716249375781
930,513.3548955562009
942,508.34236747065404
946,505.18721901900255
997,498.0874726272401
1043,497.45312422555673
1044,496.76407188643077
1048,494.5451859491908
1075,489.0045602339355
1093,485.87711920784346
1143,483.35785364996
1168,481.0366618571628
1205,480.1321459137682
1218,477.0778974410387
1230,473.771795050156
1280,471.238043552807
1308,469.77549669968465
1330,467.70572726505355
1390,467.63735166869253
1392,467.5633929829346
1403,467.1693200034263
1416,466.64726548002676
1422,466.16656134805885
1452,465.27265764492114
1453,464.8893866242675
1466,464.1964472311795
1491,463.8568692264631
1492,463.1165148997612
1493,462.5142330943237
1496,461.65691977176687
1497,460.84464202358845
1543,460.1051077642895
1546,458.1736347903286
1554,457.6845964264902
1602,456.22711560652283
1611,455.7868542785475
1638,455.5304255154329
1646,454.95331888097024
1652,454.7575631825907
1658,454.5354568487785
1708,454.2293461702876
1717,453.93357390479576
1746,453.7797461486938
1752,453.42484488086376
1765,453.3713444986486
1771,452.5104638319013
1773,452.3460457549126
1797,451.88289242694054
1821,451.4832730520244
1851,451.1829365601797
1865,451.1219246114019
1871,451.12000404755634
1872,451.0791133205266
1886,450.80029648165385
1889,450.3317749833496
1923,450.1970475945688
1930,450.0023524535937
1939,449.8239071485301
1956,449.3321941489471
1988,449.2709797537153
2006,449.18192284822015
2007,449.0293688722905
2030,449.00841059711024
2038,448.9799080182566
2067,448.30218164941107
2076,448.27388358839016
2085,447.631488244908
2154,447.216187242893
2162,447.140986277479
2185,447.01298889092624
2198,447.0115680960213
2204,446.99481718942366
2212,446.73325198715486
2254,446.70385082839147
2276,446.30191096161064
2284,446.1327772306748
2304,446.02922881163386
2316,445.935996675139
2334,445.8046156504297
2335,445.6783050355181
2398,445.55368450448725
2420,445.5067244365952
2421,445.40751659226436
2466,445.20534947997317
2505,445.18236994775015
2509,445.1211322727054
2516,445.04900873263597
2520,444.982218776497
2559,444.95424854496144
2590,444.8967585529567
2613,444.8775061839765
2659,444.7379317568979
2693,444.7357617363909
2709,444.6583873728309
2734,444.5931160521492
2735,444.5285986071318
2773,444.4738808630305
2776,444.4628425537536
2785,444.44760889977846
2795,444.41844007186404
2823,444.36162501763357
2851,444.3248162167044
2853,444.3209067626907
2876,444.31874092973067
2886,444.266107693333
2902,444.2559876275078
2908,444.1748178147134
2965,444.1604545868601
2967,444.1459929609454
2973,444.1305654502853
2979,444.1245390909711
3023,444.079540934415
3026,444.058414782079
3035,444.04229195926484
3042,444.04204426369046
3065,444.03814318883394
3079,444.0083318211443
3092,443.9865449074273
3117,443.97516884605994
3128,443.9511631231693
3153,443.9193707723878
3179,443.9139325218882
3198,443.90858146304885
3208,443.8960245204463
3217,443.8695694262023
3265,443.8649314209979
3267,443.86067726078164
3279,443.8366790949411
3311,443.8346397021826
3317,443.83052323937403
3323,443.8214133710348
3328,443.7939458673678
3351,443.78949214007594
3354,443.7815934806459
3368,443.759586014453
3373,443.7051624396183
3405,443.68377631189975
3428,443.6534238427521
3455,443.61513876315956
3505,443.5904674432662
3547,443.580362701028
3558,443.56113371843225
3564,443.5564670571788
3571,443.5469852773523
3620,443.54469471535174
3623,443.54457010641414
3624,443.5221609756269
3633,443.5103426890699
3670,443.5003297170358
3674,443.4859546661969
3681,443.4729987747859
3731,443.47109805202723
3733,443.4672938213571
3736,443.4525215104557
3738,443.43770188879324
3775,443.42879629658125
3792,443.4107300334868
3795,443.394685908713
3825,443.3935625333929
3830,443.3804783020431
3839,443.3736889158286
3881,443.3553324888953
3893,443.35127550307504
3931,443.3274681046823
3967,443.3090857948651
3987,443.30835276029535
3998,443.3026453635524
4040,443.2931009134143
4051,443.29086969630026
4056,443.2760155553657
4082,443.2744637527872
4098,443.2709279101768
4106,443.2647684592866
4121,443.2602631385303
4132,443.25874130047777
4154,443.25058027343357
4189,443.25026091683424
4204,443.24689839150295
4206,443.2458730778986
4222,443.24508025138874
4226,443.23902514922753
4232,443.23374569739536
4256,443.2307655117399
4264,443.2299806248837
4288,443.22969135897756
4289,443.22653433697263
4304,443.2243593507479
4307,443.22211261207144
4315,443.21978870120023
4320,443.2110463056293
4339,443.20630657919196
4389,443.206204948071
4404,443.2029914344813
4408,443.2014473232078
4413,443.2009126954182
4415,443.19987194090595
4438,443.19134196417946
4439,443.1893098452787
4468,443.1875666214122
4488,443.1837701089472
4492,443.1828431520369
4515,443.18283123115685
4533,443.18058786096685
4538,443.1783518198274
4544,443.1778549315121
4547,443.1749868136403
4552,443.17465402864315
4559,443.17292132603507
4593,443.17291549201656
4602,443.1718150590923
4636,443.1698495175031
4637,443.16982685013215
4640,443.16853123448794
4643,443.1636701672747
4655,443.1594360139747
4668,443.159237504018
4675,443.15860733809416
4705,443.15484999970795
4713,443.152722352899
4755,443.14790700652463
4768,443.14552260581604
4809,443.1442926124831
4813,443.14331782013346
4819,443.14244629685794
4825,443.14208640182676
4830,443.14125846621454
4834,443.1410318089982
4846,443.14008131199245
4867,443.13967482026317
4869,443.13882077567774
4875,443.138755734728
4880,443.1365441266251
4883,443.1349385908646
4901,443.1322751763933
4917,443.1317284835535
4919,443.13161435906665
4941,443.13155000310064
4948,443.130662667287
4964,443.13041313252995
4967,443.127952394178
5017,443.12659059238655
5066,443.12658120563503
5079,443.12586500379314
5081,443.1247232850117
5087,443.1220630079894
5137,443.12076287725876
5158,443.12006766341125
5187,443.11862685302725
5237,443.1181055802002
5245,443.11773936136973
5263,443.11651872307414
5265,443.116376908225
5274,443.11547945351913
5313,443.11544559003283
5315,443.11479255779875
5317,443.11462643163156
5345,443.1144587060573
5350,443.11436372096125
5357,443.1142543113003
5371,443.1141689322451
5378,443.1136518513312
5404,443.11329940601775
5405,443.1132601458635
5418,443.11312691234576
5421,443.1128893778324
5447,443.11287794433457
5471,443.112677279295
5497,443.11247116805833
5521,443.11234599290503
5538,443.1122170010394
5543,443.1118525852226
5544,443.1117790645229
5594,443.1117556492244
5598,443.11142358686243
5612,443.1109688772079
5647,443.1108703614766
5654,443.11085847195784
5666,443.11055177779707
5694,443.1104354680888
5704,443.1099189154257
5736,443.10978960565154
5753,443.1096215059136
5754,443.1094001543517
5786,443.10930934876853
5803,443.1092684280869
5805,443.1091081435398
5808,443.10908212608035
5812,443.10880351697347
5825,443.1085146296583
5836,443.1084859841558
5855,443.10813762521394
5862,443.10810359952546
5875,443.1079978996577
5912,443.10758595349347
5936,443.1073649009133
5972,443.1070732706439
6006,443.1068339987541
6017,443.10673402231384
6022,443.1064461028212
6034,443.1062960677639
6062,443.1062231553163
6086,443.1059763991934
6088,443.1059335056252
6092,443.1058416586486
6094,443.10561217775484
6116,443.1055901973958
6142,443.1052601208091
6155,443.10519106177884
6156,443.1049178149492
6192,443.1046998603384
6218,443.10431324365464
6244,443.1042105951043
6260,443.10407037152345
6294,443.104059870164
6311,443.10393737501687
6312,443.1038084198055
6349,443.1037154295985
6375,443.10365742075777
6399,443.1034887845738
6449,443.1034488498051
6458,443.10335968720574
6499,443.1033102310682
6501,443.10327731704956
6508,443.103267802704
6541,443.10326496252225
6549,443.1031641016014
6551,443.10301136455166
6612,443.10297967460025
6614,443.10295245666947
6630,443.1029080518555
6645,443.1028531590123
6651,443.1026933132331
6727,443.1026884350318
6738,443.1026155357936
6751,443.10259240752004
6768,443.1025152566782
6818,443.1024434605308
6838,443.10244185088277
6874,443.1023766925417
6879,443.1023664592144
6888,443.10236490869096
6889,443.1023442710073
6912,443.10234155754426
6924,443.10230310924084
6954,443.10229951225
6964,443.1022894856918
6967,443.10225004827157
6991,443.1021980566601
7026,443.10218372197824
7041,443.10218288277844
7048,443.10217681402696
7068,443.1021619301393
7079,443.10215429498425
7086,443.10211789297824
7139,443.10210103951135
7141,443.1020831847459
7142,443.1020741624621
7176,443.1020711053922
7191,443.10205059833095
7200,443.1020465084284
7201,443.1020255534447
7222,443.10201211052555
7226,443.1019939421545
7250,443.1019777903668
7276,443.1019764402912
7285,443.1019633199791
7300,443.10195702943184
7308,443.1019307314423
7325,443.10191353352974
7358,443.10187850268164
7392,443.10187418106517
7402,443.10186344316156
7421,443.101844868916
7444,443.10183793355293
7450,443.10182483774895
7484,443.10181856987003
7494,443.10181110622295
7512,443.1018090936104
7513,443.10180337388783
7530,443.10179998253716
7534,443.10179774461386
7546,443.10178095391416
7584,443.1017701987317
7629,443.1017544310121
7666,443.101753494942
7669,443.1017530388305
7679,443.1017452627688
7684,443.10174170546213
7709,443.101733112524
7711,443.10172818608004
7724,443.1017277275971
7730,443.1017189673924
7759,443.1017172611634
7766,443.1017079471318
7773,443.10169603957706
7785,443.101677838737
7828,443.1016776240642
7835,443.1016759963312
7865,443.10166677631884
7915,443.1016504022217
7924,443.1016461396935
7950,443.1016426566833
7979,443.10163389390084
7995,443.101632621312
7998,443.10163119143493
8011,443.1016207855435
8029,443.10161561709293
8049,443.1016156134528
8055,443.10161252478
8094,443.10160747192305
8096,443.1016073915345
8117,443.1016068099021
8129,443.10160676812643
8136,443.10160067815633
8144,443.1015953123363
8160,443.10158201560023
8223,443.1015770220129
8241,443.10157673709756
8253,443.1015765520758
8260,443.10157539769784
8275,443.10157273150384
8422,443.10157216827594
8522,443.10157090554327
8572,443.1015708456072
9822,443.10156895591626
11422,443.1015687964482
