Evaluations,Fitness
1,6443165.532875
3,5969904.439915
6,5626721.071191
11,5399279.309106
13,5073870.529775
18,4863574.055650
25,4760420.189611
30,4451502.685235
65,4314740.296599
74,3688388.244138
199,3688348.770542
326,3685410.038288
353,3673229.404307
373,3429322.734299
1054,3425150.412857
1268,3366252.801622
1360,3366004.108624
1699,3337204.006874
1776,3208336.337580
1810,3192157.149523
1813,3094416.439060
1949,3074926.619567
2053,3071899.871228
2199,3071847.725841
3199,3069199.334255
3334,3060333.627805
3949,3012152.086085
4092,2961152.598789
4304,2934751.810972
4777,2916569.143540
5043,2909200.665337
5199,2908416.066286
5263,2907944.856279
5571,2650885.130809
5949,2595945.394358
6074,2578385.725043
6199,2544982.578354
6449,2540271.706592
6834,2490807.894711
6848,2487814.590228
7199,2374593.314129
7449,2371747.018636
7537,2363477.918981
7614,2361698.949739
8043,2353988.502309
8067,2311337.317981
8270,2297602.700158
8290,2271370.910070
8345,2269773.826561
8449,2262186.238992
9199,2262123.424953
9370,2224077.855824
10259,2209203.149207
10318,2202745.411021
10761,2174388.987895
10809,2064061.660686
10949,2046411.509125
11261,2046404.378237
11334,2043778.366513
11949,2039961.319739
12088,2001205.984741
12099,1948968.490581
12125,1939009.369379
12563,1830077.568771
12699,1762242.645872
12758,1740614.058478
13354,1738888.116716
13449,1702690.833536
13557,1688395.732795
13570,1615964.599409
14064,1615935.683293
14271,1615654.258877
14449,1596300.265381
14854,1565308.270576
