Evaluations,Fitness
1,1564.47
2,1468.85
5,1409.29
10,1349.39
17,1316.37
21,1304.71
36,1290.45
37,1236.78
41,1214.48
49,1091.71
302,1089.29
674,1084.62
856,1078.66
1074,1073.82
1424,1061.13
1510,1035.42
1809,1019.78
2674,1015.09
2802,1012.05
2924,998.985
3424,992.819
3776,986.83
3924,977.156
4047,968.179
4424,966.819
4924,945.77
5174,930.91
5674,916.988
5825,901.988
6067,873.438
6078,848.84
6081,841.934
6537,828.478
7266,818.095
7674,816.864
7860,795.995
8606,795.76
8776,787.249
8789,785.99
9674,784.629
9781,783.481
9924,774.546
10532,773.487
10924,766.495
11924,754.706
12327,748.651
12424,746.422
12815,743.938
12924,742.544
13352,741.041
13818,738.432
13924,735.701
14103,733.359
14507,733.23
14542,733.221
14575,719.262
14591,716.173
14824,715.726
