Evaluations,Fitness
1,1563939010.515972
14,1389620626.888796
18,1098101103.844647
37,985562729.896597
65,785447670.698843
362,785424211.407004
573,777483347.098670
601,755879499.860057
691,737973672.435609
809,730323776.721168
814,679519674.549272
829,579001201.617683
912,568597525.465256
1014,548781543.627080
1064,542729308.154259
1088,487248093.330276
1117,469628197.153114
1591,435890457.307072
1617,435243860.032567
1797,434955693.927170
2042,425658640.044685
2408,425239025.186890
2504,423302025.279975
2510,422891025.694312
2578,420772230.171148
2624,420290696.779137
2785,417108257.444983
2799,373910770.882368
3235,373101796.874505
3258,371484410.725512
3375,352725298.169949
3776,352044809.019130
3985,350812848.794746
4030,350733131.779159
4079,348391444.838805
4111,345471820.576789
4368,345218334.023438
4522,343580008.238252
5564,324736154.773278
5658,315178628.117740
6107,312141229.354013
6158,304025035.253166
6908,302846491.599882
7110,291310456.870012
7518,277135900.066606
7610,259790216.746262
7847,258994547.962691
8082,258805986.428276
8658,256797991.610747
9049,256684474.132766
9408,255334778.804220
9549,253187918.139802
9804,249148015.631041
10061,249102541.964683
10314,246255318.303109
10375,246159701.035194
11060,244105396.189574
11123,237435668.999513
11360,237433899.926787
12408,236099514.678060
12658,232325098.182292
13123,230827228.612832
13408,230822609.880027
13787,225907344.471127
14581,221356237.856560
14794,220718548.803829
14856,217004356.761528
