Evaluations,Fitness
1,2093622948.746759
2,1749889858.756952
13,1526148493.637876
27,557561866.547517
344,509969885.466782
402,505891120.696108
541,504760131.287639
564,488989750.179944
856,481462679.642712
902,479505964.288156
1076,478627137.695553
1123,477589691.979634
1152,445258378.109755
1281,444985661.997512
1542,444769524.913594
1603,409442706.907838
1771,381035627.949029
1800,378391804.776050
1833,367855305.163271
1902,366911367.545087
2023,338862372.946756
2120,337994149.424227
2152,333238873.493021
2273,333183561.046491
2313,317351580.345958
2364,305153533.019709
2535,301598968.637344
2602,286644645.427255
2652,282294434.671223
2756,281948443.334117
2760,281701878.070701
2836,248715150.928897
2846,247876249.675026
3062,245889722.967737
3079,245771886.980433
3352,235763836.762080
3652,234118250.071621
3752,232554090.858747
3810,231558363.342956
3838,231531812.269655
4051,230277466.107680
4091,228845244.706993
4573,228740100.731079
4784,228728364.286490
5022,228072455.441041
5088,228070648.630383
5269,226279670.240546
5402,225608257.628627
5652,225333794.592374
5837,222002749.621112
6290,220571423.640400
6588,220439238.066870
7097,220367304.634875
7125,219846079.387614
7402,219639992.924236
7508,219385083.378445
7570,217411451.911450
7847,217362169.909739
7902,217286588.731366
8057,217224028.469663
8522,216656860.995234
8530,211585485.445610
9070,207962440.385715
9173,206138766.980228
9316,205320633.633348
9534,202914293.650291
9652,202568350.573429
9851,189842812.920699
9902,189534286.955234
10083,189519736.878852
10547,185241272.939343
10606,184688823.072492
11011,183402903.374084
11264,182561369.240790
11339,182459794.538224
11619,182419517.111296
11652,180874912.861875
12402,180813054.071190
12902,172690813.182490
13019,172316464.268002
13069,172195166.890744
13340,171937563.967234
13757,170676242.660557
13845,170489628.323550
13902,170460878.159377
14120,169897278.525689
14536,169338908.690194
14614,168181972.140190
14856,167461765.327964
