Evaluations,Fitness
1,1359.382464
8,1345.095033
29,1290.724819
31,1255.722399
48,1175.966544
766,1175.324435
923,1173.677587
1173,1158.421724
1423,1132.010817
1532,1130.617470
1552,1118.010636
2309,1114.508285
2352,1108.495600
2404,1096.444862
2673,1084.992598
2773,1076.097787
2957,1059.421858
3315,1043.914966
3324,1040.378336
3544,989.993923
4033,989.508434
4034,982.779111
4154,975.628632
4904,962.860712
5457,960.786367
5574,959.895872
5833,947.609432
5867,905.133906
6053,888.888274
6154,876.833083
6404,875.527614
6654,867.576368
7654,865.927876
7904,852.610180
8904,836.246396
9304,806.020144
9904,774.752445
10005,774.303431
10101,759.919529
10282,750.905989
10312,740.253946
10904,714.098764
11277,713.670527
11592,696.262320
11904,691.278800
12271,687.036717
12654,686.464425
12793,672.131429
12904,671.415493
13107,666.237797
13154,664.384904
13370,659.868463
13404,626.651167
14048,606.090877
14110,604.286181
14295,590.327067
14300,589.979477
14317,589.035879
14759,578.852764
