Evaluations,Fitness
1,21.163720
3,21.160561
6,21.132023
9,20.726224
594,20.716946
634,20.716069
1214,20.706796
1464,20.676620
1865,20.667489
2464,20.636984
2964,20.615497
3089,20.574678
3529,20.574367
3541,20.524780
4081,20.511503
4119,20.468467
4518,20.457575
4714,20.454910
4964,20.439654
5317,20.415160
5464,20.377508
5714,20.373373
5964,20.359474
6035,20.322503
7098,20.309546
7136,20.302956
7385,20.283091
7575,20.227441
7782,20.225827
7886,20.191390
8606,20.183403
8746,20.145524
8782,20.089193
8996,20.087225
9496,19.941515
10020,19.929948
10257,19.916719
10496,19.913598
10784,19.905500
10996,19.893740
11246,19.873847
11916,19.833632
12386,19.826757
12496,19.803008
12582,19.788453
12587,19.772202
12636,19.753325
12757,19.718405
12996,19.681504
13047,19.679698
13053,19.633176
13071,19.540905
13327,19.519279
13335,19.479417
14246,19.458617
14581,19.413434
