Evaluations,Fitness
1,395460
2,272136
5,225157
7,208769
382,208648
520,208500
796,193413
1063,190922
1431,188630
2374,179487
2431,179300
2681,178181
2931,175946
3106,175468
3931,173971
4022,173769
4052,172424
4181,171973
4254,170294
4304,167539
4345,167058
4781,167048
4931,167046
5622,166999
5681,165687
6431,165673
6514,165598
6758,163595
6798,159887
7016,157968
7314,147187
7529,146501
7578,145986
7681,145273
7931,143502
8002,139016
8087,138784
8181,137992
8609,134071
8762,133370
9344,133004
9931,131113
10181,130402
10681,130109
11268,129236
11431,124015
11571,122730
12181,116476
12431,111657
12600,110333
13077,110146
13278,110132
13611,109908
13681,109904
13999,105787
14082,101081
14358,86189.4
14431,85746
14681,85558.3
14758,83762.2
