Evaluations,Fitness
1,2229952066.811811
3,1616309824.374907
9,1034546933.704444
17,514607689.649545
18,213188965.353535
269,208444156.475244
281,206224056.331994
331,205843440.394580
540,205752257.692572
582,205664240.211223
643,188317561.019603
843,184458098.191145
862,182445138.857443
893,174429972.050917
1025,169979486.610585
1072,169913135.473368
1309,166032804.739726
1310,163939780.557060
1336,163833262.765847
1618,157964300.293555
2082,157152371.670815
2143,143736978.406647
2363,138998083.528421
2501,132794992.348213
2540,130984277.537230
3012,126368688.257769
3075,126358801.701033
3093,124628567.547404
3305,124565259.319184
3605,122010786.779441
4035,119382802.437008
4083,118536904.501442
4100,118461958.417703
4110,118449821.901462
4371,116224865.170200
4538,115289500.694427
4551,114448230.591524
4595,113713356.141400
5088,113561031.158517
5143,112310212.705365
5319,111924676.824916
5350,110247304.456595
5393,110168603.745684
6112,110005138.379560
6143,109053616.004892
6322,108006646.435745
6508,107802264.726049
6893,107727687.998523
7565,107538278.182661
7593,105811083.326457
7624,102980198.920538
8355,102911778.773149
8393,102738844.240148
8513,102580679.953006
8839,102430052.798882
9561,98322668.448437
9643,98005038.060002
9793,97914080.718631
9893,97834961.541600
10082,97781576.557376
10103,97344085.095157
10820,96958294.883824
11643,96891061.688352
12574,96647584.688591
12611,95944096.851216
12758,95324496.966228
13045,93838922.480973
13143,92983553.220861
13265,92391945.959054
13624,91803162.118219
14393,91622435.231232
14771,91528290.787098
