Evaluations,Fitness
1,166918
14,164391
20,153747
81,149984
98,147959
206,142177
295,140414
456,138605
706,138375
956,137821
1206,137715
1756,136880
1760,134170
1956,133275
2006,132591
2666,131399
2825,127877
2846,127815
2916,126085
3309,124911
3367,124385
3595,124328
3645,123018
3916,119700
4325,119284
4416,118196
4544,117671
4666,116814
4798,114958
4827,113694
4916,111797
5374,111664
5549,111240
5564,106018
5666,105704
5815,105629
5868,104733
5916,104184
6020,103286
6043,102943
6267,94765.4
6871,92881.3
7036,87470.3
7582,82432.8
8473,82322.1
8563,81460.4
8576,80072.3
8723,79765.7
9024,79762.1
9223,79701.7
9320,76033
9473,76030.5
9560,74033.9
9617,73499.6
9816,72479.4
10473,71545.5
10723,70799.1
10973,69154.8
11038,69033.5
11223,68542.9
11973,68353.7
12223,68312.6
12723,68263
13723,67219
13797,66751.9
14088,66513.3
14525,66460.2
14537,61544.4
14565,61242.3
14568,60562.4
14723,60288.9
14755,60233.1
