Evaluations,Fitness
1,1005294127.521940
2,946705441.289770
6,912925008.191342
7,726584833.037781
19,653452060.027272
75,652456429.870277
144,650793666.079971
200,645076502.812199
326,629641273.667448
516,628499666.882169
573,627149558.358079
1028,623618275.651874
1143,622356434.016960
1160,599843860.096896
1278,597221174.503330
1350,588719555.350473
1410,587332707.948056
1643,544390744.119470
2256,544318354.937464
2393,519389674.523493
2868,513188625.468223
3355,486049196.670430
3442,485677265.536423
3776,477651841.980355
3893,476914310.254753
4024,474387375.593841
4122,472936516.358710
4307,472798804.513741
4382,428971693.175201
4544,393833435.356906
4846,387923985.250648
5337,387899737.449167
6132,387772416.484831
6509,361685655.437280
6771,359178175.492419
6882,357843051.431400
7032,343273017.365347
7318,330382999.749248
7382,329014007.959058
7563,328737840.219976
7572,328724047.439503
7632,328659984.241343
8261,318214846.470092
8393,309300963.876493
8643,308923921.537394
8782,307751093.886588
8882,299045261.959994
9255,295941645.955373
9762,293902248.109995
9824,293714902.631292
9865,293709301.071179
9882,285500516.723671
10132,285421510.881401
10521,284473674.322725
10769,284420141.564382
11021,284417930.742064
11028,284384663.367930
11084,277716923.534697
11085,269683332.132831
11382,269386389.105059
11592,267580443.596274
11781,267538058.917985
11882,267517058.424481
12059,267422508.305726
12062,267346794.737414
12078,265812012.097599
12132,265499988.424766
12855,260225542.077529
12882,259589078.849409
13018,258684429.173794
13200,236696451.615162
13574,206135596.971334
13882,204787410.696880
14450,204649939.035706
14536,203302271.987539
14821,203221306.996536
