Evaluations,Fitness
1,343494.053250
3,322892.416213
4,317412.896783
8,312565.218290
9,283181.256611
24,272199.515459
32,268386.630391
64,233657.818930
75,192611.591054
200,187958.726367
450,186931.538046
599,184919.252154
700,184748.479490
1012,183837.339419
1100,183623.005078
1450,182184.222946
1580,179311.389576
1700,177344.331614
1855,177170.633130
1950,177083.898016
2200,175683.662443
2450,174495.170732
2528,171815.998029
2700,171051.324775
3109,166900.389203
3281,165991.589376
3450,165805.002108
3700,164720.621912
3816,164631.276599
3867,164624.760093
3950,164296.093908
4008,158760.209154
4200,158586.561883
4542,157260.634026
4700,155912.818594
5450,143799.361467
5700,143337.756942
5754,138606.755560
5799,137982.411760
6031,136173.162901
6271,133346.190235
6272,133016.403105
6615,132843.821734
6781,132706.600276
6950,132531.556717
7200,132434.149284
7314,131106.226557
7450,130997.609731
8065,122658.624084
8112,122554.686372
8115,122307.434631
8700,121779.283283
8831,120893.697505
9200,120845.471579
9371,120632.669521
10084,120288.939528
10200,119537.428682
10700,115176.677838
10766,114958.760238
11200,114805.722135
11450,114508.223552
11786,112404.888908
11844,112358.886864
11863,105855.875992
11950,105491.875221
12085,102850.480109
12200,99914.467015
12311,99098.201316
12450,98059.913432
12539,98048.308178
12623,96116.166411
12864,96060.425032
12950,92630.168289
13022,90081.562462
13076,90003.159114
13200,89684.018760
13298,89402.002278
13764,89185.514266
13785,88312.590433
14109,88268.870895
14346,86871.669408
14375,86404.088263
14552,86354.850919
14594,86351.882031
14606,86346.326311
14700,86330.119446
14866,86117.023170
