Evaluations,Fitness
1,21.451836
2,21.278414
3,21.162845
17,21.152371
95,21.061939
113,21.052677
220,21.042003
1061,21.018184
1220,21.013311
1252,20.992909
1296,20.971590
1307,20.970939
1470,20.966971
1575,20.961956
1720,20.961397
1797,20.953246
1826,20.932410
1970,20.897574
2032,20.866281
2536,20.850101
2720,20.842753
2771,20.832267
2878,20.823973
3128,20.808122
3720,20.802783
3970,20.794186
4055,20.775768
4470,20.753746
4621,20.745060
4720,20.744393
4838,20.740427
4871,20.711079
5378,20.690529
5628,20.656970
6028,20.627364
6488,20.622983
6564,20.590090
6628,20.586901
6878,20.580006
7047,20.526758
7068,20.499847
8320,20.498936
8378,20.477873
8590,20.425535
8817,20.411778
10988,20.348465
11262,20.336546
11488,20.325510
11504,20.304724
11520,20.302910
11601,20.296881
12065,20.290233
12988,20.289015
13339,20.221646
13738,20.177672
13988,20.166207
14595,20.152743
