Evaluations,Fitness
1,21.5217
2,21.4039
3,21.1313
5,20.9453
34,20.7654
264,20.7376
375,20.7349
409,20.7324
618,20.7297
740,20.6584
990,20.6123
1610,20.6108
1740,20.583
2490,20.5529
2740,20.5323
3409,20.5317
3534,20.451
3990,20.425
4052,20.3894
4065,20.3511
5072,20.2841
5240,20.2813
5347,20.2776
5490,20.2757
5990,20.2738
6355,20.2122
6990,20.2062
7012,20.1285
7990,20.0922
8202,20.0872
8490,20.0815
8512,20.032
8613,20.0067
9063,19.9857
9134,19.978
9634,19.9257
9793,19.9177
9884,19.9171
9990,19.9057
10240,19.8141
10740,19.785
10990,19.7128
11240,19.7037
12069,19.6688
12240,19.6249
12596,19.5765
12740,19.575
13034,19.5571
13240,19.5529
13490,19.545
13667,19.5108
13917,19.5044
14167,19.5036
14297,19.4149
