Evaluations,Fitness
1,1384.882625
5,1334.257311
14,1279.124292
24,1278.848248
75,1191.690792
86,1189.389640
105,1179.794947
260,1171.720246
262,1152.698175
309,1100.678529
480,1095.725786
730,1091.528099
1256,1062.258789
1541,1050.634758
1588,1038.042997
1730,1025.723631
1784,1024.935642
1822,1016.050197
2230,999.057494
3730,999.034344
3853,984.912254
4230,974.078866
4254,965.726801
4480,965.557728
4980,952.580568
5730,939.322870
6230,918.195541
6373,910.401326
6980,880.059491
7108,878.537704
7570,868.451753
8341,862.140593
8480,856.612262
8575,855.772973
8730,840.568863
8765,839.044894
8848,837.204768
9002,831.941005
9230,813.730527
9313,803.676306
9410,797.748071
9545,797.387067
9660,793.931127
9770,788.813016
9803,785.309355
9910,770.454026
10410,768.820308
10545,767.872602
10800,767.429944
10910,767.052405
10980,764.339826
11230,737.584095
11252,736.274295
11410,732.499190
11480,693.997009
11758,689.325963
11980,686.017772
12015,685.954248
12230,685.223321
12257,680.206745
12980,670.214429
13120,669.469627
13730,665.508841
14004,658.398687
14098,644.858704
14503,641.804725
14610,632.417266
