Evaluations,Fitness
1,3429.800120
2,2635.571854
5,2633.142580
10,2590.720379
41,2313.537624
43,2238.521407
70,2078.211358
72,1982.742743
106,1878.277674
516,1876.993904
603,1875.393627
697,1867.788771
800,1867.719261
1076,1834.781003
1079,1820.656170
1515,1817.872781
1583,1792.023950
2231,1781.681129
2330,1726.570309
2371,1715.847472
2481,1709.460182
2543,1681.645873
2549,1675.381697
2731,1672.745291
2815,1672.007198
2981,1671.510416
3230,1670.257651
3329,1655.634541
3481,1653.214812
3731,1652.403074
3770,1631.133151
3980,1597.792807
4730,1597.547299
5080,1597.223332
5481,1551.904756
5821,1549.114199
6026,1517.543295
6198,1478.036278
6373,1450.377231
6566,1449.903816
6948,1353.241072
7198,1334.455183
8120,1295.565852
8520,1269.056246
8731,1268.291533
8765,1262.839139
8981,1087.253267
9231,1086.577057
9481,1078.949359
9823,1077.779449
10535,1077.373861
10617,1076.085901
10731,1069.562912
10814,1029.262474
10981,1022.325477
11536,1012.700871
11579,1009.338518
11731,1008.586967
11774,997.222069
11833,991.702943
12103,968.855233
12258,968.562244
12280,960.472096
12303,920.444428
13062,920.438522
13362,915.919205
13731,904.410740
13981,864.777469
14036,860.415247
14089,857.787896
14231,857.670880
14263,857.650401
14266,847.485864
14448,802.661402
14581,784.051525
14759,777.012589
