Evaluations,Fitness
1,1310.88
4,1191.62
8,1170.35
96,1114.04
338,1096.4
357,1090.52
846,1081.72
2035,1077.19
2351,1076.39
2379,1071.79
2629,1066.04
3010,1065.65
3046,1062.72
3129,1061.32
3379,1045.29
3561,1029.99
4065,1029.89
4120,1027.12
4129,1012.5
4320,993.034
4402,988.404
4502,980.989
4585,978.717
4767,957.697
4820,942.199
4902,923.551
5152,918.477
5313,907.006
5402,906.94
5580,897.815
5852,881.704
5902,877.53
6027,876.652
7086,860.352
7087,854.434
7581,847.357
7964,811.576
8214,793.963
8807,780.497
8964,770.701
9714,770.683
9754,755.593
10277,746.407
10351,740.523
10533,732.38
10645,714.77
11049,710.054
11145,705.98
11395,701.759
11559,691.651
11895,679.767
12031,659.657
12561,647.07
12645,643.454
14305,642.561
14369,639.21
14395,638.899
14645,635.387
