Evaluations,Fitness
1,1325894005.450290
9,665380566.933743
13,425519148.251158
20,371031953.026899
90,363034993.631282
215,361951387.646473
329,351802359.674695
366,306150455.142869
501,302079144.636152
534,301125692.853380
569,300956431.583775
585,284271561.515322
587,284190656.631835
1063,283883499.433250
1270,266318306.450193
1273,253921467.283028
1546,246481627.960744
1564,240904511.207368
1817,211215741.351410
1991,205023510.306463
2098,204228238.989652
2107,204156482.338763
2108,200803950.459402
2508,200680479.474468
2756,192621733.842707
2817,190460126.433655
2824,188164848.294535
3011,188062590.165496
3741,187672211.100180
3774,184900662.406992
3846,183714316.253492
4101,183581761.159988
4286,181741504.305919
4339,181104441.018935
4491,180762507.209710
4504,177578711.644336
4991,177066340.009851
5503,175375504.431475
5848,171701527.097249
6054,170409250.437022
6268,170162023.456373
7013,170018140.407750
7040,170006847.262068
7070,168866511.308523
7107,167842731.139894
7233,166707374.897061
7564,166316118.180756
7621,164753053.312384
7835,160730863.521372
7867,150516945.220106
7983,150450433.943271
8004,148592654.272326
8041,148470516.797809
8483,138087495.807690
8733,136150862.982332
8824,133432144.007432
9093,133020095.094326
9233,132870713.551679
9307,130390251.549815
9354,130176378.362153
9483,124910027.163861
9588,123629749.385268
9733,112282167.294166
10021,111731594.089644
10483,111378137.705164
11583,107532148.901162
11586,106442982.057531
11733,106122551.522958
11810,106116056.758491
12012,105538295.509159
12103,104839521.976958
12297,104546604.300635
12827,104531728.516715
13233,103831170.516836
13329,103197168.375660
13330,102398643.598612
13333,97785904.092370
13620,96010378.656574
13838,95779141.232887
14020,95773352.442247
14023,95590362.945874
14048,95223079.256060
