Evaluations,Fitness
1,1493.657300
3,1322.165401
4,1290.342571
5,1272.758639
8,1176.443145
374,1151.530455
844,1135.200278
883,1131.794141
2133,1118.807328
2209,1118.474236
2269,1117.354087
2293,1108.426707
2307,1090.417279
2612,1089.030451
2633,1073.349131
2883,1069.234270
3006,1066.702782
3633,1065.933285
3867,1049.786008
3883,1028.896033
4133,1020.305205
4383,997.005686
5133,996.786170
5257,984.563233
5328,975.655549
5383,961.175634
5595,960.866048
5633,951.679212
5883,951.415867
6015,946.461049
6117,946.129858
6729,945.383108
6836,944.632940
7006,944.622791
7260,927.582050
7326,923.601463
7328,923.107467
7587,920.281491
7840,917.433874
8025,908.411207
8229,903.836772
8459,895.705080
8479,895.456492
8593,843.149681
8729,841.700206
9010,812.419885
9229,801.165256
9337,800.176475
9762,798.173148
10031,797.179387
10817,792.059154
10872,785.359511
10979,782.789880
11603,768.956638
11613,764.538997
11729,762.302567
11871,759.800924
11979,758.299800
12511,754.708610
12611,750.579101
12764,741.581134
13067,736.029093
13108,730.764192
13229,686.444199
13751,681.609704
13828,680.191372
13979,663.517583
14071,658.054454
