Evaluations,Fitness
1,4.22727e+09
2,1.26503e+09
28,1.18588e+09
32,6.13768e+08
337,6.07936e+08
344,6.01503e+08
348,5.67589e+08
442,5.67035e+08
502,5.33333e+08
535,5.28399e+08
606,5.16592e+08
692,4.8724e+08
809,4.85107e+08
1026,4.84573e+08
1055,4.82539e+08
1327,4.81566e+08
1340,4.76252e+08
1692,4.76233e+08
1758,4.69474e+08
1875,4.44082e+08
2042,4.3731e+08
2088,4.3082e+08
2125,4.23933e+08
2192,4.03419e+08
2282,4.02655e+08
2338,4.01488e+08
2442,4.00678e+08
2692,3.97028e+08
2778,3.97008e+08
3028,3.85394e+08
3098,3.83977e+08
3122,3.79628e+08
3281,3.72293e+08
3298,3.48497e+08
3482,3.48435e+08
3590,3.4795e+08
3592,3.40944e+08
3982,3.35831e+08
4073,3.12352e+08
4359,3.10784e+08
4482,3.09667e+08
4516,3.09559e+08
4570,3.05834e+08
4732,3.03235e+08
4769,2.89358e+08
4794,2.89232e+08
4982,2.86684e+08
5065,2.83221e+08
5232,2.79682e+08
5291,2.78246e+08
5510,2.70679e+08
5524,2.68669e+08
5574,2.67974e+08
5604,2.65449e+08
5617,2.65016e+08
5623,2.64179e+08
5732,2.61292e+08
6232,2.57641e+08
6268,2.5469e+08
6591,2.5394e+08
6618,2.5121e+08
7029,2.49948e+08
7109,2.49303e+08
7303,2.4873e+08
7354,2.47912e+08
7482,2.20357e+08
7541,2.02183e+08
7546,1.97674e+08
7816,1.96976e+08
8017,1.94771e+08
8360,1.93938e+08
8860,1.93821e+08
9005,1.93022e+08
9570,1.92993e+08
10362,1.91683e+08
10537,1.9167e+08
11015,1.8975e+08
11050,1.89654e+08
11266,1.86395e+08
11820,1.85239e+08
12015,1.84806e+08
12251,1.84802e+08
12301,1.82701e+08
12360,1.71169e+08
12482,1.6911e+08
12599,1.68868e+08
12849,1.68571e+08
13036,1.68085e+08
13345,1.67648e+08
14549,1.67616e+08
14553,1.66893e+08
14614,1.66857e+08
