Evaluations,Fitness
1,2881286403.802821
3,1912057337.845384
6,1829562794.134989
11,1787851617.895231
12,863641191.126203
16,741364739.595228
34,474961127.383452
49,434122937.354766
111,422945284.585143
112,289035138.953231
363,263908357.165184
487,260134405.588126
524,258318431.032040
737,253271005.870818
744,253260056.136094
874,248651139.954918
875,247833646.975193
987,246816922.352583
1106,241508714.496472
1244,236525942.742447
1281,235237911.730828
1288,208646005.348045
1494,204917774.866534
1536,204769230.966976
2044,204081969.796738
2267,200744543.836543
2297,192313963.218664
2494,182072831.361694
2517,181227496.240769
2581,181225207.932554
3282,179199597.462959
3357,178772845.457184
5244,178351363.622601
5324,178124032.015320
5507,178028006.332685
5605,177554530.086600
5620,174528283.037833
5674,174407925.674670
5751,172799405.678826
5815,163325162.959050
5832,163190003.955122
6052,158824285.216242
6130,157645742.224678
6261,157049984.033045
6601,156766460.546291
7119,156417139.678549
7269,155856936.551031
7306,154481955.150327
7591,152987920.697664
7630,152901451.863033
7874,149880734.741924
8361,148610999.657019
8630,147568026.954460
8757,144405631.178069
8880,144336938.109449
9356,143827186.380624
9786,140248355.685482
10812,139251967.293094
11063,138134208.116588
12891,133046066.532919
13141,131660120.186865
13525,130008460.226434
14141,129958332.778673
14391,128001827.259348
14641,125847947.661841
14853,120301386.467945
