Evaluations,Fitness
1,1198646516.177666
2,968887956.858323
3,851805087.555934
5,814122183.022798
7,696833163.432457
18,660091299.269470
94,653298835.858736
282,637512339.969573
469,612573159.146165
1035,610854506.701126
1097,574202528.653948
1219,573484409.196760
1469,573458446.806710
1537,573204985.987576
1969,571481355.905506
2087,564693244.941998
2219,563410526.325396
2327,561602914.856799
2577,536849942.080979
2795,532450581.534624
2969,526912605.489801
3277,524901521.374520
3289,524869399.490429
3758,524171790.384051
3969,523914592.364093
4181,519968607.182949
4219,485836710.090173
4469,437420649.995984
4797,437392629.699977
4969,426244795.088418
5267,426244664.010977
5283,424170239.337042
5595,424135447.949771
5802,424086443.624205
5969,423550670.664302
6283,406018091.779231
6306,395345593.107695
6366,395241655.407077
6900,375134116.657947
7150,373745789.474626
7259,373584567.462488
7769,371598818.700079
8025,369751823.392196
8108,369710314.573296
8252,329567342.052403
8284,295722570.176201
8365,295249286.320036
8400,276739631.285914
8551,276260404.862193
8900,268714312.034678
9001,260724118.686007
9010,256835961.979568
9034,256725423.749201
9400,256723174.038548
9650,256285420.202870
9770,251894536.376783
9900,251882518.932963
10019,251503973.909156
10096,248188271.176719
10400,248181804.084937
10801,246794393.069253
10835,242474402.794063
10900,235481938.712546
11081,235378587.520339
11324,235353967.019672
11511,235312231.956858
11570,235261865.753985
11619,235084380.526748
11853,235024618.268230
11900,234971889.432142
12044,234337179.329236
12150,234131972.834688
12251,234131813.985518
12400,234130424.004569
12606,234121950.835988
12805,233784333.915496
13150,233752886.576948
13520,233612955.436871
13607,233574038.444831
14150,233513062.482408
14540,233502839.123970
