Evaluations,Fitness
1,177964.171958
2,141754.788903
569,141274.137261
627,141243.935533
1127,140936.217017
1783,138382.154778
2044,135139.843242
2522,132055.155504
2712,131747.324959
3207,126878.942191
3457,125367.130944
4207,124870.469151
4282,121504.803146
4602,119578.283205
4707,117644.349629
4996,112947.946647
5067,106143.528679
5496,104455.776318
5746,103183.534380
6344,101086.991071
6996,101064.890660
7246,100944.900196
7274,99156.545380
7496,98798.559181
7859,95197.479489
8047,94333.155255
8085,94208.500844
8351,93959.666121
8496,91952.482550
8821,91613.050494
9246,86114.117539
9339,76555.481975
9496,76528.239605
9746,75801.173702
9996,75702.914019
10069,75699.853234
10496,75519.876373
10799,75513.984793
10996,75293.164817
11083,74620.067025
11577,73404.591221
11816,73324.654766
12360,71745.792289
13246,71724.338241
13281,71638.140195
13420,71439.089654
13670,71202.568333
14305,69385.381843
14364,68127.081245
14420,67527.401722
14779,64015.605929
14788,62948.430188
