Evaluations,Fitness
1,3423178558.945201
2,1346591088.870777
14,1305118340.368415
24,811354006.459293
34,592208244.187238
66,509275401.671502
86,478934822.708780
285,442886745.179495
295,441560202.142676
306,438675285.019572
340,430365602.796971
461,409993306.471462
516,385695579.898470
532,364003254.715760
597,352252860.285761
817,323737558.084926
851,316145199.050484
1018,313116351.556591
1033,312777622.284366
1199,312737003.503855
1449,297300972.959726
1777,297283482.337358
1949,292860489.203504
2006,292024073.808622
2307,286174583.655716
2319,284630349.741105
2509,268322412.021290
2574,268172447.275744
2830,258534019.441447
2851,257983380.651118
3071,256969155.062953
3822,251901602.035507
3909,237741306.806498
4046,235869092.072767
4078,235410813.734983
4159,234932664.925207
4409,234356815.995790
4769,234339157.344047
5261,202447505.877828
5330,198556288.370326
5409,197970396.083481
5761,196965107.428741
5809,195900968.954612
5909,191570827.540500
6802,190901823.311772
6805,187076433.221762
6859,186739852.493168
7108,185107015.564102
7409,185090934.825131
7588,184622651.401594
7770,184554538.395645
9159,184174473.093309
9542,184172039.990774
9909,182059527.996421
10112,180801863.133694
10355,176153630.067952
10528,176132064.063556
10859,175930554.405940
11022,174785591.407592
11076,174758668.832187
11159,173950020.057149
11659,160449961.932292
11909,159868034.136930
12109,159542302.381126
12367,158027461.039938
12659,157990193.438536
12779,157711007.847083
12787,155778770.679422
12859,155759887.216591
12871,155397689.327570
13754,154984154.874941
13835,154063699.804929
14308,153919352.769532
14602,153777309.667030
14777,153299908.312837
