Evaluations,Fitness
1,-0.874601
5,-2.590800
24,-3.651225
42,-3.768995
72,-3.792235
167,-3.800089
947,-3.852948
1119,-3.853125
1340,-3.859020
1472,-3.859683
1791,-3.859705
1849,-3.859874
2722,-3.861738
3407,-3.861939
3652,-3.861948
3657,-3.862074
4145,-3.862562
4573,-3.862623
4583,-3.862744
5376,-3.862769
6241,-3.862781
8002,-3.862781
8135,-3.862782
8337,-3.862782
9373,-3.862782
9511,-3.862782
10045,-3.862782
12167,-3.862782
13578,-3.862782
14376,-3.862782
14417,-3.862782
14626,-3.862782
