Evaluations,Fitness
1,1162464641.310817
6,633643697.082940
9,555669183.380208
24,503917066.448637
25,464647791.572376
42,418209531.867610
361,289945355.376361
570,282363563.301223
619,280604425.830268
766,266792400.335408
795,258267375.864442
843,257882226.004058
860,257559274.700907
869,256402898.275125
907,249675368.154542
1048,240177685.442977
1095,237673120.146276
1098,189764496.113926
1157,186958597.127835
1266,183498218.144667
1329,183113835.386211
1565,182963173.103669
1773,172000016.457462
1907,152008726.192223
2038,151400703.697590
2100,145749895.323728
2262,145691656.599149
2264,145165951.026295
2355,141295945.410990
2407,141105203.973173
2536,141080191.115424
3328,140979624.929654
3407,140681588.716680
3573,140104552.809413
3657,139940475.261653
3837,139606075.913484
4074,124898098.513361
4113,124843529.249032
4157,123413282.281641
4307,122414501.327534
4521,120986492.586032
4568,120938805.975394
5009,119574206.226317
5561,119301604.710330
6296,116830839.039025
6343,115087673.721671
6793,114967931.705829
6838,114496826.089269
7353,113648139.997704
8114,113475815.114243
9907,113465878.812717
10085,113278229.752010
10310,112897328.723797
10365,109800554.265332
11260,109792525.377090
11278,109615240.072370
11907,108287936.603719
13407,108179065.117541
13763,107471628.728503
14573,107098092.855821
14761,106692562.288628
