Evaluations,Fitness
1,1216945472.616006
2,998831953.211780
3,799255869.555509
5,668540285.064087
49,622639239.709002
104,613508303.206823
229,597837790.435312
278,597669495.528670
317,587663828.414379
596,581457863.566958
826,580995702.343670
831,577927716.530095
974,558221500.087027
1031,555881467.251221
1374,555864583.964272
1578,548322801.502105
1979,538178812.884297
2087,537238144.825027
2098,509221321.755469
2229,507415787.100997
2479,506350692.197605
2543,501646111.261178
2729,492606291.654744
2828,492335064.121590
2865,485903059.088374
2979,485899521.832644
3052,483360712.609836
3098,477061947.322271
3114,476967816.177210
3229,474265188.237028
3568,454383101.818049
3979,454264661.473465
4064,454254910.904130
4229,441496351.833264
4333,412325655.697072
4805,412325174.832810
5074,385114348.162409
5724,385085396.510337
5974,384774494.819326
6364,376474286.575329
6479,353290724.275392
6535,332856188.948332
6729,332830985.178348
7045,332791088.268683
7229,300125997.671795
7479,300089378.742049
7754,299985051.347367
7979,299246988.149181
8043,295970266.913067
8186,295860076.893397
8436,294316654.159670
8514,292106781.033130
8541,282320029.129543
8724,281488108.133665
9003,281488108.008979
9186,262558174.759911
9357,262272390.800097
9436,262268368.808012
9502,262240774.294994
9837,259655775.342979
9943,258763283.382392
10079,238785814.172801
10111,237020271.308487
10443,236599479.311199
10606,228142064.845318
10724,224364402.677840
10780,224123588.941226
10974,217904881.047090
11224,217901105.481397
11300,212916353.206840
11310,211359631.747332
11874,211318869.344058
12054,209249231.291525
12754,209243037.087469
13319,202447311.078279
13321,202418457.706278
13374,202362287.187178
13867,201304140.118434
14053,200687988.165129
14780,167083166.771532
14867,167083156.313222
