Evaluations,Fitness
1,185239.969262
2,162341.726605
15,158510.334043
57,134138.534271
254,134124.915137
511,126700.223101
608,126582.650973
851,122871.131959
1182,122786.112173
2589,115783.453139
2615,114721.147420
2932,113994.465517
3182,112797.598330
3329,112778.667859
3432,110590.580696
3932,109721.209521
4274,108374.288693
4315,107217.598147
4323,106659.039412
4432,103313.536496
4932,103047.544748
5018,102139.265170
5362,102062.283815
5603,96521.589885
6121,96320.784253
6432,96241.274610
6932,94593.999756
7119,94063.050610
7367,93513.063875
7432,93464.706674
7791,87618.664702
7815,84120.921738
7817,81588.849328
8012,79234.541718
8014,78499.582692
8182,78321.401564
8278,78317.443077
8353,78284.073011
8514,78276.463480
8682,78252.885987
8783,77911.706889
8785,75750.474274
8791,75696.358268
8825,74985.180514
8870,74785.917057
9046,74694.693606
9079,74395.866236
9182,71861.091662
9432,71402.309049
9788,68372.528402
9932,68274.836370
10090,68080.193519
10594,68041.651100
11182,67851.538935
11367,65592.185595
11370,65523.521006
11682,65298.489416
11776,65270.075604
12258,64713.984463
12682,64283.093244
12932,60374.780246
13182,58769.088612
13432,58454.402189
13509,57861.871584
13533,57798.828152
13535,57755.929120
13932,57581.861105
14682,57562.798546
