Evaluations,Fitness
1,1459.090377
4,1287.866446
12,1156.928046
284,1153.391037
502,1139.452308
1387,1126.765399
1622,1075.667923
1637,1073.944587
1887,1064.447573
2137,1054.101283
2367,1052.710761
2637,1045.747778
3387,1045.039421
3637,1039.369345
3887,1036.248147
4013,1028.148619
4292,1026.365810
4637,1025.373017
4887,1009.312724
5025,994.482727
5137,970.402730
5272,964.707587
5616,961.282703
5887,903.349405
6052,898.698301
6125,886.959305
6347,867.048955
6887,858.271871
7887,853.881663
8137,850.220320
8387,844.127196
9137,841.089209
9387,840.386148
9573,832.148455
9776,830.685223
10387,821.974822
11051,821.086278
11053,819.789793
11137,811.811042
11300,810.117764
11387,801.578804
11637,794.920823
12137,786.005242
12625,784.669168
12887,782.631627
13137,781.888357
13264,771.807299
13362,771.796586
14137,741.256100
14637,735.235686
14779,735.069673
