Evaluations,Fitness
1,1.0648e+07
3,8.43077e+06
7,7.84382e+06
11,7.4994e+06
12,5.14359e+06
256,5.14156e+06
338,5.12817e+06
1137,4.97072e+06
1349,4.90291e+06
1350,4.82106e+06
1387,4.79483e+06
1637,4.53137e+06
1846,4.48394e+06
1868,4.48087e+06
2637,4.35837e+06
3035,4.24798e+06
3137,4.17475e+06
3387,4.16415e+06
3516,4.15365e+06
3571,4.14477e+06
3589,3.99012e+06
3637,3.97526e+06
3796,3.97467e+06
3851,3.94796e+06
4337,3.9109e+06
4346,3.81766e+06
4583,3.80235e+06
4887,3.74613e+06
5022,3.73344e+06
5080,3.7021e+06
5102,3.70197e+06
5387,3.69994e+06
5577,3.64088e+06
5586,3.61746e+06
5887,3.58595e+06
6362,3.57983e+06
6613,3.51208e+06
6637,3.51069e+06
6860,3.50866e+06
7066,3.50616e+06
7137,3.4976e+06
7516,3.4912e+06
7622,3.4543e+06
7802,3.45392e+06
7829,3.44565e+06
7861,3.42658e+06
7887,3.29958e+06
8366,3.29599e+06
8375,3.29456e+06
8558,3.2491e+06
8637,3.23834e+06
8804,3.18086e+06
9091,3.17793e+06
9503,3.11005e+06
9838,2.9757e+06
10272,2.97322e+06
10637,2.96062e+06
10887,2.95786e+06
11094,2.95608e+06
11137,2.93877e+06
11637,2.9019e+06
11655,2.79955e+06
11872,2.78027e+06
11887,2.77745e+06
12137,2.67659e+06
12347,2.66328e+06
12514,2.64648e+06
12637,2.63687e+06
12794,2.635e+06
13137,2.63376e+06
13533,2.57564e+06
13581,2.56293e+06
13588,2.27204e+06
13655,2.27193e+06
13812,2.2697e+06
14123,2.25375e+06
14155,2.24873e+06
14332,2.13966e+06
14564,2.1388e+06
14587,2.12717e+06
14752,2.11507e+06
