Evaluations,Fitness
1,1327466872.656984
2,1013123782.479405
3,799385861.140978
5,690401148.929070
23,683570941.434857
28,626084908.070918
66,562764007.827983
81,416312871.858827
286,415527511.056988
456,408397929.255029
796,408393279.188888
1019,406440727.954642
1034,406251077.659365
1052,397191922.595769
1110,396806403.129578
1206,396480390.377560
1456,395301637.095449
1579,385011516.452751
1588,384304981.736009
1867,384160790.920251
1956,382758161.829740
2206,379267371.356188
2265,375976352.060686
2314,375639412.280651
2456,371547537.495194
2562,369020765.807081
2615,368946252.656226
2792,367134978.435708
2801,362108898.030795
3035,362017844.812072
3206,361507615.512181
3456,360247337.127382
3503,350233467.205712
3706,348742536.273426
3821,348648128.905901
3956,348509128.505139
4031,312826472.773480
4208,311526037.318113
4864,310113070.643191
4958,307788977.212522
5038,307749293.305116
5081,307731001.316928
5208,262104671.555886
5708,257125718.770372
5751,255295155.964963
5868,254317649.900709
5874,247890534.563481
5958,247876175.684479
6208,245957061.768551
6276,245774015.977829
6319,245716316.244796
6708,231902415.125390
6855,231694708.652703
7277,231383669.882775
7317,231229208.873228
7550,229283444.388781
7824,228500623.772566
7867,228205741.880340
8101,218481880.324924
8355,217760342.115653
8458,217715798.339312
8549,217605484.709708
8708,200563831.508235
8844,197440862.913162
8958,196666776.206421
9074,184178846.244493
9077,173824098.841609
9513,173555943.674864
10029,169176719.568858
10208,167941873.711967
10275,167257298.872542
10458,167194793.978561
10548,166432317.704975
10618,166428692.560612
10852,153060483.680108
10864,152944306.134666
11107,152715656.464781
11208,152466450.799276
11261,152466445.731894
11616,152440682.359522
11708,150909594.771261
11847,150808704.281263
12208,148323954.504439
12355,147359932.891291
12514,147059396.867304
12858,144301823.130402
12958,144219736.659132
13084,142500357.745285
13108,132526260.504443
13534,131314287.143232
13844,130487271.334037
14118,130399891.842982
14258,130370411.323473
14355,130343429.130111
14362,98028035.809113
14765,97978882.485999
