Evaluations,Fitness
1,21.5152
2,21.436
9,21.3278
10,21.2397
36,21.2365
56,21.1675
100,21.1437
107,21.0493
232,21.039
931,21.0354
982,21.0339
1080,21.0138
1281,20.9993
1286,20.9825
1543,20.9812
2051,20.9692
2257,20.9233
2265,20.9156
2431,20.8988
3538,20.8954
3563,20.8737
3814,20.8618
3931,20.8543
4181,20.8213
4385,20.8158
4763,20.8001
4792,20.7946
5086,20.7854
5135,20.7644
5385,20.7585
5607,20.7373
6482,20.7202
7031,20.7147
7181,20.7118
7291,20.6716
7431,20.6406
7885,20.6193
8292,20.566
8385,20.5414
8573,20.5409
8575,20.5345
8832,20.524
9018,20.5234
9135,20.5234
9385,20.5218
10079,20.5204
10350,20.5187
10431,20.5129
10681,20.5083
10804,20.33
10949,20.2557
11199,20.254
11699,20.2305
12949,20.2262
13108,20.2001
13278,20.1859
13385,20.1687
13635,20.1545
13885,20.1339
14635,20.127
