Evaluations,Fitness
1,8678785.123230
3,8169591.911632
4,7258679.591234
16,6926049.119647
34,6131144.819776
121,6050460.783162
344,6014664.522588
361,5896720.508828
909,5808580.802760
1159,5695126.616914
1246,5294953.164422
1373,5251466.581163
1766,5217093.461791
2099,5203837.873557
2371,5137976.471277
2551,5121490.672624
2590,5066632.962875
2746,5050856.022691
2799,4927829.988409
3033,4617383.453219
3063,4360416.706527
3909,4355548.178476
4659,4353613.601967
4793,4212504.311586
5065,4195557.870099
5254,4195427.201473
5257,4099426.351852
5659,4093866.467396
5855,4093142.306784
5909,4086196.508722
6312,3823927.934522
6409,3821939.692863
6604,3820671.852479
7018,3609475.834002
7067,3508457.232077
7314,3508446.548398
7338,3507526.139295
7531,3506411.557059
7784,3479140.155059
7909,3478792.974151
8101,3465265.240499
8574,3460827.838187
8909,3460795.752317
9159,3456831.722127
10121,3446968.153891
10123,3446800.582433
10159,3445929.346919
10338,3440643.504386
10602,3175985.451349
10605,3169596.235395
10813,3167117.246620
11375,3166172.213249
11659,3139615.281473
12100,3139008.102748
12159,2490871.057748
12286,2489639.577704
12409,2484039.529748
12563,2468034.149652
12830,2465522.163898
13159,2454126.354361
13321,2437827.201288
14159,2437480.197296
14260,1903967.773893
14262,1903558.993708
14762,1889583.532335
