Evaluations,Fitness
1,203170.050791
2,178390.028005
3,177799.106268
32,171637.917041
37,169335.125291
44,168610.769294
53,147510.430407
94,147036.817964
219,146771.911270
428,146304.096763
469,141330.920867
719,141326.146763
1046,138629.512269
1573,133541.918503
2037,127612.592450
2556,126057.990712
2678,125143.664794
2840,124975.477676
2928,124821.201391
3067,124802.294720
3327,124793.623373
3365,124621.146986
3428,124334.300802
4293,121409.370653
4428,119997.609134
4838,119571.302439
5428,119148.007634
5589,119129.165124
5604,119093.317417
5732,118773.936201
5784,118328.293223
5859,117476.504647
5928,116296.943101
6232,114368.781678
6295,113275.681146
6316,113267.099225
6678,110514.440074
6808,110478.527021
6928,107947.265728
7290,107659.526633
7536,107263.914788
7609,107001.563363
7696,106005.118793
7764,101978.688282
7928,101967.580021
8178,101915.262117
8372,101795.666077
8428,97076.072479
8603,96825.548709
9678,96816.939429
9742,95079.251031
9786,94538.439840
9946,94061.223189
10036,94029.984971
10446,92635.195647
10742,92085.645393
10761,91778.187811
10766,91428.486200
10946,91428.354220
10992,90539.079923
11074,87230.118024
11327,87222.113748
12006,85880.823458
12242,85868.934238
12492,85868.834224
12514,85815.573256
12580,84604.531266
12946,82729.438054
13428,80134.760491
13678,75886.972873
13872,72412.821466
14178,72167.790355
