Evaluations,Fitness
1,5.53005e+06
2,4.81528e+06
19,4.70921e+06
38,4.6245e+06
65,4.53257e+06
96,4.36415e+06
163,4.35537e+06
663,4.35501e+06
810,4.32331e+06
935,4.31823e+06
1070,4.31127e+06
1097,4.30011e+06
1221,4.24107e+06
1563,4.22073e+06
1663,4.21494e+06
1721,4.17571e+06
1818,3.89044e+06
1913,3.83724e+06
2096,3.76156e+06
2364,3.76081e+06
2413,3.76005e+06
3305,3.67626e+06
3413,3.64039e+06
3833,3.6331e+06
4394,3.41762e+06
4508,3.40396e+06
4644,3.38128e+06
4894,3.36474e+06
5013,3.35723e+06
5111,3.35555e+06
5308,3.3046e+06
5521,3.30348e+06
5644,3.15642e+06
5894,3.15639e+06
6428,3.1516e+06
6563,3.14479e+06
6617,3.08449e+06
6755,2.95849e+06
6858,2.50166e+06
7144,2.48275e+06
7870,2.47178e+06
8394,2.45383e+06
9031,2.4457e+06
9644,2.41581e+06
9894,2.34881e+06
10043,2.34173e+06
10144,2.29621e+06
10303,2.296e+06
10576,2.28658e+06
10603,2.28628e+06
10644,2.28471e+06
10760,2.28471e+06
11077,2.27078e+06
11558,2.26234e+06
11562,2.26048e+06
11752,2.25156e+06
11928,2.24323e+06
12078,2.23166e+06
12144,2.14796e+06
12334,2.14484e+06
12394,2.13013e+06
12806,2.12109e+06
12830,2.11725e+06
13074,2.0513e+06
13346,2.04688e+06
13414,2.03e+06
13540,2.024e+06
13664,2.023e+06
13823,1.93966e+06
14066,1.91431e+06
14164,1.90251e+06
14288,1.8789e+06
14414,1.87871e+06
14503,1.8412e+06
14509,1.67129e+06
14585,1.66892e+06
