Evaluations,Fitness
1,194818.605155
2,151761.536809
75,144770.778446
116,143673.697706
241,143414.406962
361,143157.366625
627,143006.940396
741,142195.461911
755,141530.200195
877,140485.305617
1241,140028.661964
1450,135582.592229
1544,134379.584922
1732,132183.748503
1790,131632.680718
1843,127360.638460
1982,126878.046783
2045,125945.402180
2127,124663.498712
2259,118795.701251
2377,118569.170456
2548,118405.163278
2795,118265.301579
2825,118230.482060
2833,118229.631567
2877,118226.210108
3316,116669.029250
3542,116561.291705
4127,116497.755167
4276,116211.895251
4482,110539.357284
4814,109042.981756
4972,108080.360746
5017,107714.925579
5060,106320.806020
5232,101162.673973
5329,99518.308133
5482,93874.333810
5815,93690.122832
6267,93520.606716
6482,93124.699166
6732,93113.561389
6802,91758.277153
6982,90907.582205
7095,90007.651263
7114,89779.569133
7232,87319.747414
7299,87263.059309
7362,81773.314537
7764,76335.722357
8100,76236.601709
8232,75180.896411
8312,67937.254005
8482,67556.691321
8838,63554.697275
8982,63545.855288
9101,62034.049788
9232,61485.138216
10564,61333.124959
10732,61221.383747
10752,61157.869374
11002,60959.295589
11109,60724.074692
11251,60690.844283
11286,60070.425498
11347,60059.091262
11588,59999.613594
11732,59918.194635
11845,59617.539007
11982,59594.896516
12028,54526.412530
12319,54514.651947
12331,54443.678100
12482,53232.905425
12560,53225.063384
12732,53043.464557
12982,53043.147245
13232,52822.194184
13482,52749.108931
13518,51793.096855
13982,47927.782045
14053,47712.089407
14290,47347.595732
14482,47163.100553
14544,45198.918532
14571,42173.857404
14607,42044.520301
14732,42041.929280
14760,32844.103070
14817,32801.509642
14820,32526.443993
14838,32500.317495
14869,32170.042914
