Evaluations,Fitness
1,7323165904.674785
3,4720837188.541342
4,3187067356.726081
5,1558142945.848748
6,1293912607.815298
20,935971670.786841
44,885014952.838733
81,843935047.922035
206,830501353.758283
286,781747573.918115
321,685836680.419971
620,566786431.692185
719,564480968.439400
805,487918293.070944
848,457562759.582776
862,457316421.945008
1262,452918028.376856
1456,452611005.909907
1956,451933992.798551
2036,451933057.692625
2759,402622057.679477
2765,397424167.826126
2796,380958070.867954
2821,378178634.187736
2956,348527419.866637
3007,348527046.817414
3118,345023289.202227
3525,321388270.445894
3618,320587483.458176
3706,311303616.833951
3780,296885114.303814
3798,295360806.952333
4054,294085689.516203
4088,294044639.515666
4260,290011727.841517
4277,284128576.233282
4513,282588744.749224
4596,282473874.001760
4706,274825749.457631
5011,258122942.202781
5068,254820792.072967
5206,254644822.749521
5321,254544039.856478
5535,246516841.784490
5762,245717963.606856
6026,238011775.925307
6285,236617595.373565
6350,236577784.481660
6359,235535834.009963
6366,227814539.200089
6620,226876401.519194
6818,226812705.131332
6820,226398813.144145
7016,226139736.409438
7017,226048659.595730
7354,225462897.554892
7548,225165828.683464
7827,223169195.877929
8303,223137400.268496
8456,200725720.340093
8582,199231689.833416
8756,190497114.004193
9031,190446801.121115
9341,188844814.968601
10009,188819777.080126
10100,185936592.645092
10206,184597325.901210
10317,184532266.605190
10456,183936121.819430
11259,183323761.270741
11291,183199127.373925
11350,182070514.404836
11520,177996999.175898
11562,175731158.817636
11865,174889085.995422
12367,174093694.559091
12706,172582929.340953
13040,168586335.063931
13098,167917807.749915
13206,167319842.450779
13259,164581417.971220
13456,164239065.559021
13532,161456733.544266
13854,161311956.413394
14255,161296726.791045
14348,161059330.846512
