Evaluations,Fitness
1,206208.393700
3,167673.742589
9,167018.119724
25,161359.947222
33,155824.945434
61,118243.610857
436,118230.382681
1048,114365.095869
1548,113921.949245
1686,113522.518344
2046,112975.973569
2310,110418.894839
2436,110146.096053
2686,105364.529865
2797,105183.339609
2830,101399.781920
3304,100672.085308
3436,100411.887893
3570,100103.254788
3579,98779.477123
3936,96903.166542
4436,96668.238982
4584,94132.530833
4686,94117.767077
4873,94089.228310
5042,94075.613025
5436,91067.425103
5861,90456.969602
6032,90420.622325
6536,89215.325988
6567,89171.144968
6772,89072.792611
6830,87679.174034
7102,87628.844568
7115,87429.587702
7186,87321.530239
7436,85482.970649
7686,84776.509434
7776,84741.409471
7831,84717.137236
8004,83144.372124
8250,82893.865960
8436,77180.963478
8936,76963.201896
9076,76248.291078
9314,76183.769710
9335,76114.900580
9436,76105.136454
9583,76103.712524
9686,75957.306250
10000,75204.355220
10014,75095.677963
10250,73984.192827
10852,73792.721278
11186,73792.231272
11318,73772.131868
11330,69971.105550
11605,69016.597724
11750,68800.784949
11830,68572.553368
12000,68552.868933
12032,64385.558695
12250,64363.732484
12263,64218.262167
12550,60296.402429
12750,60266.093013
13270,60210.960265
13500,60201.579168
14052,60143.774665
14250,59189.112786
14296,58657.284789
14550,56858.004809
14828,56398.039966
14854,54785.255420
