Evaluations,Fitness
1,1094074141.457299
7,919245628.473817
18,632869112.445602
23,627031846.666363
33,575094684.820191
83,449108842.039805
93,378707349.197108
294,353388354.294465
345,352482654.851853
458,349662730.616991
515,333916957.022672
544,317903958.611347
593,311082070.655504
618,280871142.868040
775,238007843.020445
793,233851334.354188
850,233480025.154365
958,205161941.100797
1208,205136540.536983
1708,202075752.106396
1754,191633574.206569
1775,191138954.632941
2103,189368446.711458
2208,184041039.753846
2533,184038893.734265
3124,183825077.851112
3251,181428909.753707
3279,173737720.748081
3281,166371664.766392
3296,162720933.748409
3299,162121746.422290
3458,161937062.205527
3527,158387213.519572
4057,156577997.346781
4279,155561467.109421
4289,155225095.241335
4316,155133056.830827
4458,154393566.463838
5007,153701484.348738
5254,153399546.299058
5525,140911325.765575
5708,138917705.354091
5769,137462762.129986
5783,136681518.139280
6116,136647875.772080
6283,136631465.655071
6367,135268256.865102
6371,135197672.027665
6458,131608163.059681
6816,131586642.125262
6836,131463365.729973
8013,127526094.226322
8103,126784475.448985
8366,126736989.440518
9048,124904771.605791
9208,124677287.335508
9853,120985631.809005
10062,120267489.059287
10208,119129534.098771
10322,118757470.275305
10327,118632221.140085
10336,117815227.942753
10708,117319396.722396
11284,116618416.388911
11293,115818905.606578
11510,115266226.334534
11536,115161220.997245
11610,113696308.536224
11842,112359509.088839
11958,109558990.883839
12067,109161068.043702
12345,109104385.366764
12348,108606179.696372
12458,108590853.284418
12813,107822367.173654
13458,107783244.985292
13763,106630550.011708
13828,106485059.359911
