Evaluations,Fitness
1,2611.07
5,2321.33
15,2231.25
39,2108.18
46,1979.23
171,1954.41
545,1933.56
579,1930.14
1171,1913.46
1365,1901.62
1421,1896.86
1875,1896.42
1921,1889.81
2266,1875.4
2341,1871.64
2536,1869.14
2800,1846.82
2915,1798.6
3171,1779.85
3371,1776.79
3671,1774.51
4165,1753.52
4171,1718.16
4258,1716.46
4671,1685.73
4826,1685.63
4921,1678.04
5055,1670.31
5083,1660.06
5559,1655.1
5572,1623.85
5579,1621.53
5591,1621.31
6026,1581.87
6052,1579.22
6171,1579.13
6344,1565.31
6345,1564.78
6421,1562.38
6671,1515.74
7354,1486.68
7523,1472.38
7625,1410.9
7801,1369.09
7886,1368.88
8311,1368.74
8386,1363.98
8886,1343.25
9267,1252.42
9347,1251.14
10090,1149.03
10336,1147.86
11302,1142.03
11569,1138.55
11578,1127.42
11636,1123.63
11832,1111.99
11886,1106.79
12579,1105.08
12767,1082.65
12785,1082.2
12787,1076.54
12840,1064.43
13386,1029.42
13589,989.465
13636,954.707
13886,950.168
14136,949.039
14259,942.527
14386,937.501
14576,926.535
