Evaluations,Fitness
1,1541674048.219041
8,1411845169.679287
9,911830359.337392
22,724825849.190257
100,594723054.676973
225,594118393.894492
332,558120886.472782
475,492106896.589033
507,466421442.586307
610,463963157.381591
754,457407840.625727
755,451729809.821976
975,442334133.981987
1080,439220040.115326
1116,438787491.136533
1225,438241964.414113
1285,431835131.614550
1375,413750439.894041
1725,405791411.451311
1773,400827946.796596
1796,400181874.844269
1810,399361304.980856
1812,398104196.009822
1873,398064717.492153
2269,398046313.970911
2767,380818630.585104
2771,354768207.096850
3174,354752891.041943
3618,338091419.623094
3881,328681671.063499
4342,327464065.859100
4761,327254001.307437
5077,326835135.594139
5108,325176971.967882
5117,230736955.403571
5294,212045146.752936
5368,211528251.757444
5507,211365659.238644
5562,201606827.544681
5674,201450225.094351
5783,190464590.913164
5796,190397269.342775
6103,185964365.942931
6612,185963147.445379
6753,185634822.008918
6789,185147250.034677
6818,184904686.335216
6859,184891530.045082
7030,184884638.395136
7861,184793072.680220
8018,184435745.946487
8045,184435690.368675
8105,183391003.432385
8301,179303838.268221
8536,179252411.474108
8631,178130557.617758
9012,176020969.732246
9039,172529606.848687
9092,170413266.439265
9131,167918528.948416
9881,166399816.699913
10040,166088613.863943
10131,163087083.133952
10263,162788640.430535
10292,160602417.743008
10381,160374353.173060
11065,158001682.465046
11077,157978076.770733
11112,157247935.728061
11251,157168038.028429
11631,157165585.099340
11757,151977717.365752
11776,151836316.897483
11816,151291515.864747
11832,150973464.580357
11871,143212087.756111
12174,141047166.478636
12320,139845221.850187
12424,139337433.869766
12674,139072681.904813
13120,138398417.135119
13319,136063201.832535
13503,135660367.509419
13514,134732764.739479
14174,133949839.548501
