Evaluations,Fitness
1,6416513850.944287
2,811426939.667374
20,626331853.011123
35,437059856.201054
66,361209235.881582
68,238982490.805786
266,237750081.205787
267,214686226.535041
310,212753467.615851
516,202782201.107608
519,202739632.929545
544,200889758.310355
617,197449339.148239
693,197283010.962024
806,195279189.242739
1069,194139322.948473
1193,194054842.805445
1320,188654573.901662
1535,186706159.755295
1552,184328011.429390
1554,184165695.315285
1769,175261383.102725
1784,174517762.743597
1806,174350353.136293
2255,174347675.077794
2547,174290505.251143
2773,174269288.003972
3055,168303930.862687
3063,145333363.227614
3292,144760650.795660
3509,130212065.778208
3768,129681744.647950
4007,128835771.211788
4020,127469790.896602
4088,127409444.362460
4188,127135421.991124
4592,127080710.067585
4754,127037987.064280
4815,126937710.368975
4842,126879163.314623
4857,126494794.702315
5064,126388665.810552
5102,126365224.570092
5610,126043833.738043
5793,124950037.759512
6251,124863385.624512
7536,123030089.170167
8102,122518545.487569
8265,117505022.560122
8438,117390097.992696
8523,117381390.828884
8834,116785221.397550
9028,116716170.249201
9335,115791194.290142
9530,113790510.966843
9602,113633462.338873
10846,113464297.724568
11938,113439041.067697
14059,113420865.106129
