Evaluations,Fitness
1,21.584713
2,21.337583
4,21.286977
12,21.192533
69,21.098003
511,21.090748
699,21.080292
756,21.071047
772,21.061804
1028,21.055296
1057,21.051652
1194,21.042285
1340,21.026646
1348,20.981958
2023,20.976563
2194,20.952710
2444,20.922158
2694,20.919202
2840,20.916574
3109,20.906775
3122,20.872633
3449,20.872167
3625,20.846929
3788,20.782222
3800,20.774857
3804,20.751718
4018,20.749182
4067,20.747558
4122,20.729716
4262,20.690159
4288,20.632953
4949,20.622986
5259,20.595812
5444,20.585575
5694,20.572252
5699,20.569845
6518,20.564665
6611,20.547710
6694,20.536412
7122,20.531442
7194,20.527472
7449,20.519312
7699,20.508823
7790,20.493918
7944,20.422527
8194,20.411822
8694,20.390281
9194,20.359183
9316,20.348194
10042,20.329629
10194,20.297231
10444,20.258029
10694,20.211202
10944,20.144041
11444,20.138616
11694,20.135949
11811,20.119089
11944,20.086707
12444,20.048160
13194,20.040312
13444,20.034082
13944,19.995001
14694,19.958706
14816,19.954215
