Evaluations,Fitness
1,9432640652.574562
2,1116902592.283409
5,476272513.081028
48,329091421.881515
300,327328635.068946
302,311794341.254688
450,285517499.781864
549,273115823.355584
582,272878865.374317
587,268962040.684105
758,192821322.285426
803,166305843.302264
973,165047628.932347
1003,162725693.687487
1091,161384729.190288
1124,161257054.088576
1223,160601956.952259
1285,157493797.553397
1538,155453817.315215
1590,154078357.073942
1796,154024803.368211
2056,147815152.961877
2116,147227525.024398
2473,142082430.272384
2519,141856648.293615
2615,141754729.769366
2751,141450831.909874
3322,141440918.257099
3473,141378759.934601
3512,141316915.002388
3723,141169238.328645
4223,140965418.460538
4253,140908566.297002
4973,140891785.387783
5578,139846657.960462
5588,138333839.784995
5596,137435937.469934
5723,137434348.637855
6027,135669711.998292
6973,135633669.192453
7054,132318398.982661
7252,131784361.321986
7473,131771213.297958
7568,131438507.139466
7578,131260770.878506
7588,126888393.833385
7973,126502376.293896
8223,126274476.514465
8860,125936664.139087
8973,125823898.821031
9758,122995329.093001
9876,122598392.841919
10295,122540029.805019
10367,120653138.444705
10541,120622982.758966
10560,119937177.487052
10723,119102640.285614
10861,119010279.856640
11011,117216246.329222
11061,113871755.849260
11108,112831372.019867
11617,112761491.634832
11781,107188100.888374
12097,104585472.862514
12126,104461894.085392
12339,103058753.570720
12535,100708884.934693
12626,100517686.810168
13042,100513777.667202
13126,99915904.486233
13565,99903901.660587
14113,99823775.580957
14608,99165150.229650
