Evaluations,Fitness
1,2762635572.154860
2,975704746.867736
3,729843314.340138
9,456344377.537994
35,435556778.033522
271,423191642.573125
281,401110685.026672
320,392525827.323402
356,313382696.108141
410,311311151.236355
660,308993368.160667
814,307392105.713591
861,306487136.022490
910,296080455.020121
1015,295426071.855090
1110,295282540.768079
1160,292869152.841782
1521,284360290.326777
1829,284117733.541678
2020,271521324.675537
2054,268687744.167695
2141,266401956.914909
2513,263896066.992730
2587,262236479.490795
2609,248322251.054803
2686,239672194.947349
3008,232275646.224788
3117,232262996.257643
3278,228288889.904134
4023,226652707.994770
4066,226101909.194509
4117,224115646.158317
4384,222622286.873418
4558,222608291.312443
4605,221245385.245989
4620,221239818.106948
4835,216197013.456506
5189,213261737.699116
5559,212141450.834781
5571,210821199.829820
5591,201471931.639518
5617,201409237.326559
5862,191336912.581014
5873,191283914.687755
6117,186381532.221619
6439,186301085.442414
6584,175363238.117683
7041,175006872.660656
7170,174374421.439089
7420,172851709.156332
7833,172447041.008143
8117,169169649.650493
8170,169038756.676288
8855,154457588.996017
9065,152206471.562089
9337,151795756.273969
9353,151785996.903798
9420,151385477.915866
10170,151210541.905420
11314,151150920.096185
12105,149876230.178106
12309,143936396.608207
13689,143040154.944300
13939,141698876.399781
