Evaluations,Fitness
1,21.4308
2,21.2525
77,21.245
254,21.2215
452,21.1967
560,21.187
702,21.1441
802,21.1238
1202,21.1095
1452,21.1035
1702,21.0908
1816,21.0656
2033,21.0575
2202,21.0435
2306,21.0434
2527,21.0413
2952,21.0294
3039,21.0201
3292,21.0115
3321,21.0022
3541,20.9915
3586,20.9884
3702,20.981
4287,20.9757
4452,20.9481
5116,20.9407
5208,20.9405
5210,20.9153
5288,20.9102
5294,20.9062
5621,20.9051
5702,20.875
5903,20.8571
6202,20.8451
6281,20.8392
6702,20.7952
7275,20.795
7344,20.7946
7403,20.7884
7540,20.7507
8210,20.7399
8343,20.7324
8702,20.7305
8710,20.7261
8849,20.6833
9058,20.6411
9153,20.6393
9702,20.6331
9972,20.6188
10222,20.6051
10359,20.5825
10759,20.5014
10972,20.4765
11034,20.4418
11222,20.4405
11261,20.4403
11722,20.4327
12050,20.4067
12366,20.3666
12472,20.3579
12755,20.3001
12972,20.2756
13222,20.2543
13345,20.2446
13524,20.2075
13722,20.2071
13972,20.2068
