Evaluations,Fitness
1,6.40857e+08
7,6.34647e+08
13,6.13729e+08
27,4.64823e+08
312,4.5545e+08
402,4.52521e+08
542,4.52233e+08
652,4.41395e+08
1045,4.33116e+08
1152,4.2478e+08
1251,4.2145e+08
1564,4.21213e+08
1652,4.21196e+08
1780,4.08562e+08
1832,4.07532e+08
1902,4.07439e+08
2315,4.06494e+08
2593,4.05755e+08
3346,4.01484e+08
3375,3.98945e+08
3402,3.88898e+08
3652,3.85467e+08
4402,3.85369e+08
4652,3.84404e+08
5075,3.81877e+08
5152,3.61069e+08
5351,3.59817e+08
5365,3.56077e+08
5614,3.55609e+08
5953,3.55272e+08
6188,3.50217e+08
6314,3.47568e+08
6438,3.47553e+08
6771,3.21978e+08
6807,3.21948e+08
7046,3.11386e+08
7123,2.81638e+08
7342,2.81461e+08
7582,2.81362e+08
7597,2.77823e+08
7763,2.75359e+08
7886,2.73338e+08
8015,2.73173e+08
8070,2.52984e+08
8152,2.41755e+08
8297,2.37593e+08
8463,2.37424e+08
8546,2.35794e+08
8556,2.31117e+08
8780,2.30226e+08
8819,2.30003e+08
8827,2.2997e+08
9258,2.26145e+08
9780,2.26058e+08
9848,2.2604e+08
9871,2.26039e+08
9963,2.25928e+08
10286,2.23334e+08
10520,2.07916e+08
10640,2.00819e+08
10763,1.99618e+08
10800,1.6402e+08
10811,1.63991e+08
10890,1.5604e+08
11032,1.5576e+08
11073,1.55754e+08
11140,1.5542e+08
11752,1.53318e+08
11788,1.41405e+08
12091,1.3995e+08
12140,1.39193e+08
12316,1.38801e+08
12342,1.28192e+08
12510,1.2665e+08
13305,1.26527e+08
13390,1.23856e+08
13776,1.21401e+08
13831,1.20833e+08
14064,1.20702e+08
14120,1.20693e+08
14140,1.20145e+08
14333,1.18911e+08
14356,1.18596e+08
14390,1.18573e+08
14530,1.18426e+08
14640,1.18378e+08
14751,1.17684e+08
14767,1.16917e+08
14835,1.16825e+08
