Evaluations,Fitness
1,2098488683.391683
6,959954493.392888
13,792729592.283321
49,782094261.844392
64,704771051.504533
254,696517072.562835
282,654145180.636797
362,622844406.483466
577,604245550.309987
606,585579590.784780
674,578515589.700025
779,578245110.607199
812,573870074.463873
924,559921758.964250
1076,554286742.590854
1088,554228136.265195
1271,481731387.786463
1300,472212338.043244
1373,464281330.540339
1512,455427262.719589
1529,454436014.463029
1571,426617178.165157
1793,418369956.626059
2010,418089895.490522
2029,415129700.603769
2076,409705770.512660
2106,407325655.199999
2124,391636846.649639
2381,386411582.316846
2491,348601690.456724
2565,315354041.381696
2840,312265826.451849
3122,309805547.394624
3241,306691634.047796
3366,303608634.672915
3506,297926744.838737
3577,296446516.743607
4241,295186261.211923
4551,279748428.282746
4579,279725918.078848
4751,279273435.341392
4778,279143696.173330
4873,267032101.517915
5031,257885159.285857
5037,257715245.657533
5054,257482396.232015
5060,257295378.457037
5069,257090631.451476
5106,254026145.571842
5374,251445779.039898
5602,247302738.570163
5778,247180676.535186
5863,245709542.263984
7088,237690916.321664
7284,229083851.490008
7597,224186189.452709
7672,221437471.781180
7759,221416825.437910
7773,215938448.567157
7786,214441027.421536
8109,213549032.454351
8267,209108241.826899
8756,208339513.766880
8781,207832629.107608
8820,206406629.306037
9073,204341256.023634
9568,202965876.871280
9672,202491102.899453
10031,202185982.492153
10422,200869108.650604
10515,200782416.117031
10825,200441553.322392
10873,199381769.452121
11046,190671485.261270
11604,190146349.099656
11612,189040781.320253
11832,188901386.263219
12764,188859654.705362
13092,188557120.550572
13422,185655991.137218
13516,185511136.452934
14112,184497579.097180
14330,184451452.866947
14501,184000522.760606
14537,183471773.291130
