Evaluations,Fitness
1,6367019.177658
3,5387298.623175
6,4887282.494984
18,4859981.042028
29,4654433.182984
41,4628628.086057
43,4617569.831021
56,4439620.345793
467,4416218.491111
524,4330714.955992
568,4305311.657545
674,4273440.031719
924,4273215.144117
1083,4222844.086603
1154,4126235.767685
1524,4124747.089348
1777,4114987.114220
1873,4087701.649318
2217,4025572.870216
2341,3834368.122377
2514,3829033.389490
2557,3828598.008224
2717,3690840.517230
2862,3685043.812595
3217,3682836.354671
3607,3680574.667162
3617,3672883.921564
4045,3501069.685458
4279,3496444.030825
4467,3296415.590244
5012,3296354.039610
5255,3291077.285861
5869,3283279.399734
6217,3281724.625042
6280,3279408.700811
6510,3161842.485022
6717,3160468.944613
6788,3069337.244906
7009,3065964.694944
7348,3038939.454550
7467,3038721.236877
7562,2960186.076344
7590,2936394.757870
7717,2896960.454822
7967,2728374.822566
8015,2727107.386901
8125,2720329.694124
8359,2717539.283135
9079,2692360.323343
9612,2691619.610230
9619,2446914.901329
9717,2370165.842726
9754,2356929.419162
10371,2353613.424959
10777,2351605.842645
10838,2351522.739885
10967,2349424.309028
11361,2325148.173960
11422,2281072.524352
11467,2217766.767383
11967,2205322.121491
12040,2186119.163296
12217,2137109.660972
12288,2136994.142617
12467,2091298.488427
12538,1914657.720794
12717,1910389.644654
12770,1910053.069104
13217,1891379.259770
13534,1855515.436755
13717,1854683.160301
14033,1854481.071506
14508,1854453.010211
