Evaluations,Fitness
1,9039452.536185
6,8177333.948986
8,7522752.101772
15,6203247.010042
390,6011855.831090
550,6008738.481719
557,5960580.476257
559,5884206.668095
846,5835888.162125
1094,5796608.481344
1390,5792023.893470
1640,5769809.903891
1850,5656162.238781
2310,5648354.487397
2431,5439123.007568
2537,5431788.008050
2681,5385889.321378
3009,5359446.583319
3040,5352521.432008
3176,5226490.497802
3356,5218428.821233
3362,5216357.616502
3366,5162547.095621
3616,5156092.494329
3676,5105183.969511
3681,4942807.538344
4116,4935865.621729
4431,4935834.756832
4555,4820231.327048
4832,4774468.445121
5426,4771691.550947
5740,4732302.446097
5787,4314997.077384
5839,4310995.918920
5859,4309026.328661
6140,4301739.936512
6259,4227458.880554
6287,4090238.239067
6390,4088191.171037
6539,3901589.063861
6552,3870794.111980
7140,3709122.927558
7281,3333201.276314
7640,3331830.969547
7792,3331072.566553
7796,3330777.461661
7890,3263547.922552
8333,3246293.459428
8640,3246216.874638
8825,3216780.839503
8845,3071930.023849
8890,3048677.973225
9083,3048450.125927
9285,3022114.748810
9604,3020623.082734
9753,3018117.217024
9858,2953445.074633
9866,2942506.264192
10091,2942099.037156
10122,2829211.367175
11102,2829178.263317
11115,2818605.611669
11291,2815876.434197
11509,2800140.755040
11890,2783742.052209
12265,2584194.118248
12620,2583374.485287
13059,2579680.817996
13575,2579375.456291
13767,2568879.217948
13890,2568773.489361
14258,2567517.542134
14640,2547977.225519
14784,2425759.108282
14875,2395279.945375
