Evaluations,Fitness
1,187355
4,182653
5,172003
11,160300
26,149289
37,117898
162,117624
564,116579
755,116548
764,115012
1912,114778
2078,114090
2162,113424
2354,108317
2363,107318
2412,106206
2872,106176
2912,105760
3081,105613
3335,105569
3570,97031.3
3912,95433.6
4067,93577.8
4297,93559.3
4752,90657.4
4806,89731.2
4912,89368.6
5162,89052.4
6267,82839
6300,78070.5
6552,77436.5
6617,77270.7
6662,73228.1
6778,73115.6
6803,67034.8
6823,66666.1
6837,64931.1
6912,64683.4
7002,62307.2
7099,58801.3
7317,58475.3
7530,58154.3
8020,57133.2
8078,56985.5
8162,56596.7
8412,56590.6
8552,54806.7
8758,54806.3
8842,54754.1
9001,54497.4
9006,54491.1
9061,54102.9
9360,54099.9
9503,54042.1
9604,52835.8
9662,52832.7
9758,52806.2
10001,52662
10016,52621
10032,51160.9
10287,50996.8
10530,50934.3
10864,50921.4
10912,50844.9
11041,50816.8
11051,50284.3
11412,50042.3
11565,49731.3
11766,49382.1
11912,49379.6
12162,49186.6
12270,48886.2
12412,48843.2
12912,48610.9
13162,48113.2
13412,47478.9
13584,47256.8
13588,45921.2
14039,43995
14332,40724.2
14582,40629.1
14596,40628.5
14624,31206
14796,31205.4
