Evaluations,Fitness
1,499.995236
2,210.252328
35,11.402251
87,10.231951
266,9.888300
316,5.049820
524,3.152279
557,3.152014
607,2.983012
732,2.982847
1117,2.982377
1252,2.982265
1346,2.032311
1510,1.538422
1535,1.119011
1593,1.011382
1797,1.001702
1819,0.998004
2722,0.998004
2869,0.998004
5594,0.998004
5856,0.998004
7349,0.998004
8817,0.998004
10007,0.998004
10366,0.998004
10913,0.998004
11006,0.998004
11163,0.998004
11570,0.998004
12499,0.998004
13095,0.998004
13738,0.998004
13832,0.998004
14152,0.998004
14301,0.998004
