Evaluations,Fitness
1,1348.5
3,1251.87
15,1204.6
125,1195.59
316,1190.89
368,1168.31
620,1153.32
890,1152.75
1175,1150.51
1284,1147.78
1425,1145.93
1517,1137.44
2000,1136.92
2221,1122.67
2250,1122.39
2289,1108.62
2291,1087.92
2471,1087.08
2523,1071.9
2853,1071.36
3100,1068.14
3140,1060.64
3425,1052.94
3514,1047.97
3640,1046.99
3675,1045.92
3925,1041.1
4140,1040.89
4168,973.481
4310,956.336
4418,939.765
4668,920.518
5044,903.428
5418,874.846
5540,870.063
6168,850.943
6418,843.649
6668,822.606
6918,819.674
7168,819.625
8037,812.253
8168,811.736
8918,800.52
9295,791.324
9418,789.798
9568,784.321
9602,777.633
9668,776.207
10101,774.411
10418,767.779
10668,753.029
11316,752.585
11577,749.977
11625,731.403
11806,728.348
12035,723.242
12168,713.232
12841,711.914
12918,710.988
13369,702.363
13418,702.073
13507,697.259
13539,695.573
13548,690.123
13578,689.877
13668,686.176
13815,669.36
14418,665.762
14523,665.425
