Evaluations,Fitness
1,215171.185952
3,198284.895488
12,175431.194280
18,148565.842234
143,146055.932156
828,145314.727438
1231,145144.178574
1319,144205.744337
1538,141030.715453
1659,136010.332219
2095,135954.734005
2409,133056.565610
2659,131569.523249
2683,130067.659042
2751,127310.850589
2933,126052.239065
3433,119087.064409
3513,118884.619215
4045,115168.252309
4092,114993.613967
4290,114879.228750
4512,114758.673649
4683,114163.001351
5055,113773.118074
5183,113709.729500
5276,113228.662524
5433,113088.444332
5569,111827.180731
5683,111349.576735
5774,108494.770516
6035,108189.028524
6046,106081.992399
6731,105565.429459
7231,103490.148806
7270,102939.887074
7558,102438.420992
7798,99995.940064
8098,98485.079551
8183,97980.669160
8433,97604.667660
8516,97204.021277
8683,96664.688402
8933,94409.759713
9143,94165.803956
9393,93387.523367
9683,92298.636273
9933,92281.481910
10110,92023.572108
10643,92003.659782
10683,91849.675543
10824,91618.192605
10933,85752.461568
11527,85697.664153
11541,85410.428336
11683,85383.366321
11823,85006.428711
12033,82495.928416
12530,82453.536658
12643,75945.690351
12866,72433.407361
13093,72363.317573
13143,70928.563281
13522,68820.989358
13643,68800.913872
13893,65697.198802
14008,64913.983444
14393,64897.996883
14544,64640.752813
14548,64317.658000
14643,64261.968613
14668,63443.818886
