Evaluations,Fitness
1,3578.802337
2,3307.839984
3,2661.262176
4,2517.454454
5,2404.861762
19,2365.426900
36,2273.095147
74,2167.025345
83,2144.014912
84,2110.482118
88,1981.311142
213,1980.428508
463,1957.259247
1358,1940.006482
1363,1918.849109
1463,1910.304313
1527,1902.896590
1560,1837.383460
1713,1815.498544
1777,1775.257816
1806,1761.069401
2263,1749.332079
2463,1743.971769
2855,1702.058650
2963,1695.990335
3328,1692.522110
3713,1685.943607
3792,1655.745050
3963,1631.619080
4061,1625.573494
4125,1606.280201
4713,1594.520706
4800,1545.103372
5263,1542.044888
5459,1509.574427
5520,1503.153949
5713,1405.447063
5774,1395.578115
5864,1340.708323
6213,1330.738211
6262,1311.723255
6263,1260.779521
6342,1256.646382
6502,1255.863887
6713,1253.733350
6827,1243.411384
6963,1222.947970
7051,1219.997803
7308,1216.158000
7318,1191.563748
7713,1191.363235
7963,1189.621041
8011,1189.513561
8213,1188.483380
8503,1173.334378
8531,1164.270366
8713,1163.696757
8813,1146.675756
9067,1140.650406
9083,1140.363887
9209,1138.327161
9463,1126.226805
9545,1123.611251
9770,1119.232367
9785,1118.442803
9839,1116.935262
9963,1114.126464
10544,1112.669699
10713,1105.874262
10807,1103.719137
10959,1103.633546
11092,1097.191568
11369,1066.517208
11713,1065.615007
11841,1058.609049
11959,1008.388205
12292,975.992871
12459,975.811866
12585,966.187092
12848,963.923355
13306,957.365724
13459,952.254149
13508,926.112755
13523,900.756003
13775,900.409795
14037,894.917871
14054,891.542189
14055,890.372329
14100,885.740955
14209,885.231852
14776,852.047475
14856,845.580702
