Evaluations,Fitness
1,3.37014e+09
3,2.14594e+09
6,1.32961e+09
8,7.74313e+08
1391,6.35455e+08
1514,5.89569e+08
1538,5.87225e+08
1974,5.86181e+08
1988,5.84721e+08
2026,5.83276e+08
2091,5.58956e+08
2148,5.37501e+08
2230,4.71002e+08
2298,4.2249e+08
2348,4.20546e+08
2626,3.96787e+08
2875,3.9323e+08
2990,3.51352e+08
3156,3.02257e+08
3482,2.89151e+08
3530,2.43381e+08
4131,2.2608e+08
4281,2.18638e+08
4394,2.14108e+08
4438,2.08436e+08
4459,1.85636e+08
4550,1.75569e+08
4798,1.54235e+08
4847,1.52124e+08
4858,1.38402e+08
5138,1.35401e+08
5204,1.33263e+08
5346,1.22181e+08
5386,1.02283e+08
5737,1.00385e+08
6007,9.91459e+07
6030,9.66322e+07
6124,8.76524e+07
6310,8.7482e+07
6311,8.42148e+07
6333,7.96294e+07
6491,7.75053e+07
7089,7.60924e+07
7255,7.57923e+07
7380,7.35906e+07
7431,7.22129e+07
7466,7.18104e+07
7470,7.02628e+07
7732,6.94269e+07
8101,6.85606e+07
8190,6.76802e+07
8212,6.50177e+07
8276,6.20548e+07
8527,5.86307e+07
8667,5.6255e+07
9323,5.59957e+07
9367,5.50856e+07
9429,5.47279e+07
9436,5.45086e+07
9453,5.26424e+07
9473,5.07249e+07
9535,4.93278e+07
9629,4.92772e+07
9641,4.82779e+07
9718,4.71399e+07
9993,4.59677e+07
10011,4.33587e+07
10065,4.2864e+07
10097,3.99296e+07
10123,3.77031e+07
10228,3.71867e+07
10758,3.62834e+07
11011,3.59995e+07
11046,3.54559e+07
11048,3.36426e+07
11216,3.17349e+07
11351,3.14382e+07
11355,3.0872e+07
11445,3.04168e+07
11519,3.03511e+07
11592,3.01e+07
11659,2.93309e+07
12104,2.77018e+07
12388,2.7627e+07
12408,2.61239e+07
12508,2.59627e+07
12636,2.58155e+07
12644,2.55775e+07
12647,2.4711e+07
12663,2.32285e+07
12685,2.31411e+07
13019,2.27351e+07
13087,2.2664e+07
13216,2.20777e+07
13312,2.12731e+07
13371,2.11441e+07
13378,2.07192e+07
13447,2.05432e+07
13470,2.00101e+07
13560,1.98628e+07
13564,1.98378e+07
13587,1.97857e+07
13663,1.9563e+07
13718,1.91734e+07
13773,1.90526e+07
13850,1.87853e+07
13916,1.87575e+07
14224,1.87327e+07
14247,1.81474e+07
14273,1.77402e+07
14525,1.76094e+07
14531,1.70673e+07
14643,1.70443e+07
14665,1.68624e+07
14682,1.55179e+07
