Evaluations,Fitness
1,3086.55
4,2614.49
6,2568.65
8,2546.07
10,2327.92
21,2263.32
29,2095.93
404,1999.31
422,1919.17
437,1905.58
443,1893.2
449,1651.17
535,1610.96
540,1599.84
544,1586.29
550,1315.02
580,1217.69
689,1013.81
695,970.857
744,944.787
753,811.065
772,801.752
833,757.298
867,639.52
901,551.355
982,507.977
1006,474.97
1046,392.498
1100,379.03
1112,337.321
1221,324.9
1235,296.841
1254,295.408
1272,276.63
1283,255.888
1315,217.965
1359,214.549
1364,197.824
1394,189.482
1415,162.222
1430,162.22
1455,143.147
1514,138.411
1538,135.831
1545,130.974
1553,128.484
1565,123.716
1569,106.229
1620,99.5252
1649,92.4827
1659,86.7041
1731,79.8143
1739,61.6951
1825,60.4248
1841,53.1059
1923,49.977
1942,47.333
1953,36.8987
2028,33.0812
2127,32.1256
2181,32.1192
2184,31.3935
2185,28.6593
2192,27.333
2193,23.4745
2271,20.9898
2275,19.8103
2287,17.5432
2346,16.9057
2439,15.2311
2454,15.1046
2467,14.3163
2493,14.2751
2512,13.5454
2515,13.5154
2560,10.7139
2621,9.53132
2694,8.9866
2707,8.68545
2726,8.61368
2731,8.53881
2741,8.40158
2761,6.94996
2791,6.06028
2892,5.72011
2944,5.03452
2975,5.02811
2978,4.98512
3010,4.4342
3046,4.39469
3093,4.11137
3107,3.64038
3199,3.42584
3296,3.25596
3325,3.17018
3346,2.94613
3379,2.77661
3452,2.61577
3463,2.58162
3465,2.55776
3474,2.47812
3477,2.36725
3482,2.28137
3525,2.19855
3557,2.03133
3621,1.76714
3755,1.67734
3782,1.66319
3786,1.66133
3794,1.63817
3813,1.62889
3838,1.59844
3851,1.58603
3867,1.55827
3890,1.55485
3912,1.52753
3932,1.52693
3937,1.52656
3941,1.49137
3966,1.45444
3987,1.45309
3988,1.39099
4069,1.33267
4145,1.31762
4146,1.31117
4159,1.23852
4228,1.23406
4235,1.23295
4277,1.23165
4281,1.22583
4291,1.21122
4314,1.19942
4339,1.14761
4387,1.12861
4483,1.12235
4490,1.10617
4532,1.10108
4573,1.09161
4655,1.07134
4725,1.07061
4728,1.06793
4732,1.05988
4779,1.0554
4782,1.05412
4804,1.04763
4854,1.04721
4859,1.04378
4896,1.04288
4903,1.03532
4919,1.02911
4926,1.02806
4936,1.02485
4981,1.0175
5049,1.01447
5065,0.970431
5231,0.961845
5260,0.959349
5261,0.898155
5265,0.89266
5346,0.853886
5453,0.791047
5602,0.785109
5639,0.751512
5683,0.745338
5760,0.739007
5769,0.737522
5773,0.733295
5786,0.728122
5792,0.689468
5801,0.656576
5893,0.59148
5999,0.574349
6048,0.556741
6101,0.509765
6157,0.481883
6224,0.481643
6232,0.477873
6244,0.456615
6258,0.435118
6268,0.426104
6326,0.369303
6540,0.344534
6586,0.342634
6587,0.302194
6641,0.285581
6661,0.279604
6693,0.256735
6734,0.255033
6761,0.251474
6783,0.250857
6796,0.236798
6798,0.207519
6832,0.202771
6929,0.177373
7057,0.150286
7169,0.148945
7188,0.137417
7209,0.120384
7287,0.0946684
7499,0.0906464
7525,0.0681765
7716,0.0669674
7775,0.0599807
7800,0.0580609
7832,0.0553671
7848,0.0537465
7879,0.0528924
7882,0.0473738
7913,0.0443054
7921,0.0421294
8065,0.0349944
8089,0.0336749
8091,0.0298141
8153,0.0282741
8305,0.0251311
8375,0.0241924
8420,0.0212968
8580,0.0192085
8581,0.0184349
8588,0.01831
8616,0.0182738
8660,0.0171396
8686,0.0167954
8755,0.0157903
8816,0.0136074
8933,0.0128752
8941,0.0124385
8943,0.0119647
8963,0.0109714
9110,0.00933311
9170,0.00890944
9226,0.00887931
9256,0.00864299
9264,0.00858661
9265,0.0084527
9273,0.00837298
9297,0.00810349
9302,0.00726296
9338,0.006985
9378,0.00606397
9473,0.00605943
9507,0.00536219
9593,0.00497684
9609,0.00470304
9688,0.00464743
9702,0.00463688
9717,0.00365609
9873,0.00312164
9943,0.00250861
9999,0.00235502
10106,0.00233175
10117,0.00229271
10153,0.00219163
10157,0.00194116
10221,0.00150868
10232,0.00135447
10363,0.00129839
10401,0.00128263
10419,0.00123918
10426,0.00118283
10448,0.00112033
10453,0.00108297
10472,0.00103515
10495,0.000892468
10554,0.000827404
10643,0.000767767
10661,0.000714743
10662,0.000637515
10830,0.000626543
10868,0.000614673
10881,0.000548365
10882,0.000512559
10952,0.000456047
10986,0.000409229
11029,0.000392479
11048,0.000357139
11085,0.000348019
11115,0.000336595
11131,0.000331089
11135,0.000330823
11137,0.00027103
11162,0.000252997
11195,0.000216133
11202,0.000197907
11329,0.000192952
11330,0.000167368
11456,0.000151623
11544,0.000135733
11628,0.00013123
11673,0.000112955
11680,0.000110768
11741,0.000109706
11801,0.000108077
11804,9.33388e-05
11862,9.22627e-05
11884,9.15394e-05
11937,8.485e-05
11956,8.25493e-05
12112,7.23517e-05
12178,7.17121e-05
12197,6.84986e-05
12264,5.87558e-05
12280,5.58425e-05
12314,5.2229e-05
12361,5.08951e-05
12388,4.32668e-05
12457,3.818e-05
12573,3.66425e-05
12607,3.5874e-05
12636,3.27283e-05
12663,2.90842e-05
12782,2.36867e-05
12791,1.98607e-05
12944,1.98406e-05
12962,1.72447e-05
13004,1.69535e-05
13021,1.5581e-05
13097,1.50769e-05
13132,1.41587e-05
13200,1.40595e-05
13216,1.07245e-05
13375,1.03654e-05
13378,1.01652e-05
13408,9.93657e-06
13512,7.99191e-06
13608,7.76323e-06
13634,7.14197e-06
13681,6.86675e-06
13705,6.6847e-06
13718,6.35211e-06
13749,6.05331e-06
13778,5.23762e-06
13875,4.71391e-06
13918,4.5831e-06
13950,4.52731e-06
13992,4.29402e-06
14012,3.90972e-06
14045,3.78953e-06
14047,3.73734e-06
14083,3.11279e-06
14131,2.90501e-06
14140,2.67849e-06
14221,2.45885e-06
14226,2.38515e-06
14320,1.98706e-06
14377,1.84384e-06
14513,1.77159e-06
14515,1.74124e-06
14537,1.28646e-06
14602,1.2692e-06
14680,1.25749e-06
14771,1.21387e-06
14803,9.74115e-07
14862,9.68596e-07
14892,7.34605e-07
