Evaluations,Fitness
1,1443.45
2,1398.07
6,1351.31
12,1265.33
372,1242.05
402,1102.14
474,1002.92
550,910.494
719,892.876
772,872.458
780,810.633
857,773.906
877,755.96
945,751.812
968,746.521
1008,735.859
1017,689.795
1041,654.27
1384,592.65
1878,566.192
2378,532.09
3957,509.946
4032,509.224
4320,503.467
4954,459.286
7277,445.13
7426,434.578
7912,403.593
8302,395.07
8403,390.789
8439,345.845
8521,341.54
8527,338.724
8567,285.603
8637,236.567
8814,234.186
8816,208.001
8860,207.56
8944,206.907
8986,197.239
9006,190.276
9043,175.762
9148,173.201
9161,166.008
9243,157.77
9310,152.034
9322,148.958
9340,132.406
9367,122.173
9387,121.227
9408,118.425
9429,116.255
9439,111.368
9519,107.623
9564,107.524
9609,103.711
9666,103.029
9722,102.846
9725,101.556
9737,99.3853
9769,96.4433
9780,91.5805
9821,89.102
9862,84.4516
9886,82.0884
9975,81.4152
10019,80.6166
10041,80.3171
10062,79.8847
10073,73.3051
10147,72.8397
10213,72.6723
10221,72.0624
10226,70.6493
10232,70.123
10267,69.7371
10301,68.6972
10336,68.6708
10355,67.887
10369,67.8284
10373,67.3416
10448,66.8464
10494,66.4706
10508,65.7628
10567,65.5911
10582,64.3676
10752,64.0837
10772,63.8461
10799,63.5804
10827,63.5293
10840,63.0344
10866,62.7966
10959,62.5055
11009,62.1445
11109,62.0038
11146,61.9425
11152,61.6292
11196,61.6097
11254,61.5649
11307,61.488
11312,61.4863
11315,61.3108
11320,61.2128
11372,61.2001
11511,61.1977
11524,61.1958
11544,61.1263
11582,61.1213
11590,61.12
11628,61.1106
11642,61.0981
11645,61.0301
11701,61.0117
11735,60.8993
11809,60.8648
11850,60.8574
11861,60.8549
11904,60.8545
11913,60.8316
12013,60.8294
12030,60.8274
12040,60.8207
12063,60.8047
12135,60.8038
12150,60.7813
12225,60.7593
12264,60.7552
12310,60.7525
12331,60.7478
12373,60.7468
12404,60.7374
12506,60.7298
12521,60.7262
12534,60.7241
12582,60.7226
12608,60.7203
12612,60.7183
12758,60.7164
12793,60.7103
12829,60.7099
12938,60.7076
12946,60.7073
12962,60.7061
12975,60.7039
12984,60.7023
12999,60.7019
13021,60.7002
13196,60.6989
13216,60.6981
13263,60.6981
13291,60.6976
13326,60.6976
13370,60.6974
13371,60.697
13408,60.6968
13414,60.6962
13479,60.6957
13494,60.6957
13497,60.6956
13538,60.6952
13617,60.6947
13635,60.6941
13786,60.6938
13882,60.6937
13914,60.6936
13952,60.6936
13996,60.6936
14015,60.6935
14021,60.6935
14081,60.6934
14084,60.6933
14131,60.6933
14139,60.6933
14146,60.6931
14165,60.6931
14194,60.6931
14228,60.693
14249,60.693
14289,60.693
14311,60.693
14359,60.6929
14436,60.6928
14500,60.6927
14521,60.6927
14526,60.6926
14676,60.6926
14688,60.6926
14695,60.6926
14727,60.6926
14775,60.6926
14887,60.6926
14977,60.6925
14982,60.6925
