Evaluations,Fitness
1,165480
23,163247
26,160559
491,155992
495,139349
512,127146
542,104842
580,89549.6
652,85419.7
689,79997.6
695,61226.2
753,51247.2
945,49420.5
978,43477.1
999,41813
1032,41789.5
1033,39810.9
1044,38317.2
1079,34874.6
1147,32093.8
1152,28959.1
1224,28254
1235,26235.9
1250,23890.5
1275,23329.4
1359,19016.9
1403,17390.5
1413,17282.5
1434,15028.1
1476,13994.8
1497,13468.1
1514,12959.5
1553,10250.4
1687,8903.91
1756,8238.28
1799,5824.22
1841,5156.16
1944,4837.54
1957,4459.99
1974,4170.21
2002,3702.97
2025,3049.38
2084,3023.19
2103,2917.34
2132,2781.4
2142,2775.4
2169,2701.21
2184,2665.06
2245,2556.01
2269,2444.32
2275,1781
2354,1566.89
2383,1438.98
2463,1307.99
2466,1219.67
2585,951.409
2678,882.218
2694,841.134
2707,784.981
2719,772.309
2726,743.721
2761,722.21
2762,657.866
2795,591.519
2815,537.336
2878,517.265
2904,495.289
2905,471.604
2917,450.759
2983,442.535
3004,397.769
3033,363.421
3037,356.476
3057,350.368
3076,335.47
3093,307.378
3111,296.318
3151,289.343
3159,230.359
3274,218.218
3296,206.979
3346,201.738
3375,185.258
3408,171.42
3440,139.845
3463,139.253
3499,137.009
3519,132.373
3528,121.642
3548,116.24
3588,115.429
3593,113.055
3601,110.416
3602,106.195
3620,102.259
3634,84.4629
3681,81.6178
3692,79.3851
3698,66.3293
3769,62.8083
3786,57.214
3896,53.4271
3932,44.5165
3988,41.54
4055,40.9225
4069,37.5626
4076,36.5246
4081,35.4189
4094,34.8847
4106,30.1151
4153,29.8748
4159,25.1548
4212,22.7444
4235,19.8002
4281,15.73
4361,14.7475
4375,12.4685
4571,9.94536
4573,9.21846
4608,9.01353
4720,8.74348
4723,8.65496
4727,8.65493
4732,7.68173
4745,7.54989
4784,6.66102
4797,6.27725
4802,5.34246
4854,4.97569
4883,4.46735
4967,4.46175
4974,4.29794
4981,4.2791
4988,4.06483
5008,3.87781
5048,3.66401
5068,3.5791
5099,2.90235
5134,2.85765
5222,2.82282
5269,2.49874
5319,2.4826
5337,2.24297
5340,2.20594
5346,1.57651
5450,1.51325
5554,1.5103
5582,1.34809
5593,1.3116
5599,1.05483
5646,0.966559
5726,0.912736
5732,0.895081
5756,0.85284
5766,0.758674
5810,0.692802
5841,0.658663
5851,0.654597
5854,0.644848
5861,0.611393
5884,0.588705
5893,0.58859
5895,0.543964
5913,0.539414
5917,0.457433
6013,0.407841
6030,0.372344
6048,0.328435
6071,0.303653
6143,0.300948
6148,0.270903
6177,0.244077
6204,0.228748
6229,0.225419
6246,0.171712
6400,0.168715
6423,0.147803
6435,0.141962
6466,0.12244
6520,0.121122
6521,0.114965
6540,0.106232
6587,0.101008
6618,0.0993458
6634,0.0956054
6668,0.0883763
6701,0.0833261
6708,0.0772009
6733,0.0725061
6740,0.0716655
6781,0.0689042
6783,0.0564588
6814,0.0540058
6830,0.0534097
6871,0.0496435
6872,0.0481891
6893,0.0430763
6936,0.0415297
6941,0.0413317
6953,0.0411097
6976,0.0397007
6977,0.037556
7006,0.0364147
7031,0.025896
7090,0.0251764
7234,0.0184564
7277,0.017941
7362,0.0150451
7415,0.0143554
7436,0.0141932
7461,0.0133259
7469,0.0117977
7518,0.0113649
7538,0.0111825
7549,0.00924223
7606,0.00908877
7660,0.00819239
7674,0.00759536
7688,0.00750645
7723,0.00738571
7725,0.00698336
7767,0.00685084
7779,0.00669578
7809,0.00577626
7815,0.00536156
7821,0.00518761
7848,0.00482693
7865,0.00444893
7916,0.00429314
7920,0.0036321
8025,0.0034887
8028,0.00326662
8029,0.00273834
8048,0.00263205
8091,0.00192162
8252,0.00190149
8255,0.00189579
8282,0.00172322
8295,0.00169493
8311,0.00146245
8340,0.00123995
8348,0.00114554
8355,0.00111075
8445,0.000888561
8581,0.000868031
8599,0.000827562
8613,0.000798718
8616,0.000730295
8637,0.000728905
8675,0.000566097
8721,0.000558101
8780,0.000497005
8816,0.00043373
8860,0.00042288
8898,0.000411578
8923,0.000397341
8924,0.000342666
8965,0.000317553
8967,0.000285686
8982,0.000274373
8993,0.000270321
9032,0.000263133
9040,0.000257008
9042,0.000223026
9079,0.000218924
9161,0.000211189
9218,0.000151725
9290,0.000147329
9310,0.00013952
9340,0.000139193
9384,0.000122113
9387,0.000104638
9439,9.62212e-05
9499,8.4577e-05
9528,7.94453e-05
9576,6.57543e-05
9615,6.4441e-05
9659,6.07941e-05
9697,5.52215e-05
9721,5.47289e-05
9726,4.71536e-05
9768,4.04538e-05
9841,3.88172e-05
9869,3.69392e-05
9873,3.47332e-05
9890,3.41863e-05
9915,3.13764e-05
9929,3.12294e-05
9952,3.08342e-05
9978,2.91327e-05
9999,2.60106e-05
10000,2.57925e-05
10023,2.23752e-05
10099,2.13899e-05
10146,2.12709e-05
10168,1.81914e-05
10221,1.70883e-05
10231,1.66862e-05
10261,1.39747e-05
10309,1.14489e-05
10389,1.06561e-05
10448,9.74703e-06
10481,9.67544e-06
10508,9.08548e-06
10526,8.64312e-06
10533,8.49902e-06
10558,8.33333e-06
10567,7.72928e-06
10594,6.2795e-06
10649,5.02842e-06
10721,4.76137e-06
10789,4.21826e-06
10799,3.66086e-06
10866,3.50978e-06
10869,3.36467e-06
10890,3.33748e-06
10944,3.21859e-06
10953,3.17336e-06
10983,3.12844e-06
10990,3.03646e-06
10992,2.72304e-06
11014,2.49572e-06
11048,2.46875e-06
11049,2.27939e-06
11079,2.0034e-06
11135,1.73695e-06
11195,1.32003e-06
11304,1.30849e-06
11312,1.28123e-06
11315,1.27425e-06
11320,1.11722e-06
11372,8.53107e-07
