Evaluations,Fitness
1,3071.8
3,2262.68
9,2219.47
12,2172.58
400,2129.87
402,1956.63
404,1920.65
411,1899.79
412,1772.54
495,1629.31
550,1369.1
580,1273.33
655,1262.65
679,1195.07
689,969.33
753,894.869
789,741.311
813,729.35
842,623.248
883,616.809
885,599.69
902,595.536
916,561.459
962,552.512
978,532.135
985,507.369
993,484.338
995,443.687
1039,442.347
1051,373.812
1068,358.102
1112,299.331
1133,270.074
1202,241.229
1283,211.401
1352,194.909
1371,193.926
1394,192.932
1405,172.279
1423,169.935
1481,145.594
1484,145.11
1501,141.039
1518,135.578
1520,134.258
1530,134.224
1531,134.134
1537,121.304
1538,120.255
1553,103.213
1625,100.546
1631,99.5931
1670,95.8687
1671,93.6902
1687,84.4199
1739,77.5104
1742,59.6654
1783,56.7125
1840,53.4781
1861,46.295
1935,42.4792
1936,32.4161
1974,27.2315
2104,23.1493
2192,22.962
2258,22.8161
2275,21.2043
2281,20.7818
2283,20.0066
2291,19.6746
2292,18.3024
2324,17.461
2353,17.3148
2354,17.047
2365,15.4133
2383,14.7303
2427,13.4145
2436,11.7529
2466,10.9328
2512,9.2225
2585,8.92833
2621,8.92505
2622,7.84167
2650,7.74813
2675,7.43924
2678,6.745
2682,6.70572
2695,6.55906
2696,6.06618
2772,5.97829
2857,5.64597
2888,5.04508
2892,4.8288
2905,4.52422
2917,3.96028
2983,3.55897
3031,3.5221
3057,3.38829
3092,3.11758
3117,2.96862
3183,2.72316
3258,2.45976
3336,2.44113
3346,2.3442
3405,2.25945
3463,2.1166
3477,2.08973
3481,2.05714
3521,1.92316
3525,1.8923
3543,1.79404
3611,1.79342
3621,1.7875
3630,1.78693
3645,1.51607
3794,1.4772
3799,1.4724
3844,1.4463
3871,1.43682
3882,1.35765
3914,1.34475
4030,1.30168
4073,1.27815
4094,1.2699
4106,1.25414
4130,1.24741
4136,1.22171
4159,1.17577
4213,1.16683
4216,1.13092
4297,1.11503
4393,1.09901
4532,1.0931
4533,1.08944
4573,1.08615
4576,1.08542
4604,1.08312
4616,1.08231
4623,1.0814
4629,1.07167
4660,1.07035
4664,1.05416
4721,1.04947
4774,1.04558
4838,1.0417
4883,1.0387
4907,1.0353
4921,1.03125
4929,1.01252
5053,0.988221
5121,0.945281
5201,0.941349
5230,0.920982
5420,0.91359
5435,0.880145
5529,0.870083
5571,0.834995
5603,0.822931
5604,0.81266
5677,0.762825
5795,0.749125
5810,0.725724
5872,0.680689
5895,0.62501
5921,0.618464
5993,0.535766
6144,0.508301
6171,0.481774
6248,0.395709
6465,0.365935
6466,0.349568
6721,0.33015
6726,0.312131
6761,0.294159
6793,0.293819
6815,0.264946
6832,0.247634
6884,0.233336
7016,0.233264
7090,0.228437
7094,0.213268
7125,0.18707
7188,0.184795
7301,0.146802
7403,0.137339
7411,0.13531
7436,0.115641
7600,0.109827
7672,0.0972031
7744,0.0861911
7798,0.0848398
7809,0.0847263
7855,0.0770673
7914,0.0622543
7916,0.0600119
7953,0.0462112
8251,0.0384675
8296,0.0351343
8408,0.0304139
8557,0.0268081
8653,0.0253572
8697,0.0242823
8721,0.0217792
8813,0.0203154
8860,0.0177763
8923,0.0177175
8940,0.0159985
8943,0.0149652
9036,0.0134864
9138,0.0128656
9166,0.0127709
9188,0.0121944
9218,0.0108662
9333,0.0103805
9381,0.0100129
9408,0.00976264
9437,0.00928645
9517,0.0080869
9609,0.00751382
9687,0.0070225
9718,0.00652203
9719,0.00567956
9726,0.00483569
9940,0.00445368
9978,0.00425371
10105,0.00396114
10106,0.00385753
10117,0.00365058
10147,0.00325137
10193,0.00306893
10211,0.00284449
10221,0.00279704
10261,0.00273285
10283,0.00254702
10292,0.00245
10428,0.00236274
10448,0.00217238
10564,0.00202178
10622,0.001953
10661,0.00194726
10662,0.00180629
10709,0.00156804
10724,0.00148652
10830,0.00138198
10840,0.00138117
10845,0.00132549
10910,0.0011886
10944,0.00118249
10986,0.00100346
11105,0.000938223
11120,0.000865811
11134,0.000757388
11204,0.00058571
11330,0.000557294
11453,0.000487743
11456,0.00042753
11489,0.000413509
11565,0.00036173
11659,0.00033458
11751,0.000328391
11804,0.000318507
11824,0.000310499
11861,0.000258039
11955,0.000230567
11957,0.000202567
12073,0.000197955
12102,0.000192893
12143,0.000190419
12165,0.000185812
12211,0.000177471
12225,0.000157375
12238,0.0001537
12277,0.000144007
12326,0.000136159
12331,0.000121581
12427,0.000103032
12469,9.68637e-05
12502,9.35139e-05
12531,8.82961e-05
12658,7.98736e-05
12668,7.08004e-05
12699,6.47468e-05
12733,5.34023e-05
12945,5.33182e-05
12974,5.193e-05
12999,4.65067e-05
13062,4.43174e-05
13134,4.29671e-05
13153,3.86231e-05
13169,3.43264e-05
13223,3.17994e-05
13261,2.81317e-05
13297,2.65372e-05
13312,2.62179e-05
13318,2.41365e-05
13355,2.20389e-05
13408,2.12087e-05
13439,1.90979e-05
13447,1.83861e-05
13448,1.46741e-05
13563,1.25375e-05
13646,1.19389e-05
13706,1.1624e-05
13770,1.07537e-05
13786,1.04165e-05
13788,9.99101e-06
13834,9.38175e-06
13871,9.35342e-06
13895,9.06118e-06
13952,8.03507e-06
14009,7.90145e-06
14055,7.29912e-06
14091,6.67618e-06
14118,6.59664e-06
14139,6.28711e-06
14140,6.12128e-06
14171,5.55873e-06
14182,5.31526e-06
14221,4.92738e-06
14263,3.3012e-06
14538,3.18181e-06
14677,2.51821e-06
14725,2.50341e-06
14762,2.44993e-06
14778,2.05412e-06
14855,2.00321e-06
14862,1.7503e-06
14926,1.656e-06
14949,1.61826e-06
