Evaluations,Fitness
1,2138.76
2,2000.8
24,1747.9
562,1479.93
595,1264.3
652,1147.08
655,1095.69
730,1028.29
794,968.174
818,925.286
819,903.233
843,871.754
850,812.101
857,683.022
966,668.727
978,606.972
985,568.338
1002,530.373
1057,505.81
1112,421.352
1209,388.007
1248,384.444
1267,382.832
1272,351.622
1275,319.309
1291,283.066
1381,221.85
1423,206.242
1512,205.372
1514,174.535
1593,132.296
1670,112.905
1724,85.3476
1841,67.8244
1939,63.5855
1953,53.2923
2002,46.2621
2091,44.1415
2103,30.4489
2241,25.6234
2354,24.2431
2378,23.2265
2401,19.1445
2438,19.1377
2493,18.589
2512,16.6396
2566,15.425
2585,12.0823
2646,11.7103
2694,8.86107
2806,8.74156
2807,7.86409
2886,7.77079
2893,6.53444
2927,6.43879
2966,6.21544
2978,5.52309
3032,5.29138
3092,5.15086
3106,4.89246
3107,3.47945
3375,3.11382
3423,3.09189
3453,3.05527
3467,2.99647
3477,2.8576
3484,2.76284
3506,2.69176
3521,2.6482
3525,2.61249
3546,2.5365
3548,2.48243
3556,2.34123
3618,2.29867
3657,2.26
3692,2.10635
3693,2.07569
3728,2.06617
3769,1.95481
3781,1.85639
3782,1.85341
3826,1.80304
3841,1.69768
3932,1.60155
3941,1.56824
3991,1.5222
4030,1.49647
4065,1.46992
4086,1.45478
4106,1.31444
4159,1.28434
4281,1.24865
4367,1.20795
4387,1.16211
4543,1.15599
4567,1.15491
4576,1.15167
4604,1.14919
4610,1.13204
4644,1.12771
4654,1.11963
4678,1.11779
4720,1.09645
4784,1.09124
4805,1.0893
4826,1.08629
4838,1.08443
4851,1.07607
4883,1.06973
4920,1.06278
4929,1.05876
4951,1.05251
5014,1.04577
5030,1.04301
5065,1.04067
5068,1.00074
5225,0.996956
5298,0.990679
5334,0.973438
5412,0.972476
5418,0.957994
5435,0.907258
5456,0.905626
5522,0.86704
5540,0.763977
5848,0.7396
5932,0.736528
5972,0.642828
6069,0.584038
6122,0.540236
6212,0.529199
6323,0.46931
6466,0.45056
6531,0.422306
6584,0.37172
6665,0.35063
6708,0.324918
6774,0.317625
6796,0.316007
6815,0.304703
6871,0.231196
6901,0.214084
6953,0.18285
7090,0.180852
7098,0.176524
7110,0.138752
7506,0.129801
7543,0.125639
7591,0.117163
7633,0.101531
7679,0.0916846
7758,0.0916817
7774,0.0896551
7782,0.0840564
8006,0.08029
8068,0.0798816
8097,0.0790139
8115,0.0735972
8150,0.0642093
8223,0.0581346
8281,0.0523072
8341,0.0517769
8355,0.0495191
8383,0.046469
8405,0.0456357
8448,0.0415349
8580,0.0370073
8586,0.0364039
8616,0.0271177
8794,0.0225188
8843,0.0222612
8910,0.0210205
9067,0.0175141
9225,0.0168671
9227,0.0147822
9263,0.0146616
9316,0.0140442
9449,0.0138526
9482,0.0125493
9507,0.0120975
9575,0.0115596
9599,0.0103389
9609,0.00926861
9674,0.00822788
9768,0.00741792
9840,0.00718989
9880,0.00648028
9999,0.0053497
10221,0.00500313
10241,0.00464839
10299,0.00421639
10321,0.00406809
10363,0.00388981
10429,0.00362949
10461,0.00358358
10497,0.00349077
10559,0.00338812
10602,0.0031781
10647,0.00295463
10661,0.00273867
10754,0.00272185
10772,0.00261605
10779,0.00214676
10840,0.00212103
10869,0.00208226
10882,0.00181026
10911,0.00169634
10934,0.00168933
10992,0.00165372
11028,0.00157374
11079,0.0015087
11135,0.00143266
11143,0.00128438
11195,0.00119818
11249,0.00118079
11344,0.00113729
11427,0.00105067
11445,0.001037
11456,0.000871368
11530,0.000753253
11599,0.000722311
11714,0.000690069
11733,0.000661048
11735,0.000626085
11756,0.000583128
11793,0.000547167
11798,0.000521706
11839,0.000513208
11929,0.000474537
11930,0.000468729
11935,0.000433821
12001,0.000378658
12034,0.000358184
12143,0.00035316
12234,0.000338913
12236,0.000335569
12285,0.000293282
12386,0.000275855
12409,0.000272919
12414,0.00025891
12433,0.000253864
12447,0.000232252
12469,0.000207694
12490,0.000146663
12811,0.000136563
12839,0.000136169
12925,0.000129445
12975,0.000129002
13007,0.000126778
13010,0.000120041
13019,0.00011091
13021,7.98415e-05
13235,7.91487e-05
13266,7.08268e-05
13423,6.2678e-05
13479,5.43804e-05
13596,5.37822e-05
13630,4.14524e-05
13744,4.05071e-05
13773,3.413e-05
13850,2.77117e-05
13919,2.76641e-05
13950,2.42817e-05
13996,2.27726e-05
14090,2.14167e-05
14134,2.12164e-05
14221,2.09483e-05
14247,1.87449e-05
14273,1.6844e-05
14298,1.47549e-05
14347,1.35862e-05
14431,1.24958e-05
14500,1.23509e-05
14513,1.07114e-05
14526,9.18781e-06
14680,9.16283e-06
14688,7.83951e-06
14824,7.82395e-06
14836,7.43893e-06
14855,6.10175e-06
14887,5.98507e-06
14995,5.53125e-06
