Evaluations,Fitness
1,1455.61
2,1402.62
13,1383.38
14,1200.74
28,1149.75
449,1093.95
455,1065.96
483,1056.37
491,1045.58
537,991.045
562,900.553
595,889.411
639,806.126
792,802.786
848,790.465
857,716.001
936,680.72
955,671.291
1006,647.996
1298,602.814
1554,600.101
1727,573.746
1745,536.741
2895,489.667
7455,489.345
8126,485.766
8282,480.219
8355,445.018
8445,424.58
8481,402.338
8555,385.145
8586,358.883
8637,346.814
8720,342.768
8816,318.552
8860,272.371
9004,272.104
9009,266.946
9020,258.646
9023,233.803
9043,227.938
9078,216.302
9091,208.414
9170,205.077
9211,192.457
9243,177.662
9304,174.745
9322,167.663
9349,163.507
9353,158.278
9362,152.301
9398,136.762
9452,125.245
9576,119.277
9609,117.794
9630,117.331
9659,114.916
9751,111.547
9768,105.355
9783,103.237
9841,102.147
9860,101.555
9871,101.321
9885,96.9136
9886,94.6407
10000,92.8616
10048,92.6667
10063,92.5974
10067,90.4671
10087,88.2881
10116,87.895
10131,87.2539
10146,85.1816
10194,84.5137
10205,83.5353
10213,81.8908
10233,79.0021
10325,78.3236
10369,78.3081
10448,77.7988
10457,77.5336
10467,77.0033
10508,76.6169
10532,76.0058
10550,75.6066
10564,75.5927
10567,73.164
10709,72.7329
10752,72.026
10809,71.4917
10840,71.4461
10866,71.1535
10897,70.4984
10959,70.2856
10986,70.1528
11009,70.0568
11014,69.8047
11021,69.7111
11048,69.5965
11109,69.4868
11110,69.3435
11185,69.2882
11195,69.0967
11263,68.8595
11312,68.7611
11315,68.658
11352,68.6019
11353,68.5111
11372,68.3968
11410,68.3912
11452,68.3177
11456,68.2951
11468,68.244
11541,68.2394
11544,68.2097
11549,68.1984
11625,68.1968
11642,68.1515
11652,68.1459
11671,68.1395
11681,68.0879
11701,68.0635
11748,68.0243
11773,68.014
11783,68.0112
11794,67.9839
11804,67.9574
11813,67.9451
11850,67.9017
11891,67.893
11917,67.8682
11940,67.8489
12013,67.8267
12019,67.821
12040,67.8045
12074,67.7903
12136,67.7825
12209,67.7533
12225,67.7486
12314,67.736
12394,67.7339
12404,67.7206
12438,67.7202
12445,67.716
12457,67.7096
12513,67.7083
12521,67.7044
12534,67.6982
12571,67.6959
12612,67.6948
12663,67.6892
12685,67.6886
12701,67.6871
12733,67.6861
12762,67.6857
12791,67.6837
12807,67.6835
12829,67.6813
12887,67.6786
12898,67.6757
12946,67.6751
12969,67.6747
12971,67.6723
12984,67.6718
12986,67.6715
12999,67.6714
13053,67.6704
13130,67.6702
13136,67.6668
13274,67.6657
13294,67.6655
13309,67.6649
13326,67.6623
13415,67.6618
13573,67.6614
13608,67.6611
13634,67.6606
13692,67.6605
13698,67.66
13733,67.6597
13778,67.6593
13898,67.6591
13930,67.6591
13934,67.6591
13952,67.6586
14011,67.6586
14017,67.6584
14073,67.6583
14087,67.6583
14160,67.6582
14161,67.6582
14196,67.658
14233,67.658
14285,67.6579
14304,67.6579
14308,67.6579
14311,67.6579
14337,67.6578
14341,67.6577
14435,67.6576
14452,67.6576
14512,67.6576
14523,67.6576
14526,67.6576
14570,67.6576
14573,67.6574
14646,67.6574
14676,67.6574
14697,67.6574
14722,67.6574
14775,67.6574
14816,67.6574
14824,67.6573
14861,67.6573
14885,67.6573
14982,67.6573
