Evaluations,Fitness
1,211028
6,196879
9,189359
11,170955
14,163512
495,136671
531,129269
544,119687
559,111266
580,97407
688,95987.3
753,93071.5
778,91327
828,89047.1
832,87619.1
843,86344.3
847,82443.8
852,80604.5
863,78901.1
867,69299.2
898,65893.4
978,62917.2
982,61334.8
1011,55634.3
1013,47656.7
1056,44253.2
1106,38232.5
1112,36589.5
1244,33861.7
1254,32121.3
1272,28378.8
1315,23881.4
1405,23841.9
1431,22509.4
1443,21540.9
1462,21462.9
1463,17402.6
1530,17303.1
1532,16020
1553,15987.5
1568,15540
1618,15270.7
1620,14575.2
1656,14068.5
1672,12610.6
1695,12602.2
1702,11961.1
1724,11388.3
1730,9854.97
1783,9631.82
1790,9471.97
1796,8514.31
1799,7404.64
1841,3860.32
2135,3706.19
2138,3574.64
2165,3468.26
2184,3357.03
2192,3222.57
2193,3042.27
2229,2996.29
2266,2565.69
2272,2288.58
2292,2059.89
2351,1997.56
2427,1806.86
2430,1787.73
2434,1559.49
2466,1521.69
2498,1424.73
2525,1355.49
2535,1226.4
2585,1108.72
2621,909.976
2694,859.715
2742,801.375
2769,670.505
2806,576.498
2882,514.737
2892,490.674
2944,465.056
2973,444.995
2983,429.423
3021,398.589
3028,363.147
3031,298.924
3092,289.159
3094,246.193
3159,236.775
3190,207.502
3272,206.402
3291,184.528
3305,179.736
3324,177.151
3335,158.192
3346,148.16
3356,145.793
3379,117.636
3452,111.869
3477,108.505
3496,102.748
3507,100.669
3528,74.3429
3619,74.3064
3634,66.8695
3692,51.3031
3769,48.5111
3794,46.9236
3799,41.0161
3838,39.6466
3896,33.0016
3932,29.9917
3961,28.249
3988,24.1195
4078,23.6266
4084,22.2047
4094,20.8005
4117,19.9302
4133,19.2132
4136,19.0327
4142,18.3908
4146,17.0144
4159,15.4083
4201,12.9
4216,11.556
4279,11.1181
4281,9.8087
4346,9.69047
4368,9.51969
4387,8.15039
4442,7.78951
4483,7.70612
4490,7.62174
4512,7.37551
4532,7.08054
4564,6.59356
4576,6.51564
4599,5.51383
4687,4.74605
4701,4.45635
4799,4.27165
4802,4.249
4823,3.99791
4826,3.99183
4835,3.85875
4854,3.03397
4896,2.85278
4903,2.54994
4948,2.46102
4997,2.2136
5001,2.17719
5008,2.15534
5019,2.15141
5037,1.99317
5043,1.69639
5068,1.48669
5099,1.32231
5317,1.13015
5337,0.874482
5489,0.821508
5529,0.752603
5582,0.672013
5630,0.60131
5690,0.582055
5709,0.534805
5759,0.514783
5776,0.473571
5799,0.440795
5810,0.431924
5851,0.304567
5949,0.281169
5973,0.269449
6001,0.231221
6009,0.227723
6048,0.203946
6065,0.164843
6152,0.158522
6186,0.149503
6204,0.119371
6282,0.1166
6353,0.102615
6412,0.0970892
6423,0.0954363
6436,0.0848847
6491,0.0756197
6540,0.0592862
6663,0.0590545
6682,0.057276
6693,0.0395766
6832,0.0357797
6859,0.0320147
6871,0.0316048
6893,0.0306465
6901,0.0299693
6908,0.0285562
6929,0.0269727
6965,0.0222527
6992,0.0216318
7031,0.0161407
7081,0.0142921
7110,0.0133461
7153,0.0132424
7155,0.0119463
7257,0.0106004
7261,0.0103531
7301,0.0100716
7315,0.00987606
7334,0.00976589
7368,0.00965868
7379,0.00884233
7419,0.00773376
7436,0.0069359
7461,0.0065279
7482,0.00573331
7518,0.00567301
7543,0.00473619
7562,0.00423902
7606,0.00397339
7677,0.00354589
7723,0.00317888
7727,0.00279029
7798,0.00272779
7852,0.00272367
7853,0.00264336
7859,0.00247582
7868,0.00245321
7874,0.0020203
7916,0.00187208
8017,0.00170585
8063,0.00170286
8064,0.00167473
8074,0.00119088
8161,0.0011598
8164,0.000845718
8281,0.000839725
8288,0.000683864
8302,0.000640236
8392,0.000637503
8413,0.000610443
8419,0.000553875
8444,0.000547161
8445,0.000530804
8478,0.000516552
8497,0.000480396
8501,0.000439079
8521,0.000409528
8562,0.00039467
8567,0.000319617
8641,0.000311426
8675,0.000284687
8703,0.000283696
8721,0.000253958
8784,0.000203651
8816,0.000174541
8935,0.000172749
8944,0.000166422
8963,0.000162183
8994,0.000160568
9002,0.000151819
9018,0.000143407
9049,0.000138904
9061,8.29973e-05
9227,8.21514e-05
9230,7.55733e-05
9290,7.47545e-05
9347,7.45463e-05
9349,7.02331e-05
9356,6.03218e-05
9362,5.36319e-05
9424,5.13172e-05
9437,4.40797e-05
9507,3.75071e-05
9542,3.47741e-05
9576,3.30387e-05
9613,2.87111e-05
9656,2.84813e-05
9659,2.73364e-05
9688,2.7054e-05
9726,2.66841e-05
9760,2.36486e-05
9817,2.34528e-05
9834,2.32208e-05
9886,2.26003e-05
9915,2.11749e-05
9929,1.95551e-05
9934,1.85948e-05
9985,1.73795e-05
9998,1.32827e-05
10023,1.01923e-05
10118,1.00696e-05
10198,9.63777e-06
10203,9.2436e-06
10248,8.99039e-06
10261,6.90361e-06
10275,6.61986e-06
10309,6.15918e-06
10379,5.29704e-06
10425,5.05128e-06
10448,4.91303e-06
10517,4.89101e-06
10520,4.01838e-06
10527,3.876e-06
10532,3.56166e-06
10567,3.29228e-06
10622,3.01771e-06
10624,2.94659e-06
10709,2.72838e-06
10729,2.58325e-06
10771,2.45048e-06
10778,2.44759e-06
10782,2.38749e-06
10793,2.17285e-06
10799,1.56086e-06
10973,1.5361e-06
11004,1.10482e-06
11014,9.56136e-07
11048,9.55014e-07
