Evaluations,Fitness
1,8.32509e+09
2,1.30322e+09
12,7.44125e+08
18,4.89344e+08
2219,4.66071e+08
2364,3.93212e+08
2591,3.78583e+08
3201,3.71706e+08
3284,3.64239e+08
3452,3.48403e+08
3503,3.42412e+08
3876,3.4135e+08
3879,3.36782e+08
4358,3.16473e+08
4394,2.9967e+08
4656,2.50362e+08
5055,2.38094e+08
5062,2.1033e+08
5711,2.04663e+08
5978,2.01592e+08
6110,1.98151e+08
6219,1.95624e+08
6261,1.95369e+08
6311,1.73287e+08
6481,1.73037e+08
6550,1.6773e+08
6552,1.52538e+08
6725,1.50985e+08
6855,1.49086e+08
6928,1.48494e+08
6970,1.47928e+08
6991,1.45401e+08
7002,1.45389e+08
7037,1.44173e+08
7061,1.38178e+08
7145,1.37384e+08
7147,1.35163e+08
7168,1.30674e+08
7185,1.27121e+08
7214,1.26937e+08
7238,1.26748e+08
7244,1.17011e+08
7453,1.12793e+08
7629,1.12165e+08
7709,1.05448e+08
7928,9.93379e+07
8020,9.81384e+07
8074,9.57273e+07
8161,9.54913e+07
8224,8.7282e+07
8276,8.00548e+07
8331,7.84793e+07
8393,7.73226e+07
8420,7.5159e+07
8548,7.51308e+07
8625,7.36884e+07
8634,7.22109e+07
8668,7.2072e+07
8755,6.56288e+07
8860,6.18737e+07
8967,5.81215e+07
9272,5.81164e+07
9282,5.68768e+07
9351,5.33594e+07
9429,5.09409e+07
9462,4.96281e+07
9571,4.8102e+07
9702,4.66415e+07
9718,4.3893e+07
9937,4.31454e+07
9985,4.27934e+07
9990,4.06534e+07
10006,4.04212e+07
10071,4.03487e+07
10193,3.85617e+07
10246,3.85493e+07
10303,3.68654e+07
10382,3.49043e+07
10461,3.39458e+07
10559,3.36583e+07
10652,3.25719e+07
10709,3.07907e+07
10951,2.86874e+07
11216,2.76715e+07
11249,2.6542e+07
11313,2.60905e+07
11330,2.54593e+07
11417,2.53421e+07
11452,2.53126e+07
11502,2.5026e+07
11512,2.42122e+07
11586,2.40999e+07
11587,2.36678e+07
11593,2.3228e+07
11615,2.19769e+07
11868,2.18583e+07
11959,2.15513e+07
11979,2.14036e+07
12016,2.10758e+07
12024,2.05252e+07
12145,2.0151e+07
12151,1.97429e+07
12182,1.94138e+07
12196,1.88453e+07
12416,1.84024e+07
12536,1.76698e+07
12685,1.76262e+07
12730,1.73032e+07
12801,1.69537e+07
12987,1.65215e+07
13062,1.57224e+07
13195,1.50712e+07
13450,1.4859e+07
13476,1.48444e+07
13508,1.42188e+07
13512,1.39435e+07
13611,1.33537e+07
13707,1.32476e+07
13834,1.31885e+07
13843,1.29814e+07
13904,1.20657e+07
13967,1.20227e+07
14018,1.19415e+07
14099,1.16814e+07
14171,1.15736e+07
14258,1.14483e+07
14369,1.14276e+07
14421,1.11816e+07
14426,1.09315e+07
14472,1.08205e+07
14524,1.06311e+07
14556,1.05734e+07
14593,1.02634e+07
14638,1.0166e+07
14643,9.79764e+06
14725,9.41295e+06
14836,9.28035e+06
