Evaluations,Fitness
1,2848.74
4,2755.31
6,2712.81
9,2620.03
13,2617.1
21,2206.04
340,2122.71
354,2067.24
373,2024.19
382,2000.9
407,1887.92
437,1866.96
440,1861.73
491,1434.35
546,1420.6
567,1416.36
573,1375.7
584,1304.62
652,1132.56
689,1021.5
753,980.272
760,903.968
811,743.174
881,741.271
894,685.561
904,647.965
936,642.401
963,560.026
985,554.684
993,542.712
994,479.752
1047,463.355
1051,418.713
1106,371.938
1112,323.454
1151,290.406
1282,290.114
1290,280.858
1318,277.44
1347,253.859
1370,249.523
1371,192.099
1381,181.079
1461,162.217
1530,140.82
1593,127.612
1646,121.006
1649,119.056
1671,113.886
1687,111.749
1724,102.887
1739,101.497
1761,88.5678
1799,82.4171
1812,67.686
1901,63.6221
1924,62.24
1953,60.1425
1955,58.1961
1961,57.242
1974,51.1907
2028,48.6844
2043,45.6902
2053,43.4454
2103,40.2761
2124,35.6414
2184,31.7586
2185,29.2197
2192,28.1698
2193,27.5502
2266,26.0493
2275,22.3851
2291,21.5388
2352,21.0377
2354,19.7874
2420,18.1904
2434,16.9626
2467,16.5057
2490,16.4006
2493,14.7787
2512,14.5061
2540,14.2296
2615,12.8729
2627,12.4544
2682,11.3589
2694,8.86703
2807,8.44966
2889,8.02134
2892,7.32645
2935,7.02393
2936,6.79466
2973,6.61842
3031,6.16837
3058,5.27882
3066,4.98464
3093,4.27118
3188,4.17122
3207,3.91625
3251,3.7689
3263,3.16223
3269,2.77957
3470,2.58048
3473,2.51459
3477,2.43304
3501,2.35033
3524,2.30929
3543,2.27818
3548,2.15488
3602,2.06341
3619,2.0626
3638,2.00202
3656,1.95642
3715,1.91133
3769,1.64028
3910,1.54243
3941,1.47376
3961,1.45763
3991,1.43348
3996,1.39218
4030,1.37843
4079,1.36836
4080,1.35526
4094,1.28369
4159,1.25449
4175,1.24339
4216,1.21732
4235,1.20868
4236,1.17534
4339,1.16329
4363,1.12199
4495,1.11361
4506,1.10613
4532,1.09007
4687,1.08901
4697,1.08487
4732,1.0759
4751,1.07532
4778,1.07467
4780,1.0603
4838,1.05987
4841,1.05727
4845,1.05398
4854,1.0275
5029,1.0129
5109,0.983445
5205,0.962219
5209,0.913222
5243,0.893156
5341,0.85986
5478,0.857173
5489,0.813636
5650,0.797791
5670,0.795352
5684,0.794692
5686,0.788085
5709,0.685135
6024,0.682476
6028,0.673645
6053,0.654932
6065,0.49453
6177,0.451665
6454,0.445469
6480,0.43264
6646,0.406325
6687,0.401902
6691,0.377563
6724,0.361031
6749,0.334737
6783,0.312687
6843,0.309587
6907,0.266703
6987,0.22713
7072,0.194248
7187,0.193338
7205,0.175384
7251,0.169972
7256,0.153237
7270,0.151269
7326,0.143216
7332,0.141464
7347,0.134276
7368,0.126734
7455,0.116243
7549,0.113387
7654,0.0955948
7855,0.0918283
7913,0.0916668
7916,0.0792317
7921,0.0780157
7991,0.0776469
7992,0.0704077
8062,0.0654555
8075,0.0649994
8081,0.0642867
8108,0.0585041
8204,0.0531667
8239,0.0511447
8252,0.0405997
8276,0.0316084
8562,0.0297717
8595,0.0296854
8709,0.0267341
8710,0.0253438
8783,0.0238171
8816,0.0202922
8859,0.0176634
8895,0.0158864
8919,0.0148498
8986,0.0124476
9056,0.0114371
9218,0.0106967
9227,0.0087102
9303,0.00775391
9359,0.00678204
9437,0.00657415
9507,0.0064114
9522,0.00574213
9555,0.00524364
9609,0.0048196
9659,0.0042504
9730,0.00422047
9768,0.00359862
9880,0.00348316
9896,0.00318789
9945,0.00246921
9963,0.00241511
9999,0.00239341
10000,0.00215068
10069,0.00210776
10232,0.00203281
10265,0.00178807
10321,0.00157376
10412,0.00129621
10701,0.00127441
10772,0.00111448
10824,0.00106936
10897,0.000869532
10899,0.000849359
10911,0.000846927
10931,0.000801642
10986,0.000789881
10989,0.000789414
11059,0.000742999
11094,0.000680691
11131,0.000628424
11195,0.000589807
11196,0.000576715
11250,0.000541261
11283,0.00046138
11330,0.000407199
11400,0.000389375
11409,0.000376569
11432,0.000327544
11505,0.000308308
11526,0.000299405
11544,0.000241529
11652,0.000240277
11658,0.000220063
11661,0.000218924
11674,0.000215718
11742,0.000215684
11818,0.000207749
11884,0.000202697
11912,0.000187106
11943,0.000164232
11971,0.000156768
12040,0.000127397
12171,0.000120876
12214,9.84707e-05
12314,9.80523e-05
12374,9.03447e-05
12447,8.91525e-05
12482,7.63854e-05
12534,6.88065e-05
12596,6.35398e-05
12636,6.34706e-05
12648,5.3788e-05
12694,5.32028e-05
12732,4.45193e-05
12789,4.29955e-05
12791,4.02737e-05
12893,4.02556e-05
12938,2.96113e-05
13144,2.94812e-05
13216,2.69357e-05
13246,2.54088e-05
13286,2.5256e-05
13289,2.19241e-05
13369,2.19062e-05
13371,2.15877e-05
13378,1.79778e-05
13408,1.78145e-05
13515,1.49422e-05
13533,1.37798e-05
13625,1.3542e-05
13635,1.27426e-05
13637,1.09577e-05
13682,1.00228e-05
13714,9.43718e-06
13733,9.39686e-06
13756,8.63555e-06
13834,7.62747e-06
13950,7.40101e-06
13952,7.20829e-06
13975,6.22859e-06
14164,5.56488e-06
14171,4.48228e-06
14273,4.37755e-06
14309,4.19249e-06
14383,4.0216e-06
14439,3.23188e-06
14614,3.04574e-06
14642,2.7277e-06
14824,2.67342e-06
14843,2.46816e-06
14862,2.25086e-06
14873,1.94339e-06
14994,1.67391e-06
