Evaluations,Fitness
1,2417.79
258,2292.18
400,2187.12
412,2129.78
437,1998.27
443,1831.71
512,1653.89
567,1615.56
573,1597.4
595,1505.27
652,1472.11
655,1234.22
749,1155.79
817,888.886
867,875.765
900,763.937
1065,745.808
1068,733.975
1106,710.006
1112,611.246
1148,578.191
1179,525.754
1198,510.967
1235,493.914
1236,388.885
1282,376.109
1315,352.98
1353,292.601
1423,260.574
1455,256.36
1519,253.495
1530,244.054
1553,227.902
1568,197.996
1652,191.427
1670,165.197
1725,145.673
1790,129.07
1825,113.189
1861,105.773
1897,97.2895
1900,85.5566
1949,80.2588
1953,76.3906
2028,49.2062
2192,44.139
2272,44.0228
2285,38.6201
2340,34.4453
2354,29.0382
2392,25.9522
2460,24.8878
2466,22.2016
2493,20.2506
2585,20.1261
2589,19.8513
2615,17.7084
2631,17.0588
2659,17.0119
2664,16.184
2678,13.9388
2694,10.404
2753,10.2105
2801,9.59988
2839,9.49672
2914,9.09098
2943,7.97181
3007,7.86817
3044,7.23344
3081,7.15942
3107,4.47494
3342,4.27214
3346,3.94308
3409,3.55742
3473,3.52932
3486,3.4469
3507,3.33462
3512,2.86808
3557,2.55096
3589,2.46738
3621,2.46447
3634,2.23569
3759,2.23248
3771,2.22218
3781,2.11799
3816,2.09097
3841,2.05654
3861,1.91596
3882,1.86712
3886,1.79554
3896,1.77765
3932,1.62646
3998,1.61872
4021,1.5903
4035,1.49082
4137,1.48732
4147,1.40213
4159,1.40207
4204,1.39021
4242,1.37025
4263,1.32032
4297,1.29636
4314,1.27179
4367,1.24993
4390,1.18203
4431,1.17178
4532,1.14038
4567,1.13163
4576,1.13082
4639,1.12044
4712,1.1105
4745,1.10132
4781,1.10051
4784,1.07793
4835,1.0598
5044,1.05888
5049,1.05775
5068,1.05549
5073,1.05048
5091,1.04107
5093,1.03886
5124,1.03129
5190,1.02964
5205,1.0104
5275,1.01027
5330,0.987928
5346,0.985388
5491,0.953773
5546,0.929138
5604,0.928193
5651,0.926388
5778,0.917553
5801,0.888189
5844,0.840921
5905,0.826879
6030,0.813698
6036,0.72664
6110,0.651271
6412,0.642152
6438,0.628826
6443,0.590664
6466,0.558306
6509,0.543353
6521,0.519129
6540,0.493822
6584,0.448582
6615,0.429289
6625,0.392633
6726,0.363755
6743,0.335815
6832,0.287322
7053,0.28203
7090,0.270423
7114,0.235585
7170,0.234131
7261,0.225741
7277,0.224866
7294,0.205853
7306,0.202399
7391,0.189813
7394,0.177081
7402,0.160273
7415,0.159997
7455,0.159489
7457,0.149958
7471,0.136275
7489,0.117107
7556,0.116461
7603,0.113317
7730,0.104265
7842,0.0941101
8002,0.0906525
8026,0.0770335
8052,0.0756298
8078,0.0650088
8097,0.0588356
8288,0.04465
8555,0.0418228
8561,0.0378202
8580,0.0361381
8624,0.0348732
8625,0.0333887
8643,0.0292218
8653,0.0284312
8688,0.0275208
8719,0.0259176
8783,0.0226788
8923,0.0192535
9036,0.0186625
9070,0.017615
9110,0.0144842
9239,0.0143201
9262,0.0131682
9268,0.0128001
9272,0.0122189
9317,0.0114377
9343,0.00995036
9542,0.0095691
9606,0.00825298
9609,0.00807373
9638,0.00805207
9702,0.00663532
9853,0.006344
9880,0.00628263
9890,0.00523878
9955,0.00500021
9999,0.00471603
10022,0.00469641
10109,0.00438163
10143,0.00406575
10207,0.00338352
10221,0.003316
10229,0.0032617
10266,0.00285706
10337,0.0026546
10372,0.00231292
10428,0.00228261
10487,0.00215966
10503,0.00189284
10520,0.00161858
10716,0.00140328
10817,0.00136288
10840,0.00126848
10868,0.00118215
10893,0.00116336
10931,0.00114682
10946,0.00108016
11004,0.000922167
11143,0.000879043
11148,0.000819604
11159,0.000816504
11195,0.000608524
11285,0.00053998
11329,0.000531497
11330,0.000493618
11338,0.000449417
11424,0.000437954
11477,0.000428468
11502,0.000407565
11524,0.000374988
11544,0.000351069
11599,0.000323496
11645,0.00027839
11850,0.000241635
11912,0.000236395
11914,0.000234651
11956,0.000234229
11971,0.000205746
12035,0.000199396
12066,0.000140385
12187,0.000121582
12214,0.000118004
12314,0.0001029
12367,0.000100601
12478,9.63468e-05
12482,8.40879e-05
12608,8.3077e-05
12619,6.53636e-05
12663,6.48024e-05
12685,5.40481e-05
12854,5.29621e-05
12871,4.76048e-05
12928,4.24256e-05
12929,3.93323e-05
12931,3.85134e-05
12942,3.81051e-05
12946,3.75678e-05
12954,3.60085e-05
12979,2.90183e-05
13021,2.75591e-05
13100,2.54741e-05
13144,2.52043e-05
13168,2.34992e-05
13244,2.18755e-05
13342,1.49376e-05
13650,1.43634e-05
13659,1.30592e-05
13698,1.2914e-05
13720,1.26066e-05
13725,1.18102e-05
13757,1.06871e-05
13786,8.79083e-06
13918,8.28706e-06
13925,7.86338e-06
14074,7.25573e-06
14093,6.63826e-06
14139,4.52954e-06
14280,4.35411e-06
14307,4.23659e-06
14330,3.29561e-06
14452,2.99552e-06
14523,2.79444e-06
14573,2.03372e-06
14693,1.89341e-06
14725,1.67007e-06
14791,1.62867e-06
14823,1.60815e-06
14836,1.60285e-06
14857,1.53051e-06
14893,1.50663e-06
14904,1.38815e-06
14949,1.24369e-06
14988,1.06926e-06
