Evaluations,Fitness
1,1639.79
2,1484.36
3,1344.33
8,1209.69
15,1192.83
404,1127.2
437,1044.72
512,1001.3
547,985.12
559,963.876
614,919.272
664,911.364
702,847.918
749,810.08
830,790.486
889,787.747
901,786.411
911,682.301
1162,675.49
1183,629.023
1232,575.246
2514,564.808
2622,555.448
2633,531.867
3167,497.899
4100,494.539
6627,492.857
6926,490.42
7003,463.587
7023,455.212
7270,432.653
7315,391.815
7354,387.715
7626,373.223
7654,369.129
7662,358.736
7688,353.982
7697,331.434
7723,325.156
7835,308.878
7853,279.09
8048,262.332
8091,259.965
8097,248.01
8118,231.414
8151,229.72
8164,223.682
8198,213.033
8209,211.037
8244,199.188
8271,196.209
8281,195.688
8311,183.643
8324,182.893
8341,165.077
8392,161.026
8420,154.126
8445,142.386
8512,140.214
8527,137.727
8576,123.982
8637,120.035
8675,119.146
8703,114.069
8711,112.198
8747,108.393
8784,108.224
8786,107.683
8800,104.562
8816,97.6094
8860,92.4403
8923,91.603
9002,91.1231
9049,89.5679
9067,84.338
9127,83.0771
9143,82.7642
9198,81.882
9218,77.7315
9227,76.1218
9340,75.7502
9349,74.5438
9360,72.0594
9390,70.5022
9437,70.4144
9520,70.3247
9536,69.7709
9576,68.1525
9649,67.8805
9659,67.7436
9666,67.4712
9669,67.4254
9685,66.0867
9697,65.8603
9721,65.4707
9751,64.945
9783,64.8841
9821,64.7045
9834,64.3473
9873,63.9328
9895,63.6762
9915,63.5166
9929,63.3738
9937,63.3079
10019,63.3036
10048,63.2494
10100,63.184
10102,63.1576
10106,62.9619
10146,62.6994
10188,62.5607
10221,62.037
10273,62.0226
10275,61.9509
10292,61.8784
10369,61.6877
10373,61.4431
10554,61.4336
10564,61.358
10567,61.2889
10608,61.2583
10630,61.1811
10647,61.1662
10662,61.1152
10666,61.0971
10782,61.0369
10840,60.986
10866,60.9588
10968,60.9336
10986,60.9089
11014,60.8941
11017,60.8915
11044,60.8741
11048,60.8648
11076,60.8327
11110,60.8131
11195,60.806
11228,60.8006
11312,60.8
11319,60.799
11320,60.773
11353,60.7622
11439,60.7589
11453,60.7585
11456,60.7558
11646,60.7349
11767,60.7333
11773,60.7328
11801,60.7272
11804,60.7271
11857,60.7225
11926,60.7205
11952,60.7172
11980,60.7162
12012,60.7159
12030,60.7132
12035,60.7123
12059,60.7101
12135,60.7096
12143,60.7091
12163,60.7071
12218,60.7046
12267,60.7023
12445,60.7009
12546,60.6999
12582,60.699
12608,60.6984
12612,60.6981
12635,60.6977
12636,60.6976
12663,60.6973
12668,60.6971
12691,60.6966
12727,60.6963
12732,60.696
12767,60.6957
12829,60.6955
12862,60.695
12946,60.6948
12971,60.6946
12975,60.6945
12986,60.6944
13028,60.6942
13070,60.6941
13100,60.694
13240,60.6939
13261,60.6937
13274,60.6937
13297,60.6936
13321,60.6936
13326,60.6935
13342,60.6934
13371,60.6934
13409,60.6933
13414,60.6931
13415,60.6931
13479,60.6931
13483,60.693
13519,60.693
13550,60.6929
13587,60.6929
13593,60.6929
13621,60.6929
13627,60.6928
13635,60.6928
13717,60.6928
13778,60.6928
13786,60.6927
13836,60.6927
13851,60.6927
13898,60.6927
13934,60.6927
13976,60.6926
13996,60.6926
14050,60.6926
14096,60.6926
14108,60.6926
14131,60.6926
14221,60.6926
14228,60.6926
14258,60.6925
14275,60.6925
14289,60.6925
14341,60.6925
14377,60.6925
14386,60.6925
14427,60.6925
14439,60.6925
14500,60.6925
14502,60.6925
14512,60.6925
14521,60.6925
14570,60.6925
14610,60.6925
14624,60.6925
14629,60.6925
14646,60.6925
14680,60.6925
14688,60.6925
14750,60.6925
14755,60.6925
14762,60.6925
14775,60.6925
14823,60.6925
14824,60.6925
14868,60.6925
14885,60.6925
14887,60.6925
14957,60.6925
14965,60.6925
