Evaluations,Fitness
1,1533.54
3,1441.74
6,1289.51
19,1224.81
23,1138.73
336,1056.47
495,1051.51
522,1024.58
546,992.715
562,979.998
580,811.546
735,807.962
779,779.476
846,723.95
1005,694.54
1026,682.513
1095,678.547
1232,644.293
1330,637.962
1429,611.262
1554,564.537
2062,561.157
2276,527.484
2650,514.453
3556,490.479
6318,458.472
9375,452.917
9418,448.197
9422,422.62
9425,414.408
9509,405.848
9605,402.628
9659,385.557
9721,382.969
9751,379.583
9768,362.845
9811,355.976
9834,354.734
9841,349.389
9846,334.569
9866,304.219
9971,289.907
10012,289.215
10041,285.129
10073,252.75
10097,239.045
10135,233.854
10178,216.992
10194,209.683
10221,199.395
10234,170.097
10309,160.445
10532,157.222
10567,147.9
10608,145.909
10624,144.612
10630,142.777
10643,137.343
10647,133.446
10697,132.856
10707,131.694
10709,122.248
10771,120.631
10772,120.343
10779,115.381
10830,108.763
10866,101.337
10932,99.1897
10946,97.9466
10959,96.6504
11014,93.6656
11029,92.5063
11048,89.9248
11110,85.4434
11181,83.4283
11195,80.0382
11320,79.3975
11369,78.9326
11372,77.1472
11452,76.2945
11456,75.2234
11468,74.1471
11524,73.4099
11566,72.6961
11628,72.6743
11635,72.4869
11640,72.4042
11642,70.6574
11794,70.6372
11809,69.8884
11850,69.3048
11861,69.1822
11953,69.0259
11956,68.6897
12002,68.2935
12019,68.218
12059,68.0021
12101,67.8418
12121,67.7866
12134,67.588
12135,67.5057
12150,67.471
12218,67.1895
12234,67.0225
12264,67.0217
12303,66.9262
12319,66.6388
12393,66.6001
12414,66.5995
12421,66.4356
12457,66.3502
12521,66.3285
12534,66.2199
12608,66.2071
12612,66.1172
12636,66.1131
12720,66.1122
12732,66.1078
12736,66.0995
12758,66.0664
12826,66.0305
12829,65.9879
12861,65.9699
12905,65.9434
12946,65.9397
12969,65.9332
12971,65.9057
12986,65.8811
12999,65.8684
13053,65.8585
13084,65.852
13105,65.8439
13119,65.8328
13120,65.8185
13157,65.8115
13172,65.8069
13223,65.7887
13318,65.7831
13326,65.7731
13355,65.7594
13393,65.7586
13414,65.7353
13538,65.7344
13555,65.7304
13559,65.7239
13593,65.7224
13608,65.7177
13621,65.7176
13635,65.7174
13645,65.7114
13650,65.7089
13666,65.7076
13698,65.7032
13744,65.7025
13752,65.6998
13778,65.6987
13786,65.6961
13904,65.6956
13914,65.6945
13918,65.6927
13919,65.6919
13934,65.6913
13952,65.6906
13964,65.6894
13996,65.6893
14009,65.6879
14020,65.6871
14041,65.6863
14045,65.6851
14096,65.6827
14129,65.6817
14131,65.6768
14233,65.6768
14289,65.6753
14335,65.6753
14359,65.6744
14434,65.6744
14435,65.6742
14457,65.674
14512,65.6732
14513,65.6731
14517,65.6729
14521,65.6726
14526,65.6712
14686,65.6707
14750,65.6704
14795,65.6702
14824,65.6702
14861,65.6701
14862,65.6698
14867,65.6698
14887,65.6695
14912,65.6694
14942,65.6693
14957,65.6693
14977,65.6692
14982,65.6688
