Evaluations,Fitness
1,2838.89
6,2029.61
474,1807.05
542,1669.8
550,1477.24
584,1268.4
640,1235.16
655,1224.25
689,929.219
776,897.254
792,848.922
808,836.632
832,740.319
852,716.02
876,681.133
937,677.169
982,535.719
1034,527.763
1037,502.181
1040,428.511
1065,428.279
1112,352.73
1164,296.154
1254,254.436
1262,249.661
1283,200.212
1364,183.159
1423,172.853
1431,166.497
1481,147.239
1495,138.689
1530,132.013
1553,123.831
1593,121.983
1620,118.202
1671,116.131
1687,113.768
1724,81.1883
1761,75.7391
1783,73.2527
1799,67.2671
1808,52.2228
1911,48.9687
2002,42.0495
2054,33.8076
2127,33.7409
2142,33.5583
2192,25.3399
2266,20.9299
2324,20.3507
2325,16.1557
2421,15.082
2427,12.8273
2434,11.7238
2493,10.1498
2678,9.14509
2694,8.19922
2720,7.9982
2763,7.32585
2802,7.27909
2806,7.09132
2815,6.89407
2860,6.69494
2878,6.6796
2882,5.42249
2944,5.19965
2973,5.1875
2991,5.13869
2997,4.99793
3018,4.2837
3089,4.17705
3093,3.98889
3106,3.66919
3107,3.18879
3161,3.18542
3207,2.91326
3252,2.74782
3256,2.62244
3342,2.33947
3375,1.98101
3477,1.92283
3482,1.88066
3528,1.74505
3634,1.66272
3692,1.65307
3752,1.5843
3769,1.56479
3782,1.49156
3816,1.46557
3846,1.43911
3851,1.39887
3886,1.39002
3891,1.3349
3911,1.32511
3941,1.31885
4030,1.24973
4103,1.23778
4132,1.22864
4147,1.21085
4159,1.17694
4216,1.16683
4235,1.14191
4281,1.12469
4339,1.12386
4387,1.12134
4430,1.1135
4431,1.10931
4445,1.09334
4533,1.08765
4573,1.07161
4664,1.06993
4704,1.06832
4736,1.0658
4826,1.06452
4838,1.05774
4891,1.04235
4947,1.04222
4956,1.03495
5014,1.03163
5035,1.0204
5041,1.00079
5091,0.980533
5152,0.963312
5167,0.962254
5183,0.952586
5231,0.929829
5425,0.90408
5435,0.881669
5513,0.881452
5536,0.866195
5555,0.855975
5599,0.81204
5651,0.780195
5726,0.745417
5770,0.735294
5810,0.675487
5905,0.639532
5963,0.617163
5999,0.612388
6018,0.557443
6088,0.539772
6101,0.515546
6153,0.471861
6225,0.471581
6232,0.470565
6243,0.456208
6260,0.450411
6281,0.444128
6305,0.379846
6338,0.373801
6391,0.362178
6506,0.344447
6516,0.343746
6517,0.33477
6592,0.298171
6602,0.291514
6635,0.26634
6709,0.245735
6727,0.240218
6814,0.234905
6816,0.176009
6941,0.142878
7028,0.125868
7333,0.115521
7338,0.109931
7484,0.106281
7562,0.105243
7634,0.0785493
7731,0.0760278
7774,0.0618876
7938,0.0551842
7951,0.0489473
8023,0.047382
8074,0.0387689
8118,0.0346543
8385,0.0344467
8431,0.0307284
8448,0.0295242
8617,0.0242914
8747,0.0230099
8790,0.022672
8791,0.022352
8906,0.0165442
8960,0.0160145
8967,0.0155894
9046,0.014698
9049,0.0111618
9154,0.0102183
9214,0.0100992
9248,0.00930462
9268,0.00821045
9297,0.00753169
9517,0.00708971
9549,0.00684261
9605,0.00597957
9613,0.00542942
9676,0.00542695
9682,0.00540472
9688,0.00498121
9702,0.00422541
9750,0.0038806
9780,0.00366468
9937,0.00360984
9999,0.00329084
10063,0.00295999
10116,0.00272767
10240,0.00258076
10307,0.00247408
10337,0.00240251
10348,0.00238242
10389,0.00231825
10410,0.00200357
10461,0.00169183
10583,0.00129491
10709,0.00117129
10748,0.00097155
10805,0.000834663
10817,0.000807403
10841,0.000772338
10897,0.000759428
10969,0.000733372
11001,0.000720553
11105,0.000676249
11119,0.000557281
11259,0.000530274
11272,0.000492237
11320,0.000462042
11353,0.000449996
11452,0.000398241
11484,0.000373144
11489,0.000366688
11505,0.000305545
11645,0.000244889
11786,0.000244237
11797,0.000218081
11839,0.000166814
11952,0.000156734
12066,0.000154821
12074,0.000152377
12122,0.000151936
12135,0.00014699
12143,0.000144102
12264,0.000143291
12310,0.000142626
12331,0.000119303
12374,0.000106387
12447,9.83165e-05
12479,9.58466e-05
12508,9.24812e-05
12536,8.59066e-05
12563,8.29006e-05
12593,8.15809e-05
12596,7.90692e-05
12632,7.58993e-05
12636,6.35521e-05
12685,6.19946e-05
12829,5.9168e-05
12845,5.867e-05
12856,5.84187e-05
12875,5.62656e-05
12978,4.79881e-05
12999,4.39806e-05
13038,4.02815e-05
13100,4.00686e-05
13115,3.7735e-05
13196,3.70572e-05
13203,3.43139e-05
13223,3.42963e-05
13261,3.36074e-05
13266,3.04914e-05
13268,3.04466e-05
13297,2.87567e-05
13318,2.66696e-05
13479,2.22611e-05
13512,2.04787e-05
13560,1.7815e-05
13659,1.65782e-05
13770,1.57235e-05
13796,1.42379e-05
13836,1.14445e-05
13875,1.08508e-05
13919,8.88394e-06
13935,8.18877e-06
14298,7.31813e-06
14376,7.27914e-06
14431,6.87876e-06
14436,6.59554e-06
14439,6.11628e-06
14482,5.3571e-06
14525,5.29184e-06
14567,5.11514e-06
14601,4.83193e-06
14611,4.70531e-06
14614,4.10524e-06
14674,3.67547e-06
14680,3.51323e-06
14688,2.9399e-06
14852,2.60709e-06
14862,2.27002e-06
14965,2.10735e-06
14968,1.84537e-06
