Evaluations,Fitness
1,5.16312e+06
6,4.97314e+06
19,4.19877e+06
449,3.61865e+06
573,3.34267e+06
580,3.01376e+06
655,2.40465e+06
689,2.07359e+06
794,1.86096e+06
876,1.67128e+06
900,1.35175e+06
989,1.30933e+06
999,1.29059e+06
1013,1.21334e+06
1046,1.14668e+06
1199,1.1409e+06
1221,1.02484e+06
1226,947492
1263,925053
1282,763114
1326,735352
1338,664844
1405,621742
1430,597683
1452,533019
1530,478451
1582,427891
1629,407460
1666,404824
1670,388487
1687,378256
1695,369229
1717,282505
1803,278084
1839,271739
1901,252630
1924,208019
2000,205424
2091,192910
2111,168739
2193,163942
2238,161310
2266,160554
2306,143027
2316,142619
2354,126365
2371,125011
2392,121818
2398,110130
2466,92215.8
2615,76417.1
2719,74594.2
2886,70352.9
2892,58950.3
3041,53916
3112,52287.8
3168,51186.1
3199,47340.6
3254,46552.1
3265,44041.7
3358,41793.3
3439,41433.1
3473,35488.9
3528,35412.1
3548,32066.8
3634,32041.3
3645,29767.8
3693,29504
3708,27907.9
3732,27429.3
3769,27264.4
3827,25741.8
3849,21546.6
3901,20718.1
4030,18776.3
4228,17654.1
4263,16579.6
4346,16271.3
4424,14610.5
4621,12981.7
4671,12945.3
4745,12464.4
4781,12342.6
4782,12105.6
4795,12086.3
4798,11765.3
4826,10771.1
4835,10506.6
4894,9708.78
4929,9371.06
4964,9363.46
4981,8462.86
5044,8436.31
5065,8300.27
5068,7613.87
5075,7417.25
5094,6983.48
5134,6744.7
5251,6690.92
5255,6201.88
5288,5848.46
5414,5604.4
5508,5370.28
5529,4803.64
5599,3989.98
5747,3911.32
5832,3909.17
5844,3890.69
5851,3550.34
5895,3042.63
5978,2775.79
5981,2627.65
5993,2503.69
6048,2330.04
6122,2194.27
6151,2105.85
6176,2088.34
6186,1999.9
6193,1967.53
6211,1882.78
6222,1793.75
6225,1530.93
6248,1389.26
6301,1365.95
6453,1342.84
6506,1325.19
6513,1319.15
6540,1215.24
6555,1191.52
6556,1149.78
6572,1002.04
6625,981.081
6641,971.233
6656,966.532
6683,902.515
6684,784.071
6692,775.246
6798,747.693
6880,735.098
6936,660.044
7031,616.372
7068,615.41
7081,556.928
7094,548.822
7110,521.193
7202,502.543
7209,496.585
7219,444.011
7234,420.194
7270,415.229
7308,369.024
7348,351.009
7352,343.078
7363,309.036
7434,289.661
7445,287.613
7446,272.281
7469,257.536
7501,228.944
7513,223.155
7603,215.13
7615,212.294
7635,199.429
7676,180.602
7697,173.991
7730,159.815
7774,146.874
7813,145.936
7874,143.826
7886,143.416
7921,129.462
7937,117.939
8032,116.449
8063,115.094
8065,112.6
8112,109.53
8129,99.1073
8161,97.1016
8205,94.0475
8243,91.9135
8251,90.81
8304,89.4948
8311,86.8241
8341,86.3506
8404,78.2204
8495,76.7808
8546,73.8871
8567,65.5075
8581,62.2722
8613,62.1604
8676,61.2592
8721,60.2713
8800,58.953
8816,58.1097
8852,56.4204
8885,54.6484
8926,50.0202
8982,49.306
9013,46.2963
9083,45.9732
9110,40.0781
9227,39.8291
9249,39.4019
9267,38.5024
9283,35.8021
9519,35.69
9523,35.3687
9542,35.1899
9555,33.9751
9597,30.6689
9725,29.775
9780,29.7115
9783,26.6133
9890,26.3271
9939,25.3063
9999,25.0608
10113,22.7146
10148,22.5902
10233,19.9745
10335,18.819
10412,18.1381
10508,17.7502
10567,15.1146
10582,14.6147
10709,14.4784
10739,14.2212
10782,13.8725
10809,13.8411
10817,13.6808
10839,11.7206
10881,11.3529
10959,9.7604
11014,9.02828
11150,8.48253
11152,7.19981
11372,6.8181
11431,6.57174
11438,5.96687
11445,5.86879
11490,5.81152
11521,5.43949
11585,5.11957
11642,5.03799
11648,4.7856
11667,4.45913
11671,4.31412
11711,4.30652
11733,4.23314
11742,4.22392
11767,3.94561
11793,3.91507
11833,3.84628
11857,3.34849
11881,3.16868
11893,2.93513
11980,2.72433
12058,2.67267
12114,2.56178
12131,2.42931
12264,2.24811
12341,2.22241
12348,2.03334
12414,1.63767
12482,1.62627
12531,1.46633
12570,1.46081
12575,1.36686
12596,1.29368
12612,1.22564
12636,1.00782
12733,0.967
12758,0.745566
12827,0.739733
12839,0.725343
12905,0.705455
12938,0.683219
12969,0.580375
12990,0.469099
13021,0.465485
13109,0.457783
13130,0.457104
13172,0.441422
13184,0.43424
13196,0.428627
13223,0.427692
13266,0.421908
13269,0.41985
13276,0.398225
13288,0.392752
13291,0.369773
13312,0.314792
13320,0.265208
13414,0.243207
13415,0.238529
13422,0.214674
13470,0.203936
13593,0.194523
13635,0.173709
13645,0.168647
13668,0.166057
13681,0.165159
13743,0.158662
13761,0.146248
13767,0.146187
13778,0.144113
13786,0.119264
13802,0.115031
13836,0.113287
13861,0.111589
13898,0.108375
13918,0.104558
13919,0.0953778
13990,0.0894284
14045,0.0888774
14097,0.0868312
14119,0.0836736
14129,0.0780478
14144,0.071788
14174,0.0552779
14205,0.055074
14228,0.0544295
14255,0.051338
14294,0.0493307
14308,0.049286
14320,0.0451715
14339,0.0402788
14491,0.0370604
14521,0.0359912
14535,0.032867
14586,0.0327703
14635,0.0322396
14655,0.0283159
14668,0.0253667
14755,0.0248322
14775,0.0207346
14882,0.018292
14921,0.0173888
14926,0.0160714
14995,0.0141396
