Evaluations,Fitness
1,9.0557e+06
2,8.70737e+06
3,7.62863e+06
16,7.60702e+06
24,7.14788e+06
379,6.66085e+06
443,5.75666e+06
522,5.12855e+06
546,4.95847e+06
550,3.83071e+06
655,3.6017e+06
689,3.41838e+06
745,3.03996e+06
833,2.73126e+06
876,2.69539e+06
900,2.1145e+06
1065,2.01881e+06
1112,2.01763e+06
1125,1.88744e+06
1184,1.88071e+06
1202,1.87684e+06
1209,1.80222e+06
1224,1.50566e+06
1305,1.42882e+06
1326,1.38733e+06
1359,1.1767e+06
1403,1.11341e+06
1411,1.08329e+06
1437,1.0734e+06
1452,1.06396e+06
1464,1.04036e+06
1474,949130
1514,909006
1530,725146
1656,715984
1672,709789
1724,562555
1957,533754
1991,530156
2000,525562
2011,517408
2025,471652
2056,463143
2071,418019
2091,333237
2192,268991
2244,251439
2316,225645
2378,216064
2420,202244
2466,197464
2493,189477
2530,179348
2551,172348
2554,158397
2611,152384
2613,148473
2683,146763
2694,108527
2763,97242.8
2791,82130.6
2878,81677.7
2893,77718.6
2917,75984.5
2977,75007.1
2992,73144.7
2996,71992
3013,58308
3093,57960.5
3107,56513.1
3153,55718
3207,49519.2
3214,46500.6
3264,38231.4
3284,30307.6
3375,30198.6
3482,29918.5
3557,26633.2
3645,23924.6
3677,21071.3
3786,18733.6
3910,18608.9
3914,16448.2
3941,15835
3993,15641.3
3998,13651.3
4078,12314
4159,10751.2
4281,8156.05
4430,7780.58
4459,7690.59
4471,7341.68
4485,6308.33
4573,6301.65
4622,4932.71
4917,4596.03
4981,4415.28
5011,4363
5068,3901.61
5205,3808.62
5216,3298.49
5225,3175.49
5247,3017.3
5257,2935.87
5290,2796.14
5305,2545.99
5319,2431.33
5339,2319.07
5346,2220.14
5415,2094.08
5435,1857.1
5502,1673.08
5567,1644.9
5568,1639.62
5582,1454.24
5593,1356.5
5641,1115.56
5845,1091.27
5851,953.522
5882,862.022
5889,850.375
5939,846.791
5998,711.163
6048,645.83
6151,612.11
6204,589.769
6207,580.835
6225,542.627
6238,533.074
6246,499.737
6265,488.522
6271,443.154
6301,442.042
6332,418.047
6409,394.675
6466,362.055
6572,345.141
6683,327.704
6685,324.822
6764,303.666
6774,302.666
6798,251.161
6850,217.147
6890,203.861
6908,161.946
7035,153.63
7081,125.913
7114,119.406
7215,104.828
7301,103.031
7310,102.881
7321,100.367
7354,97.7224
7359,88.3527
7396,84.1281
7431,69.5409
7591,68.7017
7606,60.8847
7681,59.0139
7719,53.5151
7744,50.0039
7855,49.0336
7920,47.9618
7921,46.3872
7933,43.3433
7942,38.6972
8017,37.6988
8026,36.7209
8049,35.986
8074,33.8199
8075,32.9838
8078,31.846
8109,30.3458
8161,26.9334
8174,26.3525
8233,26.2293
8244,25.6488
8273,24.8716
8302,23.4343
8340,22.7755
8341,20.603
8363,20.386
8448,15.7957
8675,15.2643
8721,14.7447
8747,13.9131
8811,12.1776
8923,11.2019
8992,10.4238
9018,9.94272
9032,9.88761
9036,9.84831
9043,8.71343
9046,8.50365
9091,8.32119
9127,7.8313
9210,7.49566
9242,6.97977
9290,6.6053
9309,6.58171
9343,5.91255
9354,5.4776
9408,5.42821
9430,5.25116
9437,4.87323
9482,4.54069
9522,4.47427
9523,4.11703
9542,4.10796
9597,3.90903
9726,3.8948
9768,3.73563
9787,3.67612
9818,3.641
9827,3.53963
9835,3.49194
9866,3.4259
9878,3.24426
9890,2.93267
9943,2.85963
9967,2.69776
9983,2.69084
10023,2.55837
10034,2.4854
10092,2.40967
10135,2.20894
10187,2.075
10248,1.89904
10309,1.78731
10335,1.67574
10426,1.60821
10448,1.40169
10520,1.33519
10567,1.26695
10666,1.10159
10709,0.964319
10880,0.910463
10946,0.888667
10996,0.867001
11000,0.685719
11109,0.626872
11203,0.5802
11237,0.572311
11276,0.568978
11320,0.519864
11330,0.470671
11385,0.461092
11400,0.451289
11410,0.430276
11439,0.389519
11457,0.376934
11505,0.340154
11551,0.336327
11555,0.335995
11560,0.334503
11623,0.331455
11625,0.326124
11645,0.313036
11659,0.303281
11703,0.274723
11786,0.270473
11801,0.239535
11804,0.238653
11881,0.238603
11893,0.231037
11952,0.229143
11970,0.17828
12196,0.177347
12234,0.168714
12314,0.164556
12348,0.159451
12374,0.157764
12388,0.156038
12414,0.13641
12508,0.130931
12523,0.130832
12596,0.130733
12604,0.125815
12608,0.123422
12612,0.117822
12636,0.117298
12647,0.114705
12692,0.111946
12727,0.100773
12732,0.092744
12793,0.0879772
12808,0.0867165
12836,0.0857283
12841,0.081806
12896,0.07856
12953,0.0751847
12975,0.0744342
12986,0.0724809
13021,0.0720758
13084,0.06274
13172,0.0614881
13246,0.0585141
13272,0.0570129
13309,0.0568681
13312,0.0515294
13334,0.0508314
13342,0.0473942
13400,0.046481
13470,0.0440572
13563,0.0435284
13609,0.0419683
13621,0.0394868
13631,0.039429
13666,0.0378723
13690,0.0377856
13695,0.0365099
13706,0.0364984
13771,0.0341842
13834,0.0320865
13918,0.0315648
13964,0.0303773
14009,0.02823
14054,0.0280352
14077,0.0278848
14084,0.0254664
14131,0.0213709
14298,0.0203387
14311,0.0199115
14347,0.0193928
14419,0.0193048
14445,0.0185181
14457,0.0175171
14482,0.0159939
14611,0.0158781
14674,0.0155924
14680,0.0148771
14711,0.0141553
14750,0.0138892
14762,0.0133541
14805,0.0132535
14808,0.0131607
14848,0.013128
14854,0.0127386
14855,0.0117587
14887,0.0114697
14942,0.0112669
14957,0.0107335
