Evaluations,Fitness
1,296327
3,284203
6,278252
10,216604
407,214393
449,208348
455,205117
491,201279
495,167990
573,156236
590,144056
639,142391
664,140292
689,128010
695,111102
754,108503
772,85792.1
831,84270.7
843,75282.9
913,71620.2
916,67909.2
952,66634.5
966,65980.6
985,61357.4
994,47161.6
1091,44311.1
1099,43190.7
1101,41096.1
1112,31378.1
1247,30957.6
1289,26814.1
1359,25795.2
1364,25272.7
1371,20520.8
1452,20121.7
1481,16800.6
1530,16139.1
1618,13913.9
1728,13613.6
1739,11618.8
1742,10725.6
1796,10453
1802,9606.79
1808,8483.23
1841,8061.34
1861,8019.69
1949,7610.68
1971,7561.51
1981,7364.69
1985,7175.06
1997,5444.64
2051,4831.46
2074,4432.54
2132,4417.04
2184,4162.21
2192,3434.47
2287,3261.93
2354,3183.34
2365,2947.33
2375,2598.76
2478,2348.95
2493,2141.09
2571,1828.82
2657,1683.91
2687,1653.57
2689,1372.55
2694,1246.48
2767,1173.37
2868,1164.97
2878,858.694
2915,793.807
2943,793.435
2944,772.151
2983,730.392
2996,695.253
3004,689.83
3028,655.991
3057,628.206
3084,623.969
3093,576.039
3107,463.98
3207,427.643
3256,426.664
3271,388.501
3346,387.636
3358,374.961
3359,369.576
3367,340.911
3375,292.768
3405,280.167
3487,269.147
3492,228.846
3528,199.115
3575,197.052
3589,185.942
3602,180.663
3634,160.597
3656,154.52
3692,133.159
3727,132.624
3752,127.005
3799,125.301
3826,111.959
3841,109.386
3864,108.157
3873,100.614
3895,94.5955
3928,90.714
3941,67.7519
3966,61.7764
4078,60.6823
4103,56.6298
4106,55.4367
4136,50.1599
4159,44.6573
4201,44.1992
4279,43.6659
4281,32.9281
4339,32.9258
4367,30.6377
4385,30.0113
4393,29.9001
4415,27.6021
4430,25.1463
4431,22.9661
4485,22.8899
4490,22.7664
4491,22.7463
4494,21.3947
4503,19.5577
4507,15.9661
4532,15.1874
4567,13.5467
4736,11.758
4740,11.6525
4795,11.1851
4814,11.0166
4816,10.0875
4855,10.0098
4859,9.92182
4863,9.43132
4876,9.24058
4894,8.518
4928,8.41852
4929,6.06528
5018,5.39016
5065,5.22979
5068,5.04239
5075,4.97262
5099,4.80846
5100,4.32324
5111,4.0268
5175,3.67818
5209,3.20933
5215,3.00787
5248,2.62526
5282,2.35289
5305,1.9546
5436,1.92871
5453,1.75359
5481,1.59838
5513,1.48396
5528,1.42087
5560,1.30909
5582,1.18544
5599,0.900749
5732,0.851365
5747,0.834125
5778,0.779797
5799,0.733392
5843,0.714586
5854,0.688779
5861,0.681741
5872,0.624725
5881,0.595335
5905,0.528945
5924,0.522699
5926,0.50441
5972,0.494239
5974,0.474377
6001,0.406398
6044,0.350867
6048,0.306544
6115,0.305451
6134,0.296841
6169,0.294978
6202,0.28925
6209,0.279406
6225,0.272269
6248,0.268921
6265,0.212769
6293,0.211418
6301,0.19847
6332,0.1776
6353,0.17003
6412,0.165615
6423,0.146471
6431,0.131172
6466,0.0968811
6692,0.0841502
6712,0.0824231
6734,0.0784369
6749,0.0782263
6798,0.0753224
6802,0.0729647
6867,0.0709705
6872,0.0583932
6893,0.0581581
6901,0.0547855
6913,0.053814
6941,0.0421587
6965,0.0336574
7053,0.0332272
7078,0.030392
7081,0.0285637
7114,0.0261907
7187,0.0208696
7234,0.0192589
7251,0.0180833
7354,0.0175366
7368,0.0174238
7391,0.0129573
7436,0.0119911
7492,0.00994032
7518,0.00875426
7606,0.00548882
7774,0.00497689
7874,0.00448144
7879,0.00434162
7942,0.00373963
7943,0.00339446
8012,0.00317797
8048,0.00310477
8083,0.00297035
8088,0.00277674
8097,0.00263841
8102,0.002499
8137,0.00208952
8164,0.00202752
8174,0.00176371
8276,0.00168679
8281,0.00155898
8351,0.00150725
8361,0.00149236
8391,0.00135456
8392,0.00114076
8477,0.00106459
8521,0.000836473
8561,0.000701143
8637,0.000529071
8754,0.000521914
8763,0.000504061
8813,0.000463914
8855,0.000447894
8860,0.000394239
8906,0.000362846
8923,0.000360804
8926,0.00033752
8940,0.000327953
8944,0.000313833
8975,0.000272551
9018,0.000255218
9043,0.000223873
9143,0.000188973
9172,0.000180776
9203,0.000141018
9307,0.00014063
9337,0.000139843
9340,0.000110415
9362,0.000105918
9398,0.000104802
9429,0.000104417
9452,0.000101952
9462,9.81599e-05
9470,9.489e-05
9483,9.24567e-05
9497,9.10885e-05
9499,9.04948e-05
9576,7.58597e-05
9609,5.73823e-05
9710,5.6301e-05
9725,5.41503e-05
9742,4.8355e-05
9768,4.78803e-05
9783,4.57218e-05
9821,4.53918e-05
9840,4.5122e-05
9851,4.38041e-05
9858,3.92533e-05
9873,3.51063e-05
9890,3.14078e-05
9917,2.68921e-05
9983,2.6546e-05
10005,2.47842e-05
10011,2.29664e-05
10026,2.25271e-05
10108,2.20948e-05
10118,2.14489e-05
10144,2.05679e-05
10152,1.94677e-05
10168,1.8567e-05
10210,1.4627e-05
10261,1.34213e-05
10292,1.32385e-05
10297,1.2772e-05
10309,1.23691e-05
10361,1.21203e-05
10369,1.20055e-05
10373,1.15501e-05
10380,1.0809e-05
10416,1.00762e-05
10448,9.44255e-06
10505,8.58784e-06
10512,8.46866e-06
10532,7.48964e-06
10567,6.36754e-06
10587,6.32288e-06
10602,5.65923e-06
10630,5.56298e-06
10647,5.22037e-06
10662,4.92553e-06
10680,4.64822e-06
10709,3.97546e-06
10789,3.80925e-06
10799,3.39959e-06
10840,3.09467e-06
10881,2.93433e-06
10999,2.77708e-06
11009,2.63087e-06
11011,2.53358e-06
11017,2.40806e-06
11048,2.16424e-06
11076,2.02389e-06
11109,1.80226e-06
11131,1.79784e-06
11152,1.54594e-06
11228,1.40735e-06
11315,1.15737e-06
11320,1.10942e-06
11326,1.08697e-06
11372,1.07976e-06
11376,8.77822e-07
