Evaluations,Fitness
1,5639330.939237
2,5362322.772087
3,5163038.757708
12,5050121.960646
23,4500512.618300
72,4314461.946337
74,3836210.511415
117,3579736.632805
143,3341450.231384
204,3211547.258613
215,2811145.970062
306,2243213.331230
409,2199697.027604
671,1986731.365366
757,1683813.568527
829,1494726.857985
927,1167791.406116
1442,1165096.153031
1556,1129479.241197
1838,1071815.354522
2035,1060337.875021
2115,908981.224740
2161,713738.225291
2358,557713.701920
3074,530070.373096
3186,498625.380574
3255,474859.521888
3256,425414.978459
3411,407481.329108
3428,398013.098939
3534,358939.535129
3802,353307.295024
3834,330990.103728
3911,282134.629371
4078,270788.215932
4132,251123.258441
4410,234471.056711
4585,225398.827270
4643,213824.787069
4810,152316.417166
4991,149029.032389
5234,144643.695851
5659,128919.086980
5997,121920.656314
6105,120307.688484
6136,116749.209391
6437,102477.466246
6589,98957.435994
6697,97591.660309
6773,97118.084491
6986,91224.556860
7142,83747.215989
7374,82572.307303
7504,81592.332832
7559,80543.549167
7591,70758.887375
7722,68055.999593
7797,67533.302415
7897,53602.744311
8309,52168.136657
8430,51204.968027
8595,51198.745899
8602,47851.800238
8678,40268.565371
9100,39255.619580
9302,38806.426344
9316,36392.107206
9528,36023.896911
9610,35692.990111
9627,34044.636844
9865,32909.906995
9975,31982.319379
10075,29410.117437
10281,28961.994873
10354,28112.061675
10355,27862.735598
10530,27158.416174
10649,26901.537561
10660,25644.840584
10664,24040.827785
11109,23622.432921
11260,22520.069591
11324,22492.937064
11364,21421.745810
11502,21230.615006
11564,20966.313084
11708,19676.144854
11798,18976.599014
11878,18122.897350
11904,17687.038300
11926,17658.686618
12113,16900.711592
12422,16716.917216
12479,15535.217076
12551,15409.389544
12661,15108.143079
12791,15070.937201
12805,14759.014208
13014,14713.950735
13021,14657.834901
13049,14538.195249
13053,14048.733787
13097,13955.177135
13123,13941.712312
13216,13435.715144
13252,13374.160461
13354,12628.018793
13474,12549.332710
13539,12480.205913
13541,11638.439771
13710,10904.389263
13936,10873.468546
14130,10758.391101
14347,10208.589101
14416,10077.377759
14467,9901.208391
14624,9251.615304
14709,9129.270737
14809,8785.090504
