Evaluations,Fitness
1,2969.439767
6,2829.368542
8,2668.791450
11,1316.177000
197,1171.138304
559,1134.302945
709,1026.387860
743,943.821952
821,855.772739
1162,797.654012
1229,726.275423
1768,710.029406
1839,624.842257
2058,573.619015
2320,535.350837
2500,496.707796
2911,472.524326
2912,426.845900
2997,372.681408
3370,338.234253
3615,302.219810
3948,284.573101
4153,262.495680
4214,244.751479
4789,243.922115
4794,235.914279
4831,197.355751
5369,197.126260
5456,186.918200
5592,186.410001
5628,169.809661
5751,167.976332
5836,154.768076
5943,141.937131
6120,131.638414
6378,117.852773
6748,114.200430
6919,109.339631
6969,103.800241
7060,100.094540
7254,83.712148
7536,77.960697
7772,77.330455
8189,73.478773
8301,73.446334
8491,72.648692
8557,67.676788
8707,64.813160
8947,62.761252
9040,57.121336
9042,56.242534
9127,54.950212
9247,47.531276
9304,41.537575
9598,41.057464
9789,41.019135
9818,39.670920
9939,35.731596
10040,32.443335
10354,31.246080
10505,29.072836
10517,27.710862
10736,25.151966
10820,24.561291
11064,22.065861
11708,18.136201
12156,17.247709
12371,16.523511
12431,16.208227
12468,15.799201
12647,15.762387
12676,15.455086
12816,15.250488
12850,13.577276
13066,13.454810
13298,12.206943
13517,11.608154
13672,11.603423
13865,11.512361
14093,10.891590
14339,10.779955
14449,10.654310
14485,10.037091
14605,9.600869
14862,8.867576
