Evaluations,Fitness
1,401961.350998
2,308502.682349
5,304767.325743
6,288191.506689
12,277297.621131
16,217392.044427
89,199922.712292
221,194469.607859
236,171618.654550
367,168961.955281
407,162363.787058
437,155560.541496
477,131076.202487
638,124062.805458
788,114445.423111
1016,113691.491690
1183,105647.333676
1209,98066.249985
1375,87013.510020
1638,80532.458953
1729,69560.483524
1912,64955.634248
2228,54342.247222
2477,52453.796219
2577,46516.030532
2895,46447.029807
3034,45643.858233
3103,42293.739234
3207,34887.548564
3546,34638.655472
3686,34324.443056
3707,31599.771162
3868,30045.644620
3873,25358.546761
4039,23979.751662
4229,20003.737269
4864,17819.629763
5156,17044.009905
5253,15114.102755
5528,14922.510661
5555,13980.306316
5762,13799.949580
5794,12653.686868
5977,11827.917311
6031,10043.146470
6737,9511.439481
6744,8197.940967
6943,7539.978300
7352,6603.357015
7482,6532.439069
7677,5632.925065
7718,5007.198965
8266,4596.448137
8361,4568.422163
8433,4386.122310
8586,4350.816021
8595,4057.763724
8674,4031.394125
8863,3757.856761
8928,3418.230786
9111,3259.922777
9168,3237.063617
9320,2757.673741
9624,2656.850993
9707,2448.118453
9922,2219.994191
10080,2179.990629
10088,2131.670598
10114,1843.630386
10730,1677.098833
10770,1596.935642
10880,1584.511358
10907,1492.508392
11008,1479.159228
11245,1377.346645
11344,1344.647337
11348,1246.024211
11497,1130.389636
11561,1129.429876
11762,1083.465575
12067,1064.685825
12283,1045.117084
12328,978.212189
12430,948.671773
12577,922.320435
12714,918.120763
12740,828.061987
12853,775.408190
12928,769.709351
13118,731.521608
13450,690.403957
13735,684.894639
13905,642.710182
14135,582.662468
14300,491.415317
14538,486.038387
14790,456.058256
