Evaluations,Fitness
1,3579.642099
2,1999.054101
98,1988.888551
120,1772.829215
160,1716.032482
228,1695.551820
238,1657.574649
257,1580.887091
355,1568.683763
412,1420.106777
562,1347.463544
587,1092.701784
745,1067.909341
1073,936.928291
1185,917.600801
1448,881.417819
1593,827.926334
1628,816.080976
1664,639.952760
1977,634.464333
2216,613.908537
2314,546.178458
2527,541.276042
2575,524.343366
2692,513.401314
2911,443.690833
3112,438.898685
3197,390.387409
3440,362.195255
3531,308.928425
3774,308.165827
4169,288.477528
4174,281.568928
4363,271.664852
4439,257.193898
4477,228.130641
4872,222.826487
4902,202.478425
4987,181.033500
5290,172.427899
5302,168.315487
5350,166.382423
5441,163.937319
5460,162.298231
5811,129.469970
6225,123.102309
6263,117.829426
6390,107.651691
6438,98.772359
6740,98.163246
6977,94.905738
7114,93.712306
7228,92.111656
7306,91.160917
7342,80.301016
7704,80.004552
7766,69.852824
8195,64.092033
8353,60.528062
8413,57.048352
8711,51.471902
8807,48.962177
9119,45.187922
9302,43.210023
9601,42.178962
9653,39.011468
9916,35.953266
10158,34.279149
10376,32.603451
10481,32.348349
10557,31.219640
10674,30.709474
10753,27.780624
10985,27.257000
11017,26.457201
11045,23.750191
11214,21.502744
11390,21.003636
11435,18.565153
11582,17.213251
11925,15.271971
12360,14.896551
12375,14.724681
12460,13.853546
12729,12.834663
12987,12.714255
13022,11.976634
13056,11.685394
13214,11.353167
13340,11.069871
13398,10.823818
13414,10.370352
13723,10.089029
13786,9.712917
13823,9.141041
13945,8.468017
14347,7.709905
14370,7.350582
14497,7.064396
14742,7.008281
14752,6.992076
14912,6.885786
14964,6.730175
