Evaluations,Fitness
1,1423.925245
5,1369.615840
10,1244.265805
14,1175.161866
15,1160.327345
51,1151.680830
58,1111.524740
139,1002.702160
291,957.162095
453,957.080144
569,956.788581
762,950.160275
817,928.922563
920,887.294089
1376,875.394817
1386,852.284235
1586,800.739161
2042,754.343485
2107,752.907325
2988,727.147828
3906,681.102552
4307,647.579720
6593,644.604788
6929,639.292915
7126,637.224259
7257,602.325838
8283,579.908153
8783,534.304904
12849,504.425761
