Evaluations,Fitness
1,175506.381148
2,162415.381806
52,150530.037527
62,141394.056614
90,132570.930583
110,131807.247113
115,126295.291761
185,120824.812780
209,108972.679826
368,87631.837538
504,64502.591575
588,61448.461680
815,54632.057659
1205,42202.292409
1361,36646.944405
2024,36359.132824
2083,35229.608268
2112,33111.341940
2261,23152.185077
2615,22591.343696
3037,17233.621893
3400,16798.609958
3498,16217.146451
3579,14863.931410
3753,13664.448749
3934,12600.589603
4190,12573.184663
4258,10759.598730
4301,7608.754024
4675,7557.561010
4865,6427.193233
5154,6205.836730
5166,6054.358113
5258,5759.481596
5262,5434.990586
5545,4166.319498
6022,4157.744198
6175,3385.579369
6646,3264.781268
6892,2803.379394
7148,2689.223711
7331,2539.794504
7506,2451.378015
7974,2412.917697
7987,2342.559524
8006,2018.155443
8085,1911.048287
8129,1767.111575
8542,1551.995696
8741,1528.758620
8908,1514.365626
8971,1432.204241
9061,1421.333350
9065,1404.093213
9080,1403.025955
9185,1381.200535
9254,1216.459725
9264,1150.268091
9557,1132.251934
9706,864.654108
10167,655.460575
10772,630.920723
10893,583.536434
11152,461.556548
11573,457.865164
11966,427.293637
12123,408.334571
12162,391.153533
12266,330.021441
12544,322.902295
12667,295.092407
12760,274.752581
12872,272.021962
13015,268.143063
13055,256.856235
13059,248.616185
13399,244.472215
13510,219.190203
13679,211.457286
13716,210.361774
13801,202.671990
13821,196.295078
14068,190.793712
14205,177.566348
14424,176.993657
14441,175.589428
14574,172.188175
14580,169.973979
14724,151.095175
14947,140.365147
