Evaluations,Fitness
1,1162306139.213060
2,1027277389.083971
4,952534352.417412
5,836078580.921369
8,707525756.477209
11,571758725.357378
19,556912414.945852
79,432426964.405451
139,431425422.164275
156,303033710.670542
306,220443337.877249
555,149880385.418746
1045,113961731.314220
1717,101074942.484436
1868,68243003.202448
2298,65187523.909031
2334,48872894.472621
2625,24727290.705874
3515,22219975.805683
3684,18372775.132617
3778,16323813.689613
4085,15116067.654090
4313,13513871.198646
4360,12954341.551479
4450,8804182.815816
4628,4806837.889490
5615,4759385.139752
5773,4462910.153993
5775,3925471.504446
5869,2980110.798773
6463,2850007.679279
6491,2523621.152682
6631,1952411.347724
6910,1633444.205042
6932,1436739.580728
7284,1315013.394761
7573,1275356.451456
7672,1212661.429943
7932,1048556.951088
7933,1005445.319028
8131,973480.957549
8222,914517.705873
8403,878836.207805
8439,832032.510044
8460,786026.605308
8508,732793.522689
8887,690090.828095
8902,567920.632898
9039,528399.667546
9272,516785.499646
9275,513236.508862
9322,482203.896726
9511,464875.366145
9704,405420.196056
9911,401324.933812
10160,345616.033713
10314,312305.161233
10525,291844.659255
10545,286744.190804
10647,276325.579372
10720,273428.071806
10775,270649.974910
10860,260021.135334
10918,258619.818917
10974,258503.929934
10976,219436.138087
11076,205238.967017
11111,195292.505385
11330,166580.664915
11667,153663.420577
11896,150561.888078
12058,134073.074203
12283,133202.705588
12412,124548.340964
12728,116680.241042
12831,115744.936023
12887,101123.079266
13030,100432.022379
13073,95063.612506
13135,94068.640341
13208,90436.357377
13298,73807.332264
13545,59897.290230
14461,56643.695178
14498,54880.946758
14853,53387.645335
14997,52119.834898
