Evaluations,Fitness
1,1507.119051
2,1460.299842
3,1372.295394
6,1335.497954
15,1282.490076
29,1278.628873
33,1265.248619
60,1209.179112
72,1151.085151
126,1145.832494
158,1141.572347
243,1131.693688
247,1019.107540
528,988.811226
718,948.413780
818,943.535317
822,868.470607
1368,839.725228
1784,833.677703
2023,825.581995
2038,818.953608
2229,790.864951
2278,756.859205
2516,744.989996
2707,737.849188
2793,725.590393
2999,715.103492
3092,712.216203
3431,675.077961
3588,639.035922
3984,634.173608
4925,619.666748
5989,556.024459
11935,548.062932
14106,544.148756
