Evaluations,Fitness
1,361442.672711
2,309474.117889
3,290756.037351
8,270098.893753
19,261492.286773
29,215490.203872
95,203921.992821
103,193180.508748
126,186152.344359
208,181494.655099
219,173164.491234
233,142921.576673
370,109512.577052
853,102990.951977
874,96270.514050
898,89608.981973
1236,87766.956002
1238,85393.346349
1452,79306.607095
1455,78100.125214
1508,76616.616671
1697,67391.256386
1950,61876.147921
2036,56258.524638
2488,51548.942497
2657,47224.766020
2757,43613.863792
2980,40454.411724
3190,38382.323894
3443,38130.788676
3490,33938.687214
4043,32760.458706
4238,29299.756957
4265,28800.224839
4408,27760.608861
4434,22682.503946
4766,19139.787745
4889,18436.332247
5129,15130.095101
5482,14124.598946
5900,12799.499133
6000,11881.729820
6012,9546.662382
6489,8615.468573
7049,7388.008634
7110,6849.158170
7255,5694.400901
7994,5530.257715
8040,5219.284826
8082,5108.054664
8168,4819.825916
8247,4584.998873
8405,4415.911225
8545,3964.515047
8756,3714.164425
8995,3553.273731
9099,3289.140294
9401,3277.153704
9433,3213.029911
9451,2908.526970
9523,2768.445090
9764,2011.369086
10010,1933.779451
10311,1883.054897
10541,1880.888639
10626,1817.806624
10661,1740.685930
10835,1590.615648
10871,1549.504249
10894,1474.379997
10992,1350.176807
11410,1283.868404
11526,1203.766568
11540,1099.293939
12036,1086.212634
12096,1085.544692
12098,996.230651
12393,925.621135
12533,909.205254
12655,846.612944
12762,824.034567
12885,764.922944
13107,723.682716
13235,649.378470
13488,634.295358
13660,592.434921
13700,568.512773
13820,551.505967
14090,516.308981
14094,504.350753
14193,492.054646
14225,462.968602
14349,408.413843
14560,399.922245
14708,355.442059
