Evaluations,Fitness
1,3265.606364
2,2275.817768
25,1713.890550
72,1357.228645
303,1346.675866
562,1326.313412
610,1260.400865
654,1187.834224
732,1160.888385
889,1112.917095
1039,1017.072906
1071,974.470593
1120,956.212653
1205,927.199996
1268,676.649588
1778,666.387252
2123,635.051257
2350,623.899266
2432,603.724628
2436,579.495725
2462,558.583535
2571,511.551566
2715,488.407604
2784,467.424584
2785,446.328889
2833,438.032221
2924,437.978283
3040,415.492369
3076,414.527917
3079,414.409890
3092,406.984558
3201,369.365922
3314,364.940182
3557,328.567608
3607,306.436913
4005,293.587713
4139,260.538250
4372,226.611933
4881,212.048923
5095,201.072021
5101,178.164770
5236,174.217771
5271,163.054150
5377,160.194085
5681,155.374292
5807,153.611368
5896,147.772925
6011,144.982519
6032,141.098123
6083,140.738119
6240,134.122937
6353,129.216877
6505,107.118758
6657,104.396674
6871,103.830648
7027,96.762770
7134,95.996459
7145,92.548796
7233,88.711009
7443,84.257581
7552,81.462550
7602,68.074079
8077,67.768644
8146,67.609350
8257,62.473999
8346,55.663545
8428,48.993207
8915,47.358356
9053,45.880753
9066,43.203840
9332,39.061665
9517,32.179370
10060,30.345193
10062,27.754734
10165,26.510548
10247,25.527361
10255,25.073096
10334,23.653412
10536,20.605985
10873,20.480993
10992,20.452967
11016,20.064420
11147,19.971701
11186,18.668519
11425,18.499552
11426,17.851293
11494,17.177160
11798,15.734424
11962,15.663204
12047,14.357501
12065,14.334573
12139,11.452073
12464,11.369373
12559,11.182657
12636,10.860088
12651,9.890774
12689,8.999909
12732,8.953454
13102,8.873607
13114,7.581549
13391,7.382538
13448,7.225080
13489,6.948376
13576,6.426956
13850,6.251121
14053,6.094034
14061,5.806662
14155,5.472047
14420,5.231986
14458,4.927436
14615,4.864257
14806,4.840627
14854,4.191510
