Evaluations,Fitness
1,5137958.926063
4,5055331.652414
5,4874245.649020
25,4667464.770808
47,4158185.059542
60,4030301.390078
91,3594388.453189
130,3117490.673432
151,2763783.278166
342,2104688.230110
610,1905622.932994
781,1598236.917101
1041,1510704.125708
1338,1455412.472658
1389,1377724.913513
1489,1113527.280632
1683,1036684.804924
1713,995604.891202
1818,951638.419095
1997,948077.470372
2292,816403.348868
2615,721258.784176
2859,680539.727265
3092,630164.397001
3153,563393.926669
3437,487905.974415
3550,469701.314047
3579,461463.952564
3869,446868.328839
4022,379236.348668
4108,314531.310195
4290,294626.122245
4582,288148.826053
4992,276580.542459
5200,259190.668278
5330,242893.383043
5498,238837.218957
5656,219632.454955
5677,188330.594217
5896,187422.557931
5926,155222.643383
6142,142345.910282
6539,140700.309833
6879,135468.521833
6909,120323.751543
7377,119550.279641
7422,117233.398314
7451,116389.733004
7469,112692.013771
7534,106361.938725
7640,100011.979739
7768,96898.734260
7918,89179.974628
8136,87980.129544
8492,79596.822737
8834,74947.149612
8861,73398.479599
8871,71681.451566
8884,71231.203881
9005,69774.973074
9164,65729.934242
9227,62306.769868
9234,59799.181565
9584,55819.006748
9838,54800.365423
9885,53347.545365
9912,49957.414847
10152,44169.046328
10401,39345.636891
10913,38200.628560
11059,36238.531485
11084,35416.610980
11312,34090.647102
11538,33984.573238
11541,33356.575002
11630,33072.652669
11637,29749.398118
11798,29718.583993
11944,29496.033839
12184,27729.756498
12311,27051.562597
12331,25499.282068
12407,25031.739066
12652,24652.262819
12755,23084.752212
12948,22827.482248
13049,22487.992061
13117,21823.263411
13180,20153.130216
13311,19834.859987
13532,16376.947182
13866,16010.975860
14020,15831.177331
14050,14320.355763
14115,13811.882252
14128,13255.453833
14454,13232.049823
14634,13149.281852
14661,13070.505518
14674,12506.016758
14959,12505.670358
14993,10959.650094
