Evaluations,Fitness
1,2887.398566
3,2580.134524
5,2506.362343
9,2138.126850
68,2027.679248
88,1753.573178
209,1651.333621
227,1492.894127
246,1454.743258
383,1404.472024
461,1358.673872
514,1303.253528
559,1225.382325
857,1186.837622
961,1158.902034
1040,1095.284690
1066,896.342278
1629,878.510172
1661,753.661390
1772,606.901438
2180,504.463492
2488,454.600584
2772,430.912405
3074,389.405452
3132,378.287819
3198,368.506764
3234,339.980980
3379,267.393810
3986,245.083553
4005,244.125823
4208,231.869788
4332,220.463840
4513,214.039225
4857,209.058115
5008,202.356069
5009,195.859436
5180,180.798117
5219,175.958092
5248,169.097247
5378,140.003940
5599,133.277476
5916,128.086931
5942,115.376834
6276,104.728454
6299,92.137588
6676,85.362905
6765,73.167329
6956,66.066810
7527,59.671995
7602,59.372843
7928,57.231089
8112,53.687790
8325,47.740977
8701,44.717136
9010,41.410574
9080,40.992932
9108,38.941264
9358,38.583119
9411,37.248106
9415,36.048032
9573,35.918255
9639,34.289791
9725,33.741422
9915,33.327333
9924,32.798698
9957,29.740514
10037,28.429380
10383,26.140605
10637,25.778506
10772,23.385742
10922,21.436004
11525,20.489768
11679,20.424022
11721,19.732870
11800,19.577470
11810,18.461387
12007,17.880271
12114,17.407771
12218,16.776387
12219,16.585511
12474,16.442088
12486,15.933107
12647,14.244840
12969,13.642224
13111,13.399587
13278,12.460261
13595,12.407974
13608,12.126894
13722,12.099442
13736,12.014375
13772,10.869225
13841,10.484788
14008,10.130476
14073,9.914975
14242,9.192832
14324,8.626940
14908,8.478189
14914,7.978081
14971,7.740858
