Evaluations,Fitness
1,938658772.011885
3,875456037.987906
10,777138581.132140
25,765896432.006394
27,765286865.293731
28,751746969.243806
48,595328332.128066
53,590758625.921036
67,569391578.043893
81,557610750.019919
83,531701981.349183
103,502411294.841771
126,493348489.601935
130,486924729.689147
141,478529718.835765
155,469338798.448582
156,468746302.821546
198,379344123.788362
214,303651410.740562
336,216932648.795880
487,155145258.551887
920,126485593.627343
1140,104411060.068472
1275,81416548.252991
1384,78493826.614157
1528,71431788.292252
1929,38007400.384205
2032,31563189.216675
2377,31029887.431013
2517,25241983.768092
2853,24659234.752843
2861,20159759.768333
3064,17117921.476560
3258,14100214.435615
3433,12303810.709311
3933,10103363.109834
4357,8930987.302648
4477,7603103.387506
4703,7544462.370312
4878,7473867.970990
5000,6082183.764749
5379,5015813.147401
5770,3837095.764492
6194,3389270.074853
6247,3112221.701818
6493,2997222.557505
6505,2871404.110152
6783,2463278.049774
6903,1866329.322816
7299,1831072.562838
7313,1711228.735203
7632,1707945.548839
7643,1531189.286988
7706,1225131.726451
7776,1179309.866650
8220,1095564.076415
8365,1093774.459964
8432,987531.755546
8633,976339.695737
8650,957688.582288
8703,920535.669022
8717,833741.059777
8799,745731.943802
9030,714446.329892
9190,703427.857839
9247,602953.296092
9664,593777.193376
9847,526530.059977
10017,507253.955572
10214,491166.214140
10295,433395.510543
10447,401796.553961
10545,358675.644847
10731,336932.488903
11029,304960.368480
11110,291217.751516
11161,286241.104653
11266,251116.458898
11584,245439.309541
11811,226775.777644
11913,223862.271909
12087,222787.309378
12155,221799.285505
12259,216817.943454
12264,215347.749640
12278,161893.202196
12899,144515.083488
12999,133134.112234
13310,128903.897001
13564,123668.350349
13610,111165.634351
13750,109098.529009
13849,105267.464392
13897,101278.627986
13921,84591.771067
14417,83458.324394
14462,82521.566674
14564,80987.554175
14573,75069.557604
14726,70120.848117
14858,65715.227533
14960,63087.767341
