Evaluations,Fitness
1,725457279.650770
4,684192614.724228
21,620536260.415710
41,458208677.464766
113,444582394.490009
133,393049867.643800
156,336638846.499596
224,255382627.801742
309,243559990.499573
311,158012002.503904
728,129757789.595476
1102,126346849.313918
1172,87783652.488161
1489,48764393.224954
1711,16240360.160140
3638,15439859.372001
3671,14445491.563837
3811,13547107.701458
3860,11583822.023728
4033,9894625.455158
4150,7381963.780615
5308,7093829.281525
5339,6890485.926909
5393,5891877.891532
5456,5500832.381546
5518,4797319.775994
5648,3426852.570314
5884,3302121.690522
6102,3147687.208893
6230,2735830.847399
6416,2019924.510621
6750,1733196.504516
7260,1565475.857382
7384,1530173.973449
7645,1497709.538184
7674,1350053.395785
7734,1132361.979364
7856,1120488.673382
7915,1099399.306611
8160,969595.764046
8412,906523.425759
8651,757893.503744
8909,756259.181245
9027,723897.546056
9050,662236.498480
9242,586657.743236
9333,529528.456250
9593,499937.373422
9963,441177.359672
10022,433254.973563
10219,354266.281239
10512,350229.994126
10617,328853.284720
10725,302727.552514
10923,295243.267421
11043,279684.977551
11270,255365.390135
11402,240075.043109
11512,181599.144712
11806,171159.140583
12218,164379.576578
12418,154912.849560
12587,153879.478275
12601,144016.930170
12706,136905.746380
12762,135154.952013
12889,123744.526592
13118,123533.163541
13363,119346.619897
13364,118436.749178
13401,101782.639410
13618,98664.750475
13752,96195.326431
13798,86713.255020
13989,84006.136255
14125,80158.723890
14153,76750.950286
14418,76562.357615
14425,72889.463593
14453,72001.812546
14529,70796.134200
14731,69672.796086
14732,65744.555483
14789,62388.142327
