Evaluations,Fitness
1,2797.506801
5,2622.756776
15,2405.270607
30,2384.483415
38,2187.918668
66,2161.698811
79,1741.050821
264,1611.785421
346,1560.610349
355,1499.143193
502,1424.048973
604,1082.866330
994,991.227469
1048,988.511252
1085,921.199435
1234,897.932227
1583,713.785862
2091,609.429236
2192,584.776225
2295,513.794124
2658,496.597653
2889,466.914750
3144,441.768554
3161,366.770454
3388,335.604390
3711,302.097270
3984,297.382715
4060,268.343199
4174,263.864673
4279,212.251243
4590,178.781028
4857,177.769765
4872,156.536106
4946,150.640536
5133,145.472564
5251,141.562536
5255,139.827465
5283,125.643898
5496,123.984259
5538,123.331016
5600,122.440554
5663,110.027990
5894,106.609366
5966,103.760578
6126,100.560376
6135,91.510995
6453,90.956931
6474,70.545930
7170,69.020977
7201,68.658730
7224,67.597819
7384,64.025014
7449,61.366487
7564,61.216867
7572,52.588099
7745,52.352744
8030,52.346559
8087,49.131875
8106,46.319390
8189,42.426471
8656,39.161617
8838,36.941413
8982,35.451728
9039,32.103732
9058,31.758922
9490,29.931435
9710,29.276518
9725,28.588376
9887,28.219693
9938,27.705647
10033,27.277433
10139,25.863645
10239,25.745153
10265,24.776303
10446,23.763169
10562,20.275613
11108,19.461824
11178,18.776590
11241,17.901125
11261,17.886623
11385,17.787926
11486,17.542204
11544,17.340230
11608,17.228493
11708,16.367068
11760,15.558428
11808,15.067827
11991,14.808234
12110,14.118233
12324,13.556729
12433,13.523813
12452,13.352656
12582,12.758302
12602,12.747814
12643,12.738295
12674,12.558902
12697,12.503270
12711,12.346916
12862,12.131840
12876,11.996742
12998,11.602778
13048,11.227915
13051,10.725652
13147,10.073396
13311,9.923374
13361,9.366059
13409,8.767333
13566,8.089940
13752,7.845477
13986,7.021147
14175,7.005033
14401,6.997597
14427,6.879719
14613,6.771829
14699,6.580719
14710,5.650958
