Evaluations,Fitness
1,8.47267e+08
3,4.00548e+08
58,3.44905e+08
205,3.20835e+08
236,2.48278e+08
517,1.93356e+08
933,1.92112e+08
1508,1.50426e+08
1983,1.10488e+08
3250,9.43634e+07
3874,7.40512e+07
4172,7.09006e+07
4421,6.12932e+07
5958,5.20365e+07
7290,4.86473e+07
7680,4.15315e+07
8165,3.91034e+07
8620,3.82072e+07
8745,3.76196e+07
8983,3.68493e+07
9077,3.53253e+07
9709,3.2271e+07
10563,3.20639e+07
10848,3.13211e+07
11029,3.09521e+07
11044,2.59776e+07
11416,2.19689e+07
11847,1.95986e+07
12437,1.92898e+07
13187,1.83608e+07
13519,1.79572e+07
14553,1.79345e+07
14838,1.63777e+07
