Evaluations,Fitness
1,1.0089e+09
2,7.66573e+08
6,6.90402e+08
11,6.19631e+08
54,6.07783e+08
61,5.40325e+08
99,4.95916e+08
130,4.29459e+08
143,3.3383e+08
365,3.02408e+08
393,3.00631e+08
464,2.98668e+08
516,2.92756e+08
522,2.56792e+08
585,2.50829e+08
728,2.22982e+08
902,1.41194e+08
1302,9.19962e+07
1855,7.73923e+07
2094,5.87156e+07
2284,4.53846e+07
2505,4.43812e+07
2926,3.57079e+07
3002,3.53292e+07
3008,3.37893e+07
3095,3.20188e+07
3578,1.26398e+07
4356,1.1162e+07
4705,1.05666e+07
4716,7.25223e+06
5063,7.15348e+06
5219,7.11063e+06
5249,6.84988e+06
5279,6.64797e+06
5358,6.49462e+06
5425,4.07881e+06
6158,3.77595e+06
6206,3.44606e+06
6284,3.17597e+06
6485,2.79506e+06
6594,2.30228e+06
6860,2.2923e+06
7054,2.20938e+06
7111,1.63427e+06
7508,1.61621e+06
7522,1.44096e+06
7660,1.18231e+06
8328,1.07019e+06
8378,1.04111e+06
8537,941811
8988,815582
9317,761370
9353,671454
9620,632442
9804,605476
9896,543340
10070,507033
10165,493365
10356,465453
10468,452172
10485,428471
10572,423341
10640,413865
10645,406170
10767,388769
10835,381745
10860,367942
10870,352297
10908,350973
11231,344036
11262,327358
11263,315343
11360,260791
11705,229341
11836,224957
11921,214730
11993,213395
12051,201001
12177,192892
12280,181180
12370,177199
12455,175299
12542,172990
12554,169223
12652,167349
12685,165415
12882,157266
12954,146144
13112,142806
13143,138443
13394,135169
13601,125324
13780,125285
13883,121706
14043,116550
14077,114884
14289,102358
14316,101560
14616,95648
14704,93926.9
14710,93813.5
14816,93059.9
14893,88704.7
