Evaluations,Fitness
1,4.99885e+06
16,4.43528e+06
27,4.32354e+06
63,3.29335e+06
111,3.28492e+06
163,3.24401e+06
285,2.52215e+06
298,2.38502e+06
368,2.29161e+06
569,2.14846e+06
657,1.32553e+06
1189,961467
1369,905627
1942,730234
2477,698547
2593,655940
2629,641853
2654,601807
2983,561578
3022,542930
3083,437467
3580,413751
3802,401663
3835,378590
3836,341740
3985,318358
4208,306453
4421,262804
4551,256314
4642,216639
4914,206029
5007,182895
5282,169711
5496,168967
5559,124902
6603,111524
6702,108577
6779,104860
7079,103269
7121,101388
7126,98256
7209,92778
7247,90828.5
7346,89443.1
7469,79672.8
7672,78870.1
7712,75715.7
7837,73252.4
8050,71962.6
8057,63505.5
8129,55949.2
8183,55606.6
8285,53974.4
8723,52528.2
8814,50812.4
8861,50004.9
8951,48917.5
8970,41519.5
9270,40629.3
9492,32668
9837,30032.5
10199,29164.3
10467,27483.5
10550,23772.4
10765,22686.3
11031,21826.5
11251,20886.3
11295,20803.9
11359,19963.7
11447,18479.4
11664,18091.9
11713,17019
11715,16674.3
11844,15888.1
12071,14782.2
12072,14352.2
12201,14204.5
12254,13897.4
12449,13240.7
12770,12818.3
12968,11795.9
13021,11525.2
13035,11202.1
13169,10343.3
13369,9154.77
13432,8004.12
13704,7724.2
13726,7058.21
14064,7039.58
14101,7005.32
14233,6498.9
14239,5866.96
14494,5857.05
14530,5509.74
14608,4605.07
14775,4356.22
