Evaluations,Fitness
1,21.082390
8,20.988235
29,20.934254
51,20.853002
67,20.772339
111,20.594557
157,20.572266
158,20.540124
163,20.477527
228,20.224055
256,20.170756
292,19.574147
467,19.226796
863,19.222474
895,18.768068
1144,18.664243
1164,18.467319
1273,18.222708
1290,17.856090
1571,17.208751
2275,17.086490
2288,16.984493
2645,16.490582
2849,16.471919
2895,16.103304
3145,15.206410
3299,14.399104
3872,14.302576
3961,14.269939
4119,14.163221
4290,14.097686
4431,14.030332
4450,13.738255
4581,13.699012
4669,13.640185
4704,13.614578
4839,13.349502
4875,13.031270
4926,12.981077
4928,12.299392
5337,12.273634
5354,11.751039
5537,11.539544
5811,11.462819
5886,10.485089
6414,10.044766
6796,10.031211
6820,9.792614
6850,9.754635
6973,8.842134
7479,8.809373
7542,8.791004
7545,8.529320
7842,8.450648
7911,8.399693
7931,8.373621
8104,8.168331
8440,8.132477
8469,8.117581
8581,7.937998
8776,7.526740
8969,7.510704
8979,7.453722
9038,7.328140
9066,7.324619
9101,7.303395
9503,6.905930
9754,6.710242
9872,6.546988
9982,6.282618
10224,6.194177
10617,6.191975
10626,6.182699
10668,6.016476
10755,5.997159
10799,5.790218
11040,5.702296
11210,5.695615
11220,5.662236
11243,5.609414
11273,5.442773
11406,5.394954
11493,5.276968
11515,5.214926
11719,5.032733
11735,4.677815
12498,4.506044
12888,4.466032
13180,4.449017
13300,4.413814
13633,4.379276
13696,4.366129
13780,4.322853
13856,4.297861
13901,4.229002
14164,4.188818
14437,4.143995
14588,4.110657
14638,3.954097
