Evaluations,Fitness
1,21.296633
4,21.222676
13,21.208397
19,21.205358
71,21.056207
120,20.954580
187,20.952211
189,20.910514
302,20.820384
421,20.743903
535,20.719875
546,20.719199
675,20.706565
784,20.133861
1239,19.994614
1486,19.944132
1808,19.815572
1888,19.675518
1950,19.613450
2129,19.497267
2359,19.375696
2461,18.969307
2707,18.911621
2789,18.803604
2980,18.664368
3166,18.649606
3301,18.530216
3373,18.216282
3643,18.100987
3882,17.829357
3963,17.540096
4364,17.506365
4514,17.242161
4594,17.002403
4647,16.951347
4720,16.556980
4831,16.510037
5205,16.447732
5265,16.386631
5327,16.287654
5469,16.144856
5475,15.983230
5665,15.406374
5838,15.039027
6435,15.029851
6450,14.822878
6559,14.727278
6561,14.685607
6618,14.372277
6658,14.203721
6670,13.584427
7209,13.273128
7431,13.086942
7513,12.849400
7822,12.562010
7858,12.165730
8237,11.913493
8498,11.867715
8569,11.855879
8578,11.805166
8817,11.778349
8862,11.765393
8910,11.712181
8915,11.673274
8924,11.628420
8980,11.626811
8991,11.273409
9341,11.082050
9372,10.973452
9502,10.964880
9510,10.958438
9580,10.833044
9623,10.797187
9683,10.730481
9710,10.614404
9855,10.573321
10055,10.407690
10064,10.281093
10210,10.218732
10221,9.998000
10502,9.937152
10858,9.788671
11137,9.739214
11249,9.647680
11346,9.619979
11377,9.609104
11433,9.573065
11608,9.530681
11673,9.518545
11722,9.302593
11748,8.924093
12000,8.883819
12276,8.858154
12556,8.443933
12915,8.365792
12935,8.229590
12965,7.983438
13472,7.903023
13505,7.872365
13506,7.761177
13551,7.705814
13646,7.685876
13651,7.668129
13662,7.402377
14140,7.369186
14168,7.155718
14492,6.967536
14596,6.889936
14619,6.628670
14921,6.519482
