Evaluations,Fitness
1,870966932.562615
4,811206262.759415
16,760460527.764988
25,585851585.571487
30,546015279.925354
86,492992274.860247
108,432766917.057454
143,379152172.831703
270,287927934.784629
312,271941648.606866
313,266972335.900423
470,256905609.930625
485,212917087.643253
538,120534059.921401
1064,102263242.599627
1125,98474378.358372
1129,88354332.736577
1320,82148441.681171
1443,65206413.305313
1964,59757792.318603
2113,56333681.199791
2252,49109859.509803
2316,45392677.905834
2531,25390961.744483
3074,21374773.993473
3132,20025506.875956
3169,17960471.757568
3306,16700210.433155
3548,15859802.531813
3711,15136374.240454
3796,11139833.680464
3827,11036635.340100
3922,10900414.768726
4048,9305774.566916
4127,8987759.567230
4228,7299788.017422
4606,7193368.572361
4664,7098078.153188
4665,3696338.158796
5264,3544066.021557
5268,2952616.416345
5699,2752441.482974
5815,2196802.380205
5983,1919809.007839
6128,1795287.212602
6132,1622274.500158
6148,1572414.054855
6366,1124116.595940
6521,995772.348468
6783,993114.318348
7354,950136.727404
7530,898121.825129
7676,778046.728090
7842,743662.508496
8058,615693.275157
8193,598871.569932
8284,584240.599909
8363,395591.940950
8614,355216.658562
9152,302526.353245
9567,288747.757676
9698,232329.217553
10095,186139.849958
10258,180342.968006
10463,158898.838802
10678,155618.001888
10811,150754.450154
10882,140803.692305
10924,139722.181722
11091,138597.659635
11119,126462.290742
11286,123610.255042
11329,111140.892027
11474,110645.388430
11512,110271.541121
11549,108102.302777
11617,104993.224388
11644,104235.937290
11688,100292.192229
11749,83425.529416
11863,82353.644892
12444,80491.739231
12467,80079.773533
12496,79920.166225
12507,76102.666160
12662,74489.670157
12796,71938.766649
12993,71362.867822
13081,67592.838801
13125,64722.878707
13279,61215.515674
13312,59581.682921
13623,59393.951729
13772,58583.555872
13845,58368.715984
13908,54117.356457
13995,52030.065822
14284,51254.134052
14544,47026.422827
14744,46042.356101
14768,43872.288990
14926,43818.908052
14942,41449.511849
