Evaluations,Fitness
1,1777607473.618713
2,1656245156.290233
3,1422117406.979291
8,1206431240.303886
17,822795036.655209
20,380447287.598495
86,306988014.366185
226,187411972.587750
561,143642107.788961
1127,138974813.642337
1365,107281367.543289
4650,105206837.671544
4817,92127575.966349
4995,89839958.459061
5654,75936911.967750
8482,63327037.016296
10442,61756573.460007
11144,59476003.013719
11175,53530249.784573
11495,46518160.441426
12228,45073341.485491
12688,40426299.386310
12797,38100088.351342
13564,35704541.849708
