Evaluations,Fitness
1,9691047.945836
9,8854653.778429
12,7266727.278631
19,7190147.226977
53,5589233.951921
163,5348246.620397
215,5227429.421840
220,4868918.778190
292,4712307.989202
305,4318612.971724
400,4217497.621298
405,4069876.944699
428,4045912.918000
595,3272007.435600
648,3209279.907443
818,2955704.815872
840,2777567.674507
940,2373892.455555
1248,2173373.656750
1429,2112865.946751
1459,2077475.394526
1530,2023566.903882
1622,2020658.658262
1753,1785580.508575
1823,1581605.115383
2155,1568863.391031
2219,1538590.090115
2386,1451746.014209
2516,1394552.224952
2554,1277198.653609
2673,1152436.587966
2854,1132005.050913
2902,1111216.337644
2982,961589.178463
3196,725427.163149
3588,592821.252969
4102,412320.283360
5002,381165.187916
5364,367017.544539
5401,317326.905491
5645,303974.696397
5958,241169.179828
6527,241013.688788
6579,226775.214393
6717,225788.880857
6758,210227.007821
6839,201748.177965
6853,200330.562310
6889,192304.757115
6972,191012.785779
7079,176754.016491
7163,159768.638188
7414,157376.977351
7501,145456.514807
7608,142689.274667
7814,142383.906233
7826,124896.951430
8129,122986.548798
8215,114478.702600
8238,113290.393487
8504,111961.825254
8568,97397.180270
8796,94075.085019
8883,88255.917950
8961,82272.018479
9142,81110.257103
9310,80244.661499
9329,68777.845240
9788,65789.995070
10068,61618.883677
10287,57398.780293
10363,51103.593204
10542,48408.903699
10745,46245.750289
10963,45156.569460
11300,43027.674469
11430,42181.959160
11494,39373.617115
11627,38013.219567
11746,37975.958933
11834,37921.703038
11841,36947.331904
11866,34099.104497
11880,32258.801270
12221,29343.993044
12466,28796.215980
12712,27888.338995
13025,25698.696167
13270,24444.237148
13420,22319.506623
13564,21949.432803
13657,20567.579501
14073,20487.235630
14121,20036.289025
14355,20005.792123
14403,19663.235045
14420,18813.333587
14639,18124.592115
14738,18034.365514
14752,17655.824081
14835,16031.784989
14929,15079.114226
14990,12769.271642
