Evaluations,Fitness
1,182532.998011
19,167576.670215
25,138690.368243
49,128317.811598
64,118139.301753
184,117000.014342
259,111708.583861
281,107375.789837
284,96763.405719
338,93337.846625
418,86902.712709
522,80632.943649
589,69348.837367
657,69266.557462
914,67349.163035
915,52143.879615
1027,48792.544307
1194,43716.326118
1359,43623.497299
1658,40626.630243
1708,39320.191922
1994,28934.113980
2338,28091.073470
2410,24849.329296
2477,24043.371129
2761,21120.723805
3084,16738.444152
3158,16107.787595
3258,14884.179027
3490,13962.743568
3585,11428.913877
3604,11190.996971
3938,10311.309403
4194,9568.239293
4265,8086.177088
4434,7991.040792
4502,6241.381813
5124,5949.868627
5200,5397.567079
5554,4951.489463
5806,4398.826956
5968,4347.408978
6030,4153.671775
6061,3921.369486
6304,3896.107721
6386,3487.559599
6584,3045.278249
7048,2917.187380
7115,2858.128768
7286,2727.683602
7545,2717.941875
7614,2695.615345
7615,2621.382463
7706,2583.421822
7744,2578.492841
7748,2514.257406
7817,2487.836390
7918,2355.034777
7948,2323.816239
7966,2239.990211
8117,2096.962696
8359,2031.892549
8489,1643.530617
9009,1555.316012
9049,1538.262899
9088,1532.621265
9174,1482.642041
9296,1366.879702
9494,1332.891506
9595,1272.228116
9691,1194.136687
9862,1088.080867
9960,1068.833086
10034,1057.328163
10120,1053.625566
10156,957.637794
10424,952.842435
10480,952.329745
10533,916.142302
10554,867.156175
10559,852.473920
10673,813.864643
10761,776.641884
10792,771.525504
10871,769.201129
10904,764.636606
10971,723.473769
11025,715.862283
11053,559.085209
11432,548.651668
11543,518.248785
11834,513.773433
12012,463.042050
12032,448.584901
12425,446.148970
12467,415.135188
12569,365.461007
12882,352.150641
13072,348.965811
13094,348.261679
13155,322.479616
13364,307.801880
13429,278.289493
13713,258.671807
13850,255.133792
13868,249.078623
14071,237.384305
14136,207.779167
14447,193.007331
14573,187.655612
14623,167.163441
