Evaluations,Fitness
1,1067258558.861490
2,983276326.186673
3,956271435.418254
4,898228178.642349
6,854189931.343757
7,846554646.126839
9,741417649.792715
29,705836876.595564
55,577205128.672047
86,561573122.139675
99,512914290.954012
103,490434512.570000
141,479602530.238215
159,469063155.909172
168,464655132.321200
209,394014147.057033
220,286149705.643601
338,246596014.357018
425,187206870.232882
544,178332228.047792
555,160455686.681322
645,135275467.214122
745,122412289.313639
896,104073515.672311
1225,56363320.024180
1532,48638559.425165
1539,35755457.400580
2147,17756498.044813
2969,16200283.054860
3162,6930115.375400
3657,3285681.288284
4627,3241184.822648
4959,2940004.491301
5253,2522821.812720
5302,2366256.893434
5483,2364120.438492
5614,2335038.659092
5623,2132469.942709
5746,2081930.476183
5853,1979132.321208
5912,1973804.968155
5953,1556341.481105
6234,1542516.936472
6391,1402782.408981
6392,1287879.774062
6517,1124953.935092
6694,1020788.725309
6712,1015719.134346
6949,936385.167180
6995,909147.777584
6999,905047.572610
7202,859640.861454
7402,676837.449225
7583,552678.572463
7590,547188.364673
7724,470702.760806
7927,463329.495682
8304,403885.075411
8338,362298.588916
8363,291720.106831
9166,272583.933917
9211,208853.106468
9669,204125.666015
9712,199428.468065
9848,190195.354157
9854,171734.325964
10150,171616.812713
10181,152467.170197
10392,147843.274350
10446,126893.606597
10606,125500.479220
10819,124725.634234
10835,111076.414940
10923,110047.146608
11108,105169.506799
11153,98627.296562
11354,86693.634620
11776,83324.004167
11826,79999.286201
11940,77097.975889
12042,70013.096228
12307,68931.652181
12517,65726.111875
12554,62733.983126
12692,59208.101838
12711,58163.182775
12743,57606.782910
13037,57487.398939
13064,57026.555507
13114,55882.879460
13168,51013.893773
13184,49369.512404
13295,49200.576763
13412,47713.088921
13579,40332.235539
13715,36815.116416
13897,36119.560736
13942,32223.675149
14199,29380.142513
14330,28586.026460
14483,25761.934893
14679,25741.033216
