Evaluations,Fitness
1,1101437598.184107
3,913810733.959725
4,815329511.287623
12,812698379.403070
14,794724409.659519
21,698099152.877522
23,591622632.911077
70,577055994.633311
91,496651699.961429
108,493419120.683087
159,467126358.248300
174,464044476.068112
194,429734973.465319
202,399722192.437142
248,363260779.059222
332,326062217.327406
334,321510421.178271
350,284236665.084725
353,269627826.379850
504,217642700.671848
713,128228845.195925
1323,121049678.434685
1393,116842350.168938
1669,78055719.822767
2370,77910567.358304
2431,53377799.888204
2722,46074334.033768
2999,38869139.826021
3088,28956370.603703
3114,21823218.967138
3137,20902131.786178
3213,19068523.073966
4023,15815078.479905
4102,13868322.528363
4261,12971525.099181
4452,11137457.051064
4732,11121322.138448
4826,11060333.534653
4833,6855886.090639
5532,5974858.222512
5673,5512720.963901
5746,3326142.118647
6191,2610623.050924
6587,2501054.681520
6872,2490986.756795
6975,2429168.502597
7024,2032876.908019
7111,1907800.621640
7147,1767121.600640
7215,1506402.807402
7579,1109932.657098
7893,1010071.002427
8232,990584.290162
8256,927404.244380
8536,888489.200702
8571,749400.286759
8643,745284.815057
8890,703232.500044
9042,680036.749207
9086,662560.523618
9211,628214.978143
9239,590453.035159
9247,572592.325364
9259,519634.473104
9333,431705.714929
10161,400553.066674
10204,380154.988286
10294,278815.145330
10753,271782.668812
10841,231583.605781
11013,220773.267739
11095,213309.027480
11358,167939.275223
11388,158916.812605
11655,146419.645313
11908,135290.105326
12198,122089.401089
12256,119426.281101
12327,116973.131254
12361,95179.337284
12700,84609.466545
13313,84464.870684
13317,73605.612851
13560,69944.908356
13773,69328.376082
13870,65006.027513
13882,63867.092027
13910,59346.710031
14052,58777.352028
14073,58387.088042
14181,56729.711534
14243,54344.135568
14335,48618.294366
14528,47230.439835
14866,44535.817589
14974,41083.122982
