Evaluations,Fitness
1,6567395.997404
2,5476989.074544
5,4897169.427587
12,4503283.749373
53,4265296.412905
99,3354591.495270
209,3107793.907767
239,3096389.485336
256,2558450.648865
272,2512248.283980
350,2269115.149799
604,2261042.404865
653,2129659.876115
671,1775509.367237
675,1433488.749143
1097,1209264.612411
1398,1176786.594825
1496,1099742.905937
1570,1043489.570668
1596,958031.662725
1787,867991.997648
1914,693101.357589
2361,581408.218407
2561,527785.771265
2892,514526.969821
2927,509335.641173
3203,420425.045864
3228,397254.359328
3660,392490.164989
3663,281414.858732
4394,260373.875745
4408,242948.050572
4680,238149.717796
4978,233307.977975
5012,230637.143845
5061,208148.971599
5319,206611.695786
5507,182851.753822
5812,161960.510635
5814,143814.038507
6158,142075.281284
6211,141835.355846
6316,127243.087029
6390,116694.932567
6851,109046.862785
6889,99715.360247
7266,99088.079524
7369,98499.920421
7397,91791.329282
7494,91526.158450
7501,89727.754564
7651,81460.535823
7868,61495.637941
8306,57956.508348
8618,52989.952699
9124,50364.404498
9398,48932.799469
9407,48761.167144
9445,46869.755566
9560,42670.208927
9671,37176.210154
10176,35289.299223
10227,35186.481575
10341,34200.783672
10430,32153.342835
10505,27321.674246
10901,26670.175205
10952,26385.790767
10973,25838.381912
11091,23001.404478
11226,21879.584933
11299,19897.710099
11550,19571.996458
11660,19114.592126
11787,15333.758535
11819,11325.774243
12485,10902.692083
12569,10167.326304
12642,10102.171435
12895,8079.445562
12924,7949.823060
13092,7739.320111
13323,7503.064890
13429,7478.678268
13510,7148.933503
13624,7114.255666
13627,6869.227582
13669,6304.243982
13786,6290.489058
13924,5094.781440
14956,4887.080527
14977,4796.220868
