Evaluations,Fitness
1,8.4656e+06
6,7.96468e+06
11,7.45872e+06
17,6.85584e+06
53,6.73494e+06
64,6.57775e+06
110,6.25528e+06
115,6.14915e+06
150,6.13754e+06
154,5.89642e+06
157,4.98136e+06
166,4.6912e+06
232,4.60168e+06
391,4.51043e+06
392,4.15919e+06
546,3.56363e+06
555,3.42766e+06
851,3.19408e+06
941,2.94137e+06
1050,2.6684e+06
1068,2.31273e+06
1474,1.97745e+06
1606,1.9437e+06
2162,1.82502e+06
2273,1.78045e+06
2316,1.4946e+06
2456,1.41242e+06
2593,1.39774e+06
2640,1.24884e+06
3263,1.12154e+06
3396,1.04489e+06
3608,876732
3644,866854
3933,799404
4219,790991
4279,746024
4377,717542
4492,701871
4638,683775
4652,674743
4719,640471
4860,637535
5056,633526
5142,571667
5262,545101
5441,467265
5511,450922
5775,372606
6037,332888
6352,309308
6470,303942
6508,298359
6554,266471
6694,263629
6806,259164
6812,237651
7032,225971
7050,223724
7224,204176
7574,174567
7754,164936
7921,161591
8000,156276
8127,155686
8129,142989
8525,137003
8667,124800
8791,124095
9037,115998
9219,102390
9464,97277.1
9791,95165.8
9896,94271.4
10049,84404.9
10476,81730
10640,76988.5
10729,73392.8
10952,72712.8
11031,67437.7
11209,62845
11279,60851.8
11403,60481.8
11654,59053.1
11658,56603.9
11718,56377.1
11831,54127.8
11918,51959.2
11942,51515.9
12113,48786.1
12284,48161.6
12296,47272.3
12345,46475.8
12353,44644.2
12492,39736.5
12612,37647.3
12754,37160.2
12959,35217.1
13164,35109.9
13194,34187.4
13301,33073.9
13390,32404.1
13487,31765.2
13632,31223.4
13652,30004.3
13730,29568
13848,29159.5
14081,28461.1
14127,28451.4
14143,27855.3
14178,27223.8
14198,25117.4
14354,23793
14720,22715
14796,22367.5
14903,21613
14973,21159.8
