Evaluations,Fitness
1,21.2072
6,21.1851
9,21.1842
12,21.0186
14,20.9587
18,20.8514
56,20.8194
69,20.7901
85,20.786
113,20.7799
125,20.6605
131,20.411
187,20.2798
188,19.6136
401,19.4845
733,18.9916
1134,18.8686
1180,18.8671
1290,18.468
1447,18.3566
1738,18.1872
1777,17.6338
1974,17.6076
2090,17.5666
2287,17.0296
2434,16.7186
2494,16.6037
2606,16.5236
3028,16.4481
3128,16.2918
3193,16.1166
3289,15.9653
3291,15.4808
3343,15.4549
3579,15.3517
3649,15.2253
3775,14.7996
3858,14.6463
4081,14.0885
4611,13.8375
4687,13.3508
4895,13.2743
5156,12.869
5730,12.6079
5778,12.1927
6016,11.9988
6262,11.7647
6441,11.2912
6661,11.0348
6746,10.9647
6982,10.6621
7189,10.5693
7351,10.5122
7379,10.2815
7461,9.99995
7829,9.76307
7989,9.4997
8120,9.39746
8342,8.97875
8459,8.81519
8738,8.76998
8743,8.73162
8784,8.55924
9001,8.28213
9230,7.99196
9448,7.9131
9644,7.86277
9850,7.84262
9964,7.77809
10040,7.73825
10044,7.577
10261,7.47811
10344,7.21325
10517,7.19316
10579,7.03248
10606,6.86334
10622,6.74516
10794,6.69153
10829,6.50789
10958,6.46937
10981,6.15499
11454,5.71435
11942,5.41135
12409,5.27461
12731,5.27311
12831,5.22847
13138,5.0792
13417,4.91401
13444,4.89077
13754,4.86706
13813,4.86299
13908,4.83136
14054,4.8259
14137,4.67299
14657,4.52898
14955,4.45964
