Evaluations,Fitness
1,7442555.272924
15,7306629.510361
25,7168930.117312
54,4945507.225283
76,4731865.425307
181,4381954.901141
229,3772451.486141
352,3520715.886409
488,3208948.907731
506,3108805.077497
544,3083229.206857
895,2979398.233081
899,2825726.542768
998,2802872.043355
1065,2454770.182669
1181,2324577.778948
1242,1946913.713504
1362,1911683.691373
1814,1906738.403250
1847,1617710.526385
2089,1206211.401599
2528,1192364.650959
3023,1191047.366601
3103,1184619.306105
3105,852250.703243
3575,788261.255594
3975,627174.813288
4260,612999.241038
4669,599169.274957
4780,503593.918569
5336,420424.360554
5660,362952.206208
5743,360675.225096
6012,342010.625575
6024,317774.518410
6098,287819.015022
6762,272057.760619
6983,240079.227383
7162,229979.705218
7425,206709.791314
7670,203395.705039
7728,194997.474167
7735,193327.717525
7884,192925.027357
7889,179063.935779
7950,177672.011219
8113,174012.624465
8246,166696.189375
8625,162293.990199
8692,153263.631530
8721,143188.668379
9028,128837.890661
9114,127431.966185
9391,104411.592101
10094,98621.008849
10186,97810.910304
10447,91055.347788
10494,86853.596647
10764,85973.197111
10790,84806.301419
10958,83719.245082
10967,78128.929904
11080,72906.609443
11286,71579.008157
11303,71514.098528
11407,70460.902172
11499,68523.635328
11628,67221.330110
11635,64857.948814
11690,59262.836663
11739,55187.323850
11751,47430.381298
12218,46929.396981
12253,46533.722240
12468,46462.103498
12552,45292.898461
12637,44491.757521
12695,44187.132193
12741,42559.620329
12828,38557.585367
13076,38484.401139
13084,34463.783237
13110,34279.830014
13173,33516.669105
13208,33247.685662
13246,32927.129713
13317,31498.455990
13418,28829.602880
13478,28106.822912
13675,26546.244816
13807,24561.540715
13925,23236.567211
14001,23129.039779
14037,22544.647070
14311,22292.442883
14320,22215.946709
14346,21722.630550
14417,19900.401510
14479,19832.842371
14498,18911.655412
14573,18535.022537
14664,17952.944162
14684,17247.528531
