Evaluations,Fitness
1,21.2511
46,21.0862
63,21.0768
72,20.9105
268,20.6896
390,20.559
510,20.2267
1142,20.1842
1433,19.9705
1583,19.7842
1611,19.5865
1676,19.5231
1990,19.3915
2026,18.6383
2422,18.4214
2806,18.0246
3177,17.9853
3243,17.6906
3407,17.6802
3423,17.5915
3780,16.6992
3957,16.579
4213,16.495
4463,16.4279
4806,15.9781
4915,15.899
4958,15.318
5206,15.2838
5478,15.2145
5531,15.1466
5532,15.1068
5597,15.018
5621,14.4528
5809,14.1775
6001,14.134
6089,13.4446
6564,13.3583
6721,12.8177
7287,12.8034
7400,12.6266
7497,12.4676
7525,12.1546
7618,12.0185
7677,11.8737
7830,11.5669
8159,11.1343
8247,11.104
8385,10.6601
8790,10.4272
9024,10.4049
9121,10.0474
9514,9.99968
9564,9.89158
9711,9.62549
9722,9.54887
9762,9.50686
9865,9.33353
10021,9.32835
10121,9.3174
10237,8.6394
10509,8.54423
10681,8.42131
10955,8.32897
11042,8.17183
11239,8.13646
11266,8.10029
11269,7.69947
11748,7.65195
11776,7.64241
11894,7.5685
11987,7.52748
11996,7.3836
12335,7.26739
12385,7.22964
12458,7.06445
12629,6.91425
12724,6.77315
12747,6.76538
12763,6.47291
12977,6.37019
13083,6.32596
13310,5.92385
13755,5.9079
14125,5.88449
14157,5.82991
14177,5.82123
14411,5.81829
14415,5.75555
14450,5.53706
14788,5.34576
