Evaluations,Fitness
1,10960277.650841
2,9585507.502812
3,9062396.697489
8,8522938.376472
14,6880445.757498
24,6378688.940323
30,5822996.444372
54,4645833.238340
133,4514822.051879
231,4458192.252053
340,4088293.479076
366,4045680.534099
419,3911638.134055
511,3656817.176760
597,3459134.546349
659,3020987.735759
699,2910749.057818
765,2790415.881076
847,2649266.075057
1272,1883830.253360
1710,1799658.899875
2034,1700787.518246
2103,1515642.536360
2375,1446788.524782
2559,1439830.548541
2720,1369770.342048
2746,1304293.757742
2909,1260741.699461
3069,1202236.655555
3107,1158764.398435
3221,1114630.610462
3256,1042921.877665
3413,973190.046251
3582,927952.278342
3811,912115.467640
3816,911828.385169
3860,734203.458013
4298,712553.305936
4313,613961.389610
4442,585098.613314
4719,577127.734290
5106,571728.607258
5235,527524.830682
5280,523524.586733
5381,515079.420924
5456,482903.263540
5530,473758.656087
5594,451001.345575
5687,429554.244883
5720,417182.845582
5870,415973.765942
5908,362319.041844
6125,335158.842417
6317,333273.955991
6451,326257.190521
6458,260871.958902
6847,258394.982495
7018,222603.141639
7222,201443.031622
7422,196857.431421
7667,184909.063062
7762,172633.588482
7998,168817.220008
8024,168049.186969
8292,165776.431709
8304,153834.656285
8409,139910.461648
8459,120958.911050
8571,105189.438497
9089,97994.651163
9224,94231.548444
9314,83069.786694
9760,82183.334667
9812,81384.922391
9909,77367.900554
9918,76034.200575
10318,73010.382797
10374,71540.259577
10568,71140.495344
10603,70045.553535
10647,69837.670585
10724,60169.522643
10978,53576.662071
11263,49295.256430
11660,44158.577241
12137,39181.392724
12505,37189.648379
12707,35556.648729
12774,33566.310292
13268,33453.376297
13269,32372.092299
13310,31186.928421
13377,29641.912660
13442,29589.607041
13471,29343.616132
13631,28838.723837
13664,27696.079644
13666,27232.879134
13900,25456.627941
13957,24808.599511
13973,24618.553632
14074,24492.704910
14087,24476.465394
14114,24374.384134
14169,23128.000966
14395,22729.012177
14417,20419.659289
14819,18697.859097
14948,16334.519428
