Evaluations,Fitness
1,993456128.424889
4,873412852.906955
6,739371268.255509
10,592032701.440782
69,447629700.275847
95,389486905.469796
157,286243668.119211
821,251041851.291924
914,232919325.242281
996,197186937.831106
1048,112593317.294554
1298,108133980.293042
1762,96184990.645040
1951,94556054.989132
2004,92414517.335806
2112,77959291.759991
2263,60728395.691221
2455,55653941.247950
2460,46289756.830614
2704,44046752.280166
2808,38972400.457735
3117,27626868.980467
3416,18737076.526534
4057,16982732.454246
4188,16257972.106063
4328,13966735.228975
4587,10371002.915447
5013,10049805.732802
5084,7159373.764443
5155,4879815.959922
5641,4557581.254612
5647,4544651.625725
5679,4335852.412331
5696,3593730.119223
5792,2962252.188901
6034,2847182.900031
6068,2447377.167730
6200,1868568.305943
6421,1658669.943121
6585,1546474.325421
6706,1372613.302700
6907,1353426.691172
7054,1230957.594909
7138,1166535.710396
7256,1164865.058169
7263,1156262.713379
7291,1072807.301926
7466,1062459.716674
7502,991535.872538
7527,913829.608518
7703,771707.620933
7957,763159.066002
8140,614393.620076
8629,595593.089459
8725,437008.216744
9234,429509.185421
9265,407651.907150
9505,391978.717679
9544,368421.612366
9601,361595.988567
9631,342119.942742
9729,315328.450161
10053,299227.954088
10180,258523.009064
10203,255744.685201
10241,246311.549535
10605,245492.392190
10659,217895.079942
10982,213152.087442
11003,210620.803457
11112,187643.929919
11184,173909.474769
11458,172222.974041
11539,157963.073985
11580,155927.603831
11728,140773.798699
12071,136533.944895
12087,135658.127309
12191,126653.573480
12281,116269.368584
12530,113346.035243
12707,112029.715167
12731,101140.573327
12967,99291.926652
13040,99205.556803
13097,99122.185895
13109,94057.495609
13404,88538.650526
13578,87599.001752
13682,84376.599593
13827,83059.242812
13909,82094.700079
14003,76347.918736
14150,73993.850651
14239,71013.294722
14527,69520.444997
14562,64139.891090
14678,56246.127575
14730,54908.257305
