Evaluations,Fitness
1,1515.321559
2,1506.191733
3,1189.488029
42,1163.987632
57,1125.170448
175,1051.000850
277,1009.168491
483,1005.659093
558,941.448834
689,874.947187
728,860.104852
1234,821.909648
1937,780.237779
2236,770.312001
2374,769.254214
2505,719.817592
2955,695.666643
3360,660.262219
3672,656.118027
3867,639.059242
4587,638.893618
5625,612.050242
8086,610.325836
8710,599.352576
9428,597.470903
10823,572.456118
12572,564.576654
12600,562.434092
12813,543.417008
