Evaluations,Fitness
1,260698
2,216079
9,214048
60,197411
133,173902
155,167302
372,164607
436,127860
780,122748
786,100806
1596,88255
1760,77097.3
1970,70846.5
2153,70783.4
2285,62443.5
2384,53049.3
2661,43427.5
3347,42128.6
3382,41338.8
3389,38674.6
3701,37451
3755,37422.1
3764,35203.6
3831,34314.6
4033,33373
4170,33199
4218,28196.5
4273,28130.8
4380,27281.9
4440,27201.6
4588,27022.6
4667,24715.5
4710,24632.6
4797,23786.9
4848,23227.2
4964,22338.8
5021,21935
5306,20214.1
5379,19771.9
5425,19616.6
5469,19587.4
5579,19037.8
5664,18627.1
5716,18529.9
5800,15704.9
5975,14068.4
6483,12514.2
6799,12291
6836,11940.3
6912,11555.8
6921,11553.6
6975,11492.8
6992,9561.83
7295,9214.8
7437,9132.18
7594,8655.61
7851,8260.37
7888,7473.02
8107,7248.9
8351,6005.01
8437,5997.79
8523,5645.03
8804,5451.34
8917,5405.81
9007,5274.66
9037,5076.46
9124,4701.83
9399,4552.35
9479,4504.31
9667,4433.24
9727,4430.89
9767,4396.46
9779,4177.48
9783,3705.42
9948,3447.81
10275,3355.79
10492,3336.34
10493,3315.58
10621,3287.48
10729,3096.2
10962,2974.66
11028,2903.33
11060,2881.98
11157,2785.45
11307,2755.35
11341,2624.82
11570,2437.54
11587,2273.38
11985,2228.62
12069,2108.24
12187,1999.3
12408,1972.41
12593,1945.64
12846,1875.84
12991,1785.6
13101,1762.63
13208,1703.15
13226,1611.03
13445,1601.6
13517,1531.3
13578,1497.6
13678,1491.37
13757,1490.91
13915,1484.06
13930,1380.77
14013,1310.02
14414,1165.67
14598,1154.69
14919,1110
