Evaluations,Fitness
1,3444.287997
2,3211.326993
4,2916.838898
8,2893.169181
14,2885.651973
17,2180.918461
18,2164.494150
50,1916.519908
130,1704.990788
268,1681.691746
317,1530.228627
348,1365.388140
409,1268.666169
480,1137.803303
533,930.458154
913,927.174481
1031,919.815406
1106,917.124295
1186,864.481996
1362,815.732752
1500,809.181284
1554,647.590537
1563,635.868552
2165,547.098421
2523,515.342231
2716,492.626056
2848,436.558951
3043,392.418234
3195,376.989261
3406,371.500997
3550,369.987652
3566,313.205367
3676,309.143877
4137,285.545326
4325,274.166036
4365,256.535839
4644,255.568525
4660,248.407099
4675,235.111403
4832,233.308910
4851,216.786743
4918,211.751867
4972,210.533678
5069,196.675613
5259,184.560470
5446,175.686576
5483,144.505556
5756,144.337560
5914,135.786170
6125,127.546096
6152,119.464267
6303,109.585327
6732,108.060721
6797,106.550689
6803,105.681089
6942,102.862263
6945,99.037517
6952,96.916031
6994,93.825984
7090,90.997498
7195,88.839400
7283,88.659509
7341,82.379897
7482,81.082585
7512,71.157822
7927,70.096952
7936,66.785229
8086,66.157311
8090,61.669425
8103,59.591396
8165,57.975490
8528,57.182170
8646,53.083354
8678,52.973762
9059,52.553515
9110,48.705939
9161,41.988837
9415,41.758962
9660,41.073223
9924,40.071573
10049,39.744727
10109,37.995203
10261,36.029108
10481,34.753066
10503,34.482585
10522,34.230562
10578,33.919621
10749,32.161009
10833,32.055548
11000,30.797548
11108,29.838942
11140,28.912934
11179,28.531448
11507,26.799900
11702,26.133488
11709,25.359199
11760,25.022810
11819,24.481025
11855,22.535613
12248,21.951092
12605,20.827987
12696,20.596052
12741,20.184028
12763,19.756883
13040,19.596430
13163,19.452583
13185,18.209236
13224,18.117277
13303,17.761903
13335,16.947880
13414,16.198238
13692,15.331312
14018,14.312868
14286,13.989470
14309,13.907399
14456,13.266530
14717,12.621033
14842,11.896166
14955,11.634894
