Evaluations,Fitness
1,-0.099589
2,-0.142830
3,-1.591560
8,-2.043300
16,-2.123233
30,-3.408347
54,-3.491139
66,-3.510295
105,-3.520811
160,-3.595170
229,-3.748369
251,-3.844508
518,-3.846252
599,-3.847404
630,-3.855477
740,-3.858732
768,-3.861848
911,-3.862357
1019,-3.862497
1048,-3.862640
1101,-3.862654
1139,-3.862760
1435,-3.862778
1597,-3.862778
1676,-3.862779
1707,-3.862781
1716,-3.862781
1938,-3.862782
2005,-3.862782
2052,-3.862782
2383,-3.862782
2448,-3.862782
