Evaluations,Fitness
1,9.02791e+08
6,6.28771e+08
56,6.16193e+08
63,5.75867e+08
82,5.59904e+08
103,5.32024e+08
130,5.15335e+08
132,3.18915e+08
362,2.93398e+08
477,2.51917e+08
643,2.40457e+08
703,2.30946e+08
816,1.89353e+08
875,1.88763e+08
886,6.44124e+07
1694,6.3545e+07
1729,6.27113e+07
1773,3.57367e+07
2097,2.92921e+07
2491,2.34835e+07
2652,2.30036e+07
2957,2.20682e+07
2999,1.64009e+07
3084,1.44389e+07
3542,1.2362e+07
3570,9.2639e+06
3732,6.67401e+06
4062,6.00794e+06
4377,5.06554e+06
4768,4.91987e+06
4930,4.88896e+06
4954,2.83785e+06
5276,2.71981e+06
5292,2.41782e+06
5758,2.31829e+06
5768,2.03016e+06
5810,1.82271e+06
5897,1.68924e+06
5913,1.66845e+06
6076,1.6636e+06
6125,1.46652e+06
6308,1.05153e+06
6508,884599
6640,837624
7372,674247
7583,619632
7610,552070
7770,545830
7863,532327
8240,494069
8282,416037
8324,404002
8387,403245
8766,331309
9136,329906
9298,217380
9457,210540
9801,205804
9866,186653
10171,183528
10200,164829
10219,147157
10302,143776
10351,136154
10419,133721
10583,119922
10709,119627
10776,119596
10905,118561
10984,107190
10993,105267
11013,83229.8
11418,82949.9
11509,82550.4
11612,80452.7
11697,77267.1
11761,63721.8
12010,56934.8
12060,54580.6
12512,53438.2
12609,50200.1
12657,48894.6
12698,48007.2
12868,47862.7
12896,43197.7
12969,34428.6
13036,32130.9
13277,31926.5
13678,28519.5
13695,27928.6
13848,22049.9
14462,20367.1
14625,19932.2
14759,19420.9
14810,19362.6
14821,16961.8
14900,15560.1
