Evaluations,Fitness
1,3359.38
2,3136.1
5,2665.11
23,2458.88
56,2406.35
86,2064.37
106,1959.94
132,1817.89
180,1693.52
236,1669.71
385,1667.16
388,1628.79
397,1497.22
426,1494
432,1489.33
448,1425.69
728,1229.44
744,1206.55
761,1190.53
798,1076.95
1043,994.397
1056,952.72
1256,786.824
1835,750.038
1931,716.096
1981,654.871
2232,616.468
2362,551.073
2832,531.96
2862,473.432
2979,410.219
3000,394.914
3341,301.97
3654,298.283
3909,264.836
4044,252.972
4238,244.809
4369,234.075
4700,212.116
4968,211.71
5053,158.985
5609,157.165
5705,125.014
6122,124.291
6324,123.237
6523,119.577
6552,108.285
6721,105.44
6809,98.3064
6878,94.7341
6912,91.8144
7175,91.4559
7178,83.8721
7469,83.5887
7543,80.6263
7561,78.2383
7636,64.9379
7780,61.2271
7912,53.1589
8455,48.5464
8807,47.041
9048,46.5854
9098,44.355
9172,42.2946
9248,42.1877
9463,42.002
9563,41.971
9613,40.5965
9627,36.6956
9638,35.6998
9726,34.938
9778,34.6639
9996,31.1442
10213,30.3077
10401,29.4931
10402,29.1965
10428,28.7276
10486,28.4965
10523,27.6199
10597,25.695
10870,25.561
10906,23.9201
10962,23.6259
11090,23.4045
11202,22.9534
11240,21.1542
11290,20.8933
11518,20.6395
11883,16.6282
12240,16.6121
12418,16.2272
12492,15.6765
12497,15.1316
12540,14.8767
12600,14.2797
12705,13.0577
12853,12.5028
13142,11.4719
13444,10.5152
13718,10.1998
13912,10.1764
13962,9.9562
13988,9.21365
14266,9.07483
14280,8.68514
14399,7.79343
14581,7.26915
14720,7.19441
