Evaluations,Fitness
1,782449892.593974
22,674666080.118570
63,626211561.049573
64,610017759.020173
66,534477500.441080
95,480772179.694386
136,467810055.861958
173,455845694.428332
178,356368387.752294
236,303323436.867152
500,296464303.969594
543,241810581.689511
658,142593110.798956
1425,136048058.833968
1429,92895310.637098
1623,88009506.691129
1829,70702269.919238
1956,62962444.730008
2260,50062942.359665
2287,47874198.854327
2676,33523215.895958
2749,21357129.261754
3429,18402404.733261
3730,17753405.602883
3972,17003094.385404
4025,16463999.278613
4029,10681043.183971
4291,9226190.793011
4313,9053778.182995
4367,8886554.585278
4391,8639285.019461
4480,7975325.304448
4687,7654961.233555
4872,7530381.115075
4913,7479694.455412
5176,6881273.081531
5262,6485443.390280
5316,6162730.618204
5318,5944740.487811
5474,5101144.498604
5614,4734098.523180
5656,4590629.257620
5834,4466206.267705
5901,4206017.299034
5978,3940962.418880
6043,3833170.977304
6095,3240539.545028
6407,3200978.071875
6495,2786041.901786
6891,2710592.798590
6926,2635552.122469
7012,2558502.886992
7054,2275005.468821
7314,1919023.781837
7497,1729709.882023
7576,1709050.802729
7812,1601027.855992
7947,1541527.366584
8023,1399744.166556
8030,1290788.437121
8074,1259072.579790
8312,1108240.374404
8368,1087634.412908
8422,1060760.245092
8524,882101.857206
8710,859081.734013
8960,791409.461276
9222,701820.964016
9514,607572.540409
9735,606496.331146
9898,596947.034024
9927,577876.449346
9986,553955.367836
10046,543377.657583
10243,525351.143335
10266,513767.934320
10286,482990.317512
10427,471951.097433
10488,458675.793077
10505,427188.434956
10713,401113.015297
10778,391276.125176
10949,357978.078307
10977,355520.380670
11176,340978.867736
11252,332967.110937
11287,317225.277855
11302,299559.738458
11492,293233.247624
11538,281601.574970
11623,262992.665406
11644,260885.475295
11910,258908.183234
12003,243350.071305
12028,225328.958426
12277,211115.932377
12503,194905.754037
12652,189535.227286
12766,187758.985470
12834,171488.482532
12876,166603.980938
12970,164349.355843
13030,154887.381254
13113,123975.832877
13486,108709.773717
13838,105075.237873
13896,94689.267542
14197,88720.668076
14379,87421.364264
14599,84056.692887
14652,83207.419208
14797,81000.832851
14805,72826.850094
