Evaluations,Fitness
1,11193.102038
2,4571.344758
3,2560.561779
4,2052.791908
5,1771.742255
10,1410.575103
11,1205.431107
13,416.048993
29,98.222152
53,61.534703
108,49.517206
123,18.820129
196,4.067046
331,3.057509
670,3.005759
952,3.005340
963,3.005035
1003,3.004367
1070,3.003441
1072,3.002149
1083,3.001252
1233,3.000039
1626,3.000039
1645,3.000038
1677,3.000030
1696,3.000018
1791,3.000014
1811,3.000005
1826,3.000005
1849,3.000004
1878,3.000002
1957,3.000002
1993,3.000002
2028,3.000000
2041,3.000000
2410,3.000000
