Evaluations,Fitness
1,21.217
34,21.2142
93,21.1632
102,20.8891
112,20.8686
167,20.4254
675,20.2933
946,20.2315
1236,20.1627
1601,20.1609
1695,20.0064
1973,19.801
2299,19.7932
2450,19.4678
2566,19.3567
2633,19.055
2882,18.9068
2885,18.7474
2957,18.6715
3439,18.5622
3450,18.2027
3930,18.0093
3995,17.9298
4131,17.7755
4191,17.5625
4342,17.1661
4426,17.0389
4521,16.9166
4698,16.5336
4878,16.2517
5070,15.9367
5295,15.8616
5297,15.8457
5310,15.7544
5475,15.6572
5485,15.5248
5559,15.0307
5736,14.6049
6302,14.0156
6329,13.9735
6404,13.0496
6883,13.0334
7050,12.946
7168,12.8377
7288,12.6668
7291,12.4851
7571,11.5701
8118,11.5421
8217,11.2811
8291,11.2792
8464,11.1105
8477,10.5898
8624,10.3085
8815,10.2985
8816,10.1151
9125,10.0011
9167,9.98206
9210,9.77939
9355,9.67986
9563,9.52153
9641,9.40986
9688,9.05414
9965,8.92944
10246,8.85001
10278,8.71055
10398,8.36904
10607,8.27682
10723,8.27643
10816,8.24173
10859,8.15413
10945,8.09586
11123,7.86756
11402,7.83496
11456,7.63619
11633,7.57119
11642,7.50329
11850,7.44419
12035,7.39522
12108,7.37688
12279,7.08334
12499,7.00663
12673,6.9899
12981,6.80984
13216,6.73072
13362,6.62151
13594,6.53721
13616,6.37277
13696,6.26701
13826,6.12886
13922,6.04637
13926,5.94305
14556,5.88192
14673,5.8774
14857,5.77775
14983,5.73094
