Evaluations,Fitness
1,388726.291863
2,303746.757086
3,287069.431471
7,248051.678852
14,222961.171527
69,222338.994596
85,195924.412331
119,193247.944294
205,183039.822466
211,171931.201556
218,160344.396669
219,155813.454613
286,137587.786378
476,128926.487420
567,114745.926463
760,108849.557969
835,103835.885512
1068,86392.135850
1461,80268.946787
1633,69197.077492
2068,69168.564321
2080,62598.030922
2180,52700.949292
2358,49913.344373
2464,48873.835310
2468,45429.386287
2604,43057.912963
3018,41953.172032
3081,40952.583366
3141,40816.791593
3207,40330.932606
3273,37460.410538
3331,31696.568996
3362,26642.579491
3838,24807.353033
3863,20231.142777
4372,17881.575325
4526,15981.710602
4623,15085.864541
4760,14951.802034
4857,14912.865119
4927,14538.303698
5011,13785.811322
5040,13537.284616
5063,12713.327625
5292,12253.356275
5393,10995.317514
5538,10149.092778
5588,8849.513769
5963,8070.057104
6119,7988.654384
6320,7758.374816
6380,7573.482817
6384,7494.599517
6418,6771.505658
6490,6538.168543
6805,6451.880571
6838,6194.322095
6909,6120.080041
6916,6017.696554
6924,5902.652682
6960,5850.857463
7064,5570.499242
7117,5003.719987
7203,4863.333615
7417,4672.489263
7468,4568.834314
7511,4171.712365
7516,4101.456830
7761,3655.738549
8003,3502.742277
8133,2985.253704
8440,2451.567423
8824,2110.972792
9197,1860.152659
9380,1677.109555
9745,1661.821217
9922,1615.339077
9974,1564.081540
10149,1514.692863
10206,1484.883733
10267,1343.670003
10446,1328.741413
10710,1209.173267
10874,1162.541042
10940,1155.888406
10993,1111.359879
11059,1106.067616
11274,1039.024905
11322,1038.202131
11369,990.963347
11435,938.091674
11442,922.935975
11547,913.784093
11580,843.892311
11702,800.248523
11756,774.932071
11812,757.690700
12105,730.798095
12186,712.418976
12242,666.124329
12286,644.576535
12296,636.075205
12346,599.233727
12580,592.152570
12590,573.092627
12658,454.472726
13122,432.608464
13257,420.191182
13442,378.180838
13929,351.899110
14126,350.559981
14242,330.981302
14286,305.141504
14407,253.164517
