Evaluations,Fitness
1,21.436712
6,21.323174
11,21.229539
69,21.149671
73,21.092051
157,20.968014
183,20.806558
382,20.739008
425,20.725198
427,20.631874
517,20.038375
1095,19.975064
1372,19.819058
1433,19.686361
1500,19.596944
1676,19.376881
1746,18.484646
2535,18.009200
3139,18.007053
3160,17.299618
3308,17.033155
3493,17.014107
3732,16.843087
4248,16.693609
4355,16.483520
4437,16.425880
4484,15.458342
5126,15.454209
5169,15.379859
5237,15.094389
5324,14.783426
5425,14.481545
5591,14.097712
5638,13.918200
6060,13.731757
6068,13.063207
6613,12.929277
6851,12.209336
7115,12.099277
7201,11.807843
7436,11.780196
7511,11.758794
7546,11.522749
7679,11.300716
7691,11.280693
7812,10.486205
7867,10.396301
8292,10.268247
8424,9.721536
8838,9.563722
8982,9.557216
9087,9.543044
9218,9.486500
9328,9.338244
9332,9.213114
9402,9.203425
9462,9.077246
9733,8.862930
9836,8.825064
9933,8.723861
10029,8.652972
10171,8.624307
10207,8.564432
10218,8.310559
10245,8.307102
10403,7.837177
10870,7.654394
11173,7.449483
11369,7.444485
11378,7.145318
11554,7.131073
11609,6.889510
12058,6.870915
12151,6.853217
12188,6.783367
12195,6.772508
12368,6.622169
12418,6.510131
12452,6.502294
12660,6.442688
12714,6.411493
12726,6.082769
12979,5.820509
13102,5.808609
13192,5.772510
13367,5.588866
13592,5.536495
13658,5.502347
13700,5.450981
13732,5.423985
13842,5.412554
13878,5.369985
14040,5.268789
14092,5.168255
14327,5.123032
14551,5.078019
14568,4.988606
14797,4.987756
14901,4.768767
14988,4.712877
