Evaluations,Fitness
1,21.546372
2,21.348057
4,21.193290
8,21.065108
50,20.883530
160,20.879856
166,20.802690
205,20.732649
474,20.663925
592,20.628212
617,20.567627
630,20.548844
871,20.505527
968,20.236961
1158,20.167081
1299,20.096812
1420,19.998209
1492,19.939462
1525,19.805307
1641,19.472447
2131,19.217924
2279,19.012075
2743,18.923310
2819,18.399788
3118,18.279339
3391,18.127527
3533,17.961849
3568,17.317962
3646,17.009059
3888,16.088998
4548,15.824304
4910,15.661176
5071,15.514416
5160,15.421812
5178,15.111286
5179,14.638734
5440,14.635015
5519,14.552907
5675,14.522810
5908,14.403971
6021,13.919492
6296,13.611492
6299,13.589773
6536,13.118087
6567,13.035049
6686,13.016623
6832,12.982776
6900,12.628096
7026,12.542194
7255,12.535355
7389,12.436183
7460,11.826585
7691,11.448467
7896,11.433074
8059,11.410457
8077,11.370660
8137,10.779786
8495,10.655166
8585,10.477819
8607,10.071123
8979,9.837771
9092,9.837139
9221,9.695658
9377,9.562718
9422,9.401258
9469,9.391095
9527,9.203159
9857,8.935448
10056,8.899887
10062,8.806618
10174,8.733406
10264,8.727781
10277,8.637897
10299,8.508562
10416,8.418842
10424,8.359831
10591,8.307878
10689,8.299231
10702,8.110203
10812,8.065429
10890,7.974233
11014,7.741188
11125,7.720317
11375,7.619472
11431,7.566541
11591,7.519986
11681,7.381654
11738,7.360464
11763,7.313498
11777,7.255947
11823,7.187294
12039,7.090358
12048,7.076939
12171,7.076733
12267,7.008491
12337,6.976972
12444,6.973435
12468,6.917469
12475,6.883415
12546,6.753898
12556,6.659527
12642,6.458701
12840,6.456484
12874,6.454552
13079,6.376653
13160,6.273800
13409,6.234815
13456,6.220615
13619,6.141958
13722,5.754514
14048,5.741844
14121,5.650787
14172,5.478680
14565,5.271469
