Evaluations,Fitness
1,340009.349080
5,274700.069340
6,261357.292559
14,233845.000337
96,232773.972400
109,229429.524688
113,209564.504958
128,195664.397230
185,167902.535966
369,145581.889495
454,136148.902385
465,127317.706804
672,122764.759149
676,101319.718188
701,100665.032136
851,97451.751784
1013,89154.815092
1310,89003.831056
1518,70469.500267
1634,67944.785167
2001,67700.936110
2116,64026.236388
2361,51164.838266
2672,46830.336606
2944,41314.279612
3244,39700.256760
3419,29337.385419
3760,22547.475442
3992,17293.922710
4575,15448.783620
4942,14686.792878
5038,13170.408695
5148,12967.230479
5203,11804.085354
5360,10218.994824
5962,10070.128025
6188,9161.833871
6277,9153.983494
6510,8647.572127
6671,7502.405165
6805,6748.731482
7258,6392.918829
7392,6379.636616
7411,5612.762550
7448,5430.874652
7578,5142.926703
7868,5066.912757
7940,4879.762269
8069,4512.881561
8169,4431.394010
8282,4274.340447
8366,4008.435708
8476,4008.411704
8479,3908.672339
8591,3847.182505
8624,3831.077152
8634,3637.316817
8768,3488.897662
8803,3455.125226
8824,3422.125627
8867,3241.034258
8877,3046.832671
8904,2939.964203
8974,2917.737545
9122,2847.586481
9253,2427.983223
9384,2291.012421
9765,1814.256446
10286,1731.548839
10427,1616.053583
10564,1593.982752
10709,1557.251509
10763,1488.206653
10915,1238.428497
11395,1124.237296
11514,1105.548933
11622,996.536096
11937,961.671019
12044,852.915663
12328,773.073230
12709,763.740233
12710,718.664129
13011,709.987547
13109,677.944637
13257,643.272322
13404,598.763559
13559,596.169037
13570,576.752014
13610,467.839680
13801,455.444036
14512,450.502108
14631,413.651409
14675,410.607698
14720,394.124313
14831,391.739634
