Evaluations,Fitness
1,6.9098e+08
9,6.75939e+08
40,6.72642e+08
47,6.61991e+08
61,6.48422e+08
63,6.02615e+08
65,5.85531e+08
67,4.81176e+08
101,4.44562e+08
175,4.14388e+08
191,3.85883e+08
215,3.621e+08
259,3.39093e+08
353,3.09906e+08
370,2.26329e+08
714,2.21089e+08
802,1.33314e+08
1293,1.22518e+08
1486,1.0356e+08
1678,1.0133e+08
1863,8.52517e+07
1934,6.33667e+07
2041,4.89028e+07
2602,3.53435e+07
2707,2.91693e+07
2801,1.79551e+07
3362,1.74202e+07
3369,1.49437e+07
3642,1.45687e+07
3727,1.4115e+07
3864,1.31705e+07
3869,1.20341e+07
3955,1.171e+07
3996,1.00548e+07
4113,9.81479e+06
4382,8.72467e+06
4407,8.06381e+06
4508,6.88447e+06
4953,5.97899e+06
5055,4.68732e+06
5127,4.39034e+06
5273,4.29424e+06
5328,3.76735e+06
5361,3.63127e+06
5778,3.40501e+06
6023,3.00606e+06
6065,2.72056e+06
6220,2.60304e+06
6265,1.96883e+06
6738,1.76558e+06
6949,1.7328e+06
7005,1.37443e+06
7593,1.29618e+06
7677,1.18138e+06
7706,1.08408e+06
8273,807378
8777,803278
8875,784803
8925,725267
8961,698545
9004,609238
9009,447377
9597,386016
9795,326792
10093,302682
10148,282450
10399,279940
10494,260221
10746,251599
10749,240781
10807,218794
10868,215040
11297,213580
11356,185230
11379,180792
11447,171058
11530,158271
11762,153323
11808,137324
11819,136356
12105,136170
12169,124233
12501,120546
12508,115277
12570,110381
12765,109066
12824,109036
12896,104491
12962,98884.1
12969,94227
13032,83577
13099,79147.2
13268,69202.1
13422,65756.8
13859,64766.3
13943,64723.9
14086,58948.7
14186,57047.3
14189,54901.6
14405,54709.7
14585,50835
14592,50610.2
14593,44067.8
14904,43073.2
14954,41978.3
