Evaluations,Fitness
1,371993
2,326785
4,282954
11,276582
14,258897
21,256576
26,248438
59,232410
121,222410
209,221725
212,220226
213,209844
217,203537
222,191139
351,188933
358,186913
366,161720
496,154107
510,134677
634,131882
663,131447
714,126995
736,112784
811,109757
823,107127
832,98189.4
912,95122.5
937,90259.6
1009,87974.6
1057,77748
1115,71504.9
1215,66688.3
1237,66024.6
1308,59096.5
1443,58561.9
1501,55613.1
1539,55212
1581,53089.7
1604,47445.9
1620,46536
1660,43393.3
1815,40834.4
1895,40032
1915,39016.9
1917,34787
2055,33159.6
2087,32942
2126,32941.8
2144,28554.4
2220,25895.9
2309,25067.9
2351,24732.9
2370,24054.6
2409,22473.9
2479,22375.8
2495,21564.2
2591,21332.4
2602,20582.7
2604,19199.7
2704,17659.9
2815,17078
2843,17030.7
2860,14478.1
2943,14445.3
3001,13938.7
3004,13820.6
3010,13514.5
3077,13304.4
3102,13186.8
3126,12271.1
3261,12121.2
3372,12067.8
3373,11904.7
3414,11348
3501,10935.7
3511,10859.7
3518,10554.6
3616,10288.2
3685,9379.94
3704,9040.36
3901,8954.48
3968,8917.65
3990,8915.51
4011,8747.45
4040,8304.29
4050,7635.35
4323,7515.81
4349,7431.64
4394,7385.32
4407,7186.21
4448,6977.65
4465,6846.59
4491,6799.69
4577,6751.37
4585,6658.86
4601,6095.8
4714,5986.11
4731,5901.69
4803,5702.52
4819,5454.07
4861,5316.88
4968,5286.29
5003,4889.14
5116,4631.04
5153,4469.68
5206,4429.81
5232,4248.94
5318,4085.46
5349,4006.73
5454,3777.11
5473,3566.67
5575,3305.87
5747,3248.07
5772,3153.86
5835,3088.24
5907,2766.84
6181,2741.34
6198,2634.79
6246,2576.92
6285,2563.02
6310,2313.89
6321,2284.81
6508,2208.1
6518,2199.12
6634,2014.04
6680,1933.91
6720,1888.79
6749,1886.44
6792,1822.12
6812,1804.97
6862,1743.38
7015,1719.34
7028,1558.05
7112,1542.24
7244,1539.54
7253,1535.77
7272,1533.56
7299,1513.63
7308,1456.32
7347,1346.96
7506,1332.91
7559,1294.38
7594,1293.11
7616,1292.88
7621,1275.72
7623,1258.52
7708,1087.01
7949,1082.76
8049,1046.84
8076,1041.28
8118,1027.52
8121,999.529
8191,993.44
8205,975.551
8215,971.448
8245,958.362
8313,906.071
8329,888.374
8436,701.288
8880,698.857
8901,680.544
8939,665.241
9034,657.693
9100,650.638
9129,623.386
9137,613.537
9160,590.179
9213,575.05
9284,574.818
9286,571.874
9302,560.678
9323,558.258
9421,518.558
9458,504.603
9482,495.529
9525,492.174
9540,484.229
9629,482.699
9664,454.688
9734,446.488
9796,445.682
9855,439.215
9892,429.266
9908,409.798
10061,395.4
10089,389.081
10213,385.284
10310,355.589
10555,303.419
10827,295.14
10927,291.253
10963,281.62
11023,272.884
11120,268.419
11220,254.784
11329,251.921
11454,251.899
11455,241.164
11469,240.517
11514,229.407
11587,206.351
11724,194.814
11819,176.757
11950,174.494
12043,155.117
12306,146.024
12376,139.029
12603,136.616
12654,128.5
12667,127.877
12732,116.069
12896,109.658
12931,105.336
13053,100.078
13248,99.3835
13305,94.8043
13424,90.0708
13541,87.6912
13596,86.655
13608,76.4515
14030,75.0508
14166,72.5918
14277,67.6266
14290,63.8971
14567,57.8776
14661,57.1525
14728,56.3492
14797,54.0976
14804,52.3252
14996,51.5783
