Evaluations,Fitness
1,17.819506
4,17.268417
5,10.785383
12,3.959842
39,0.589282
81,0.460157
229,0.455715
452,0.455703
528,0.454632
530,0.449045
553,0.418161
721,0.410969
751,0.398062
761,0.397993
841,0.397927
912,0.397905
1020,0.397905
1268,0.397904
1273,0.397901
1471,0.397901
1521,0.397897
1687,0.397897
1771,0.397897
1883,0.397897
1904,0.397897
1949,0.397897
2240,0.397897
2247,0.397897
2296,0.397897
2310,0.397897
2340,0.397897
2520,0.397897
2598,0.397897
2613,0.397897
2623,0.397897
2627,0.397897
2702,0.397897
2785,0.397897
2947,0.397897
3006,0.397889
3127,0.397889
3247,0.397889
3251,0.397889
3259,0.397889
3328,0.397889
3341,0.397889
3348,0.397889
3525,0.397889
3714,0.397889
3827,0.397889
3955,0.397889
4020,0.397889
4096,0.397889
4179,0.397889
4334,0.397889
4343,0.397889
4359,0.397889
4408,0.397889
4411,0.397889
4736,0.397889
4738,0.397889
4748,0.397889
4940,0.397889
4960,0.397889
4961,0.397889
5059,0.397889
5351,0.397889
5417,0.397889
5547,0.397889
5676,0.397889
5752,0.397889
5852,0.397889
5941,0.397889
5957,0.397889
5983,0.397889
6401,0.397889
