Evaluations,Fitness
1,-0.0108581
2,-2.53672
6,-2.63673
10,-3.4008
17,-3.61449
160,-3.7331
235,-3.74686
303,-3.7492
342,-3.82009
366,-3.82351
463,-3.82876
502,-3.84061
516,-3.84828
621,-3.85841
679,-3.86028
813,-3.8603
899,-3.86151
947,-3.86195
1112,-3.86216
1145,-3.86246
1178,-3.86251
1330,-3.86251
1346,-3.86255
1383,-3.86256
1516,-3.86257
1526,-3.86259
1564,-3.86259
1633,-3.86263
1745,-3.86263
1810,-3.86263
1838,-3.86263
1962,-3.86264
1979,-3.86264
2002,-3.86265
2025,-3.86266
2164,-3.86266
2408,-3.86266
2419,-3.86269
2503,-3.86269
2612,-3.8627
2773,-3.8627
2903,-3.86272
3068,-3.86273
3069,-3.86273
3123,-3.86273
3288,-3.86274
3449,-3.86274
3543,-3.86274
3633,-3.86274
3680,-3.86274
3817,-3.86274
3822,-3.86274
3945,-3.86274
4018,-3.86274
4112,-3.86274
4126,-3.86274
4217,-3.86274
4401,-3.86274
4416,-3.86274
4490,-3.86274
4495,-3.86274
4614,-3.86274
4625,-3.86275
4816,-3.86276
5016,-3.86276
5155,-3.86276
5166,-3.86276
5232,-3.86276
5307,-3.86276
5571,-3.86276
5674,-3.86276
5848,-3.86276
5932,-3.86276
5978,-3.86276
5989,-3.86277
6139,-3.86277
6227,-3.86277
6269,-3.86277
6304,-3.86277
6377,-3.86277
6500,-3.86277
6519,-3.86278
6615,-3.86278
6745,-3.86278
7035,-3.86278
7199,-3.86278
7368,-3.86278
7522,-3.86278
7675,-3.86278
7711,-3.86278
7846,-3.86278
8005,-3.86278
8150,-3.86278
8220,-3.86278
8392,-3.86278
8526,-3.86278
8569,-3.86278
8577,-3.86278
8650,-3.86278
8693,-3.86278
8741,-3.86278
8782,-3.86278
8843,-3.86278
8920,-3.86278
9210,-3.86278
9385,-3.86278
9401,-3.86278
9404,-3.86278
9560,-3.86278
9607,-3.86278
9658,-3.86278
9705,-3.86278
9734,-3.86278
10083,-3.86278
10117,-3.86278
10332,-3.86278
10346,-3.86278
10713,-3.86278
10942,-3.86278
11009,-3.86278
11052,-3.86278
11264,-3.86278
11306,-3.86278
11492,-3.86278
11789,-3.86278
11875,-3.86278
11905,-3.86278
12129,-3.86278
12212,-3.86278
12435,-3.86278
12697,-3.86278
14056,-3.86278
14908,-3.86278
