Evaluations,Fitness
1,6561856.258224
2,6398479.331762
3,5967248.738232
4,5624798.062822
5,5084463.993189
13,4980768.274215
16,4312188.081411
17,4222830.492709
40,4193694.174539
125,4112580.263089
169,4061586.256394
193,3660141.885619
195,3237226.902823
390,2860632.843046
418,2306062.004292
610,2300905.620714
704,2291298.655948
721,1989528.090459
815,1767457.999352
925,1749024.948974
996,1688130.760734
1061,1649313.730539
1073,1558632.124080
1105,1471692.983136
1119,1469947.145101
1132,1405126.810398
1162,1278315.000932
1271,1174859.430698
1347,1144036.677968
1376,1066789.553510
1412,1064043.632334
1504,1048031.145322
1513,894998.622405
1536,892374.984135
1601,870494.115179
1621,758073.849301
1749,736760.228918
1848,712738.869572
1906,686438.668047
1908,651336.936108
1913,642674.818149
1930,632089.744784
1960,613877.570125
2008,562091.849699
2105,543580.042653
2127,543258.101468
2226,533897.787830
2227,522240.082082
2229,470240.279987
2303,416761.538993
2421,406409.987898
2510,397669.878152
2534,392164.241008
2610,373586.374255
2660,367424.728342
2678,323828.850798
2741,306635.089948
2853,293703.421859
3000,291641.608237
3003,290804.467976
3015,277436.345803
3064,274613.095595
3110,262633.425629
3219,245700.399240
3258,239504.739877
3376,239490.019891
3409,226454.939857
3507,224631.523179
3611,216157.656885
3640,213151.272139
3643,204028.806706
3716,204014.217273
3780,199854.578238
3859,181841.190976
4034,179426.918863
4051,172168.178214
4130,161699.244383
4249,156219.306622
4334,153508.002138
4344,148640.744192
4437,147341.052301
4480,145083.338524
4493,142842.682299
4507,135590.654943
4619,131976.420783
4624,114463.572473
4906,112339.852700
4931,107412.174503
5116,106995.442830
5123,101678.616167
5205,101551.835315
5222,96936.710488
5261,89407.718167
5332,88231.794159
5358,87066.623788
5423,86043.647005
5427,85988.728027
5503,84190.890156
5528,83549.476198
5533,82802.025554
5589,78720.777783
5634,78271.069542
5640,76528.874331
5686,71692.166851
5868,70049.506179
5901,69504.211905
5913,67355.562702
6001,63045.767716
6096,61375.834144
6106,60992.595850
6110,60143.956753
6137,58210.938158
6175,57442.083503
6203,56091.941056
6285,49997.358811
6421,47660.132637
6458,47559.719386
6466,47479.439654
6527,46584.936762
6562,44524.634281
6581,44521.044872
6632,41910.033210
6689,41753.833293
6742,40418.211298
6756,40040.770363
6811,38536.135501
6816,37780.018073
6914,37610.704734
6969,35986.600052
7119,35259.159648
7128,31146.999542
7130,28890.049800
7492,27489.305549
7606,27100.520492
7640,24286.815029
7799,24014.619593
7876,23705.575877
7938,23385.442047
8014,22739.116422
8047,22402.966967
8060,21080.413698
8123,20506.869272
8201,19798.055726
8224,19418.641873
8302,18486.494203
8431,17934.996794
8610,17450.859552
8613,16944.276788
8721,16444.626558
8725,16314.514395
8771,15305.097323
8840,14800.718258
8949,14177.943912
8988,13524.220325
9069,13500.456326
9080,13411.869538
9109,13063.948550
9131,12660.750196
9221,12079.791382
9253,11990.911857
9263,11653.029756
9373,11557.239533
9428,10698.251384
9523,10335.316312
9544,9514.015928
9548,9459.740736
9715,9069.138149
9812,8730.991316
9893,8425.070346
9950,8383.536104
10010,8351.447994
10011,7987.866130
10036,7952.812031
10190,7906.124389
10209,7294.842468
10234,6997.281440
10255,6924.861042
10365,6682.587568
10412,6414.181198
10552,5647.788249
10683,5517.024142
10740,5007.922844
11000,4806.891909
11112,4751.515405
11161,4334.927777
11242,4248.102909
11414,3831.910463
11415,3796.830224
11573,3679.936847
11704,3613.378379
11716,3594.234114
11752,3502.138738
11924,3443.616167
11953,3435.264083
12019,3430.503572
12023,3316.767618
12068,3114.461516
12251,3060.329594
12253,2880.333047
12473,2748.539898
12547,2640.523734
12552,2613.397182
12630,2448.264250
12814,2358.986260
12940,2267.062649
13022,2145.126531
13187,2047.068080
13286,2022.985199
13322,2018.210994
13396,2015.318379
13507,1988.303051
13517,1897.739883
13571,1877.887777
13581,1877.597709
13613,1851.171434
13618,1717.635351
13885,1701.824236
13915,1619.684512
13970,1617.361720
13971,1605.502534
14089,1401.918377
14343,1342.705607
14415,1329.781547
14588,1287.338925
14628,1123.711064
14782,1083.942154
14813,939.755289
