Evaluations,Fitness
1,1727.183019
2,1317.565765
25,1258.266205
52,1163.512649
172,1160.159278
253,1159.926116
273,1057.475563
433,1021.052357
478,963.251586
505,941.151699
593,902.342428
642,898.349815
734,895.622531
736,848.825242
802,797.925080
870,766.139735
930,730.860803
1105,689.887017
1245,650.097585
1247,648.204373
1367,646.979980
1382,643.215670
1398,622.590299
1423,552.725395
1614,521.701840
1820,491.184401
1903,485.701029
1941,471.125710
1994,454.598849
2002,452.943540
2025,449.669925
2084,441.800716
2114,415.890406
2269,406.584922
2356,392.569651
2401,348.059922
2602,333.539782
2703,324.916787
2785,323.514973
2857,307.553868
2937,296.945576
3007,281.957909
3133,264.197288
3198,260.508557
3372,243.528641
3408,239.928778
3512,233.818704
3590,226.099383
3616,222.539717
3809,222.009536
3821,203.157030
3918,202.898822
3940,195.127091
4035,191.966664
4093,190.554213
4111,184.866353
4308,184.374384
4362,177.098647
4505,174.917294
4559,171.568825
4573,170.979962
4611,170.641549
4615,163.684266
4779,159.434521
4817,158.777594
4904,154.337864
4957,145.548769
5003,139.113797
5280,138.730450
5334,136.706014
5380,135.278283
5419,132.021620
5435,130.455392
5601,130.042430
5653,129.350639
5753,127.849852
5791,127.791007
5805,126.045184
5841,124.726525
5980,124.358615
6036,120.529151
6428,118.575487
6522,118.522404
6571,118.279840
6583,116.104030
6591,115.916748
6601,114.877614
6618,114.846857
6745,112.554333
7129,110.566703
7152,109.734639
7285,107.069309
7336,103.852070
7578,103.330589
7644,102.653810
7810,101.769719
7888,101.249831
7953,100.598399
8022,98.777288
8141,97.906870
8209,95.057170
8358,93.772791
8502,93.483088
8708,92.525406
8860,91.392750
9011,91.298857
9085,89.102387
9301,87.373587
9521,86.795637
9615,85.672277
9906,84.672785
10101,84.605577
10187,84.550153
10209,84.370081
10236,84.085753
10245,83.999781
10346,82.899826
10642,82.307442
10713,82.002812
10945,81.944613
10975,81.814591
11061,80.986555
11131,79.906833
11179,79.217790
11440,78.814101
11503,77.514246
11622,76.593068
11797,76.524569
11848,76.504779
11901,75.973633
11905,75.802792
11934,75.551933
12292,75.302635
12337,75.273303
12349,74.322577
12484,74.198711
12633,73.888073
12662,73.679551
13031,73.501166
13115,73.248093
13127,73.150717
13164,73.049967
13274,72.744236
13279,72.502343
13388,72.147304
13437,72.103939
13509,71.753540
13602,71.655032
13770,71.626009
13827,71.567431
13845,71.449528
13948,71.342726
14004,71.300469
14065,68.239988
14261,66.630856
14744,66.355481
