Evaluations,Fitness
1,499.896
4,497.15
6,496.576
24,448.533
25,403.123
26,278.086
30,106.03
77,42.5758
112,14.6268
139,12.9364
174,4.30242
501,1.76107
675,1.61085
767,1.36778
770,1.00237
784,0.999103
818,0.999059
820,0.999047
859,0.998969
908,0.998673
924,0.998627
944,0.998027
1245,0.998004
1391,0.998004
1403,0.998004
1411,0.998004
1601,0.998004
1781,0.998004
1826,0.998004
1879,0.998004
1949,0.998004
2223,0.998004
2226,0.998004
2304,0.998004
2356,0.998004
2401,0.998004
2476,0.998004
2515,0.998004
2692,0.998004
2760,0.998004
2768,0.998004
2880,0.998004
2902,0.998004
2929,0.998004
2959,0.998004
3074,0.998004
3114,0.998004
3220,0.998004
3354,0.998004
3436,0.998004
3489,0.998004
3586,0.998004
3810,0.998004
3836,0.998004
3905,0.998004
3913,0.998004
3947,0.998004
4065,0.998004
4075,0.998004
4110,0.998004
4302,0.998004
4412,0.998004
4450,0.998004
4569,0.998004
4645,0.998004
4683,0.998004
4697,0.998004
4724,0.998004
4911,0.998004
5220,0.998004
5337,0.998004
5369,0.998004
5531,0.998004
5973,0.998004
9452,0.998004
9518,0.998004
9608,0.998004
9832,0.998004
9861,0.998004
9914,0.998004
10019,0.998004
10170,0.998004
10423,0.998004
10448,0.998004
10729,0.998004
10758,0.998004
10766,0.998004
11084,0.998004
