Evaluations,Fitness
1,1339.626255
4,1275.907919
30,1272.948882
43,1212.630396
104,1133.986754
209,1089.848660
277,1012.890722
309,1005.904971
350,967.843080
457,964.665183
493,925.987321
504,821.443709
712,807.515343
713,791.043943
775,728.803807
907,724.784999
968,721.034385
1003,700.285224
1058,698.938660
1104,673.087869
1122,672.200510
1131,667.394601
1133,666.758195
1198,657.853784
1203,648.282930
1232,612.168169
1366,574.774749
1395,547.396201
1435,540.075533
1504,500.644132
1745,477.232737
1818,449.176735
2008,434.574598
2022,433.684322
2046,402.041333
2064,391.382100
2235,378.277160
2292,373.811365
2299,373.462360
2309,353.881061
2403,336.206615
2526,332.091321
2527,312.217441
2616,304.664607
2805,288.101654
2902,271.853084
3053,261.925569
3081,252.558642
3204,238.704635
3313,237.674165
3370,234.580853
3390,233.081582
3516,230.381940
3524,229.277842
3533,224.449275
3584,223.048765
3599,221.826209
3609,211.207650
3732,210.585631
3770,196.449396
3813,196.337392
3818,196.331253
3840,189.120512
4060,181.897515
4132,178.946761
4148,176.368240
4230,175.072249
4247,174.774713
4293,174.249089
4302,168.949062
4420,166.408936
4430,158.770326
4617,152.430094
4807,150.263728
4869,141.538227
5087,138.755603
5158,136.045383
5161,134.804803
5370,132.035317
5506,130.383350
5515,129.746775
5580,121.085952
5744,118.943376
5958,115.798046
6071,113.034206
6245,111.974054
6284,110.338052
6449,108.457752
6563,104.259174
6621,101.487528
6710,97.953566
6921,97.857642
6946,97.383184
7084,93.596875
7254,93.437285
7355,87.703293
7652,86.565433
7726,85.584644
7843,85.216926
7864,83.621507
8045,83.398448
8107,83.359521
8162,83.301729
8234,82.199190
8310,81.226514
8441,80.903728
8501,80.788215
8535,78.681466
8630,78.436202
8762,77.539185
8915,77.319924
9070,76.053011
9229,75.951144
9301,74.908735
9501,74.439390
9604,74.435838
9702,74.415379
9707,74.155694
9748,73.099119
9934,72.490439
10047,72.332783
10112,72.042130
10130,71.856046
10162,71.518650
10380,70.533762
10506,68.342080
10618,68.336153
10913,68.166418
11027,68.161175
11058,67.776120
11068,67.769678
11100,67.487959
11230,65.624279
11320,65.403242
11604,65.189300
11609,65.142329
11630,64.332930
11697,63.556041
11894,62.716249
12189,62.653243
12250,62.511176
12253,62.186763
12297,61.680412
12367,61.581382
12410,60.097265
12640,59.324126
12901,58.968924
13195,58.919112
13236,58.851426
13369,58.656444
13433,58.550885
13492,58.306159
13562,58.206863
13713,57.223395
13772,56.929912
13985,53.499619
14089,52.816459
14198,52.337295
14496,52.122265
14515,52.019132
14554,51.600165
