Evaluations,Fitness
1,100.489
3,19.6715
10,-0.678956
204,-0.936846
211,-0.983021
362,-0.988619
459,-1.00453
513,-1.02904
831,-1.02912
902,-1.03023
1055,-1.03041
1096,-1.03066
1367,-1.03072
1639,-1.03072
1713,-1.03073
1747,-1.03075
1804,-1.03075
1939,-1.03075
2003,-1.03075
2025,-1.03075
2199,-1.03076
2233,-1.03076
2415,-1.03088
2470,-1.03147
2539,-1.03147
2651,-1.03147
2661,-1.03147
2705,-1.03147
2751,-1.03157
2813,-1.03158
2951,-1.03158
3026,-1.03158
3032,-1.03158
3090,-1.03158
3107,-1.03158
3125,-1.03158
3151,-1.03158
3178,-1.03158
3440,-1.03158
3482,-1.03158
3554,-1.03158
3563,-1.03158
3566,-1.03158
3663,-1.03158
3683,-1.03158
3807,-1.03158
3831,-1.03158
3858,-1.03158
3883,-1.03158
3962,-1.03158
3975,-1.03158
4154,-1.03158
4334,-1.03158
4336,-1.03158
4441,-1.03158
4570,-1.03158
4742,-1.03158
4807,-1.03158
4855,-1.03158
4922,-1.03158
4928,-1.03158
4995,-1.03158
5033,-1.03158
5224,-1.03158
5246,-1.03158
5335,-1.03158
5490,-1.03158
5530,-1.03158
5704,-1.03158
5734,-1.03158
5741,-1.03158
5921,-1.03158
6024,-1.03158
6085,-1.03158
6116,-1.03158
6211,-1.03158
6337,-1.03158
6347,-1.03158
6547,-1.03158
6708,-1.03158
6810,-1.03158
6911,-1.03158
7008,-1.03158
7212,-1.03158
7227,-1.0316
7449,-1.0316
7576,-1.0316
7646,-1.03161
7814,-1.03161
8069,-1.03161
8084,-1.03161
8306,-1.03161
8326,-1.03161
8355,-1.03161
8602,-1.03161
8715,-1.03161
9002,-1.03161
9213,-1.03161
9300,-1.03161
9466,-1.03161
9513,-1.03161
9736,-1.03161
9910,-1.03161
9930,-1.03161
10065,-1.03161
10249,-1.03161
10361,-1.03161
10535,-1.03161
10799,-1.03161
