Evaluations,Fitness
1,11154730.822541
2,8586135.478013
15,6966975.395971
40,6481700.387186
44,5232280.265537
273,5213259.862816
276,4834052.660475
345,4479449.654918
368,4333893.314835
401,3993276.634386
559,3933576.580401
601,3057336.680560
728,3052937.897879
763,2689694.669730
915,2686607.092344
924,2389223.495017
986,2121348.497048
1047,2005212.709752
1102,1936551.371976
1210,1732857.278486
1303,1603656.938460
1314,1491778.435554
1366,1429306.728101
1463,1394447.907314
1603,1307693.610935
1652,1139159.839814
1814,1137707.926912
1850,1098212.267176
1901,1052147.537142
1908,1050549.049725
1935,1049625.925290
1940,1044418.795707
2005,1000569.628077
2018,942294.895709
2025,850592.453836
2209,850069.484756
2288,831039.022800
2301,809878.214386
2312,790450.459090
2323,780487.613430
2389,697305.427900
2438,674702.897339
2512,647739.929437
2524,599531.160053
2610,594425.112684
2619,589820.593057
2679,586842.052250
2697,573802.503158
2721,547316.979170
2807,524450.139481
2811,508128.226656
2901,503083.129387
2908,501037.167061
2909,491130.866531
2931,482122.097613
3016,471094.682887
3046,438272.971084
3065,424084.517036
3106,410672.804104
3322,400486.867420
3344,397209.431091
3381,394201.019669
3391,384095.043432
3528,366225.137320
3544,351672.673639
3676,313041.711001
3813,306939.062053
3819,302133.167102
3902,301858.931196
3919,296740.520643
4059,281404.288391
4136,274071.011834
4295,267101.342417
4304,264185.995730
4325,258766.206589
4381,253141.542380
4409,249113.186212
4460,245744.436413
4501,225670.038731
4540,221396.454716
4612,216855.357255
4700,200701.339806
4805,191133.408147
4828,190033.260721
4871,187752.565740
4902,186851.890138
4905,181340.182478
4984,181323.649981
5044,177040.609621
5086,168602.752439
5109,164887.026111
5133,157837.020935
5256,157480.333139
5283,155264.258195
5302,138482.709081
5344,138167.579675
5510,128654.938719
5633,124556.596550
5761,124261.577090
5812,116576.632950
5913,113796.540125
6003,112405.907952
6033,107591.401677
6037,104896.552399
6152,103898.789835
6195,99740.145558
6275,95398.487119
6328,94877.834492
6332,93169.457180
6435,90950.698547
6496,89587.787282
6507,84191.072376
6610,83677.564077
6649,80661.979731
6690,79668.954594
6702,75389.683604
6762,73403.210152
6786,73069.643446
6807,64913.178349
6816,64759.528539
6934,64100.985355
7016,59281.461286
7197,53520.399070
7389,49636.011782
7405,48074.249723
7549,45590.828212
7732,42868.736870
7804,40099.899421
7926,38109.318467
8033,37591.770484
8142,36156.604971
8234,35030.491200
8241,34938.567621
8320,34721.823863
8398,31318.500898
8516,31142.780636
8606,30668.542049
8625,30105.308096
8679,29323.808818
8777,29280.137232
8784,27415.204996
8901,27179.563809
8956,25495.565493
9029,24930.929726
9031,24391.418697
9083,23708.830499
9188,23471.853567
9251,23033.589406
9294,22183.898169
9354,21163.409066
9468,20945.616656
9489,20426.646220
9547,20417.815299
9592,20358.515057
9637,20229.394728
9693,18856.437307
9817,18241.851752
9837,16899.207129
9958,15691.810461
10082,14091.670388
10438,13992.544519
10558,13910.419168
10634,13886.952146
10645,13787.266171
10685,13661.235161
10753,13653.361529
10788,13563.197007
10809,13535.173028
10823,12263.110055
10835,12251.358918
11019,11965.588801
11043,11964.493191
11079,11890.443177
11101,11298.756237
11123,10396.094155
11453,9588.554423
11610,8354.328138
11872,7991.604186
11875,7920.877346
11966,7874.415569
11995,7750.993543
12011,7558.016355
12027,7474.469100
12110,7360.825833
12234,7118.744603
12270,6967.696488
12471,6925.637461
12511,6705.034752
12543,6608.486626
12591,6413.866567
12640,6376.332340
12833,6145.145142
12852,6018.188510
12919,5950.540071
13063,5533.040926
13071,5378.126498
13124,4969.078032
13372,4679.254254
13625,4645.805627
13630,4571.500651
13691,4283.281971
13738,4144.906728
13888,4019.189679
13915,3702.630049
14232,3531.104132
14245,3436.954491
14295,3155.791790
14301,3107.756056
14316,2971.664900
14322,2958.619660
14592,2848.420912
14633,2690.381684
14672,2688.216843
14816,2332.750490
14977,2272.754111
14980,2111.066008
