Evaluations,Fitness
1,4802518.147496
2,4202065.960177
21,4119278.961842
205,4055409.449531
216,3461761.136820
345,3232256.036648
507,2830146.544172
595,2539399.875714
618,2289369.727807
685,2212130.066738
802,2110889.320059
901,2029430.703970
909,1877562.898764
1001,1662419.497218
1021,1610372.237875
1188,1607054.810329
1227,1552005.157090
1252,1448696.110398
1310,1252336.665084
1316,1237018.552305
1452,1094322.162778
1615,1023588.807120
1651,1003746.235401
1774,969917.048820
1826,867951.373121
1925,855643.188972
1985,841550.595029
2005,785136.972293
2110,759008.288521
2114,694908.573095
2260,633268.555426
2403,621498.683285
2472,619684.345501
2496,600143.695483
2524,523500.804890
2667,521819.850094
2682,513044.965139
2730,484733.634627
2742,484439.908847
2814,470187.057429
2874,446050.134190
3046,444526.804733
3057,441704.601206
3104,430493.044643
3185,426528.887759
3195,414405.057235
3219,403104.657165
3298,383086.985594
3340,377520.063521
3434,374842.210059
3442,367689.589248
3469,364596.344374
3474,353601.938034
3528,332433.766257
3622,325360.707675
3628,321065.484630
3713,312036.031720
3720,305915.336986
3745,305565.209197
3822,291701.167404
3823,291570.821144
3828,278903.293538
3921,273001.939635
3927,250925.655919
4047,250713.898855
4102,239786.315193
4175,230233.755782
4318,227579.338659
4334,214323.927954
4373,212262.282968
4407,212199.280831
4415,203090.440187
4539,200210.029875
4560,196208.687178
4574,195760.139294
4601,193160.711143
4637,184403.966110
4673,178336.450897
4740,168956.444020
4852,166997.662144
4917,162520.042826
5019,161780.767130
5021,160262.952812
5052,151785.583306
5101,148851.634053
5104,143426.398555
5170,140891.317650
5213,134852.870116
5342,132106.125047
5454,131339.950499
5466,131115.780201
5479,125517.232752
5520,119091.837159
5525,116320.400509
5551,113546.316073
5560,106169.327627
5613,102489.012825
5812,101782.047653
5830,98725.985813
5835,97062.170897
5908,95886.566159
5955,94427.811207
5959,93992.751814
6041,91372.705901
6054,86612.790405
6115,84499.554362
6211,75438.573314
6295,73097.629848
6405,73026.441405
6412,70957.189277
6451,69707.561319
6501,67189.865806
6610,59995.569557
6659,59449.137796
6728,59368.742375
6756,58252.175410
6809,54055.414625
6889,51378.025101
6891,50905.563047
6999,50451.372292
7026,49190.064201
7038,46692.136497
7130,45327.591059
7207,44458.977351
7269,43427.452041
7309,36985.375155
7419,36673.031910
7457,35876.044274
7511,35004.345246
7529,33977.762252
7642,33847.528907
7701,31068.411599
7712,28241.157175
7966,27612.080984
8011,25023.851192
8100,24521.203806
8108,21043.046658
8384,20492.590567
8459,18490.055903
8600,18371.606656
8636,18045.794927
8653,17976.435996
8694,16664.378118
8747,16032.544839
8905,14468.613293
8987,14121.390539
9005,13974.983987
9124,13889.574287
9156,13577.119513
9208,13288.011871
9255,12184.235039
9380,11276.384353
9475,10827.927716
9624,10701.000423
9629,10425.617059
9663,9007.456922
9904,8959.144872
10012,8320.955763
10070,8176.176830
10206,8174.299689
10217,7887.157889
10255,7504.939611
10435,7436.501492
10465,7324.779866
10484,7320.514815
10514,7161.811885
10608,7038.788624
10633,6919.213125
10637,6736.242351
10644,6452.195262
10843,6006.278830
11087,5876.588459
11106,5682.688125
11143,5190.755551
11221,5068.862280
11589,4847.735808
11612,4525.724116
11729,4525.165454
11764,4482.913845
11847,4386.925546
11884,3962.221259
12088,3942.398861
12175,3746.995797
12221,3678.604220
12458,3492.372126
12644,3337.800308
12721,3334.848955
12736,3330.731595
12854,3223.917089
12872,2942.587025
13279,2873.676252
13329,2594.037292
13521,2446.620348
13708,2408.883004
13807,2316.925859
14004,2226.076673
14116,2190.227042
14242,1941.735814
14594,1883.090736
14665,1848.968624
14672,1805.293500
14847,1789.783081
14960,1639.517515
