Evaluations,Fitness
1,499.987659
2,497.853021
14,497.208619
19,493.010677
21,474.139938
23,75.367928
93,37.410555
165,36.539950
182,36.049081
213,16.053863
284,14.758561
303,6.905081
455,6.057354
555,5.399503
604,1.790475
808,1.293533
1017,0.998011
1122,0.998008
1207,0.998008
1214,0.998008
1302,0.998006
1304,0.998005
1427,0.998004
1492,0.998004
1543,0.998004
1550,0.998004
1608,0.998004
1688,0.998004
1825,0.998004
1930,0.998004
1989,0.998004
2006,0.998004
2297,0.998004
2363,0.998004
2410,0.998004
2413,0.998004
2437,0.998004
2507,0.998004
2980,0.998004
3059,0.998004
3070,0.998004
3102,0.998004
3204,0.998004
3445,0.998004
3509,0.998004
3626,0.998004
3813,0.998004
3866,0.998004
3971,0.998004
4140,0.998004
4268,0.998004
4445,0.998004
4626,0.998004
4731,0.998004
4758,0.998004
4891,0.998004
4922,0.998004
5053,0.998004
5114,0.998004
5329,0.998004
5417,0.998004
5471,0.998004
5755,0.998004
5909,0.998004
6298,0.998004
8801,0.998004
9207,0.998004
9212,0.998004
9483,0.998004
9540,0.998004
9551,0.998004
9775,0.998004
9827,0.998004
9884,0.998004
10144,0.998004
10230,0.998004
10243,0.998004
10616,0.998004
