Evaluations,Fitness
1,15608.834938
2,902.433096
11,97.313094
40,63.586714
94,30.088789
141,3.840735
327,3.522678
407,3.298912
470,3.266726
502,3.265017
518,3.237866
557,3.152339
660,3.045346
863,3.045334
973,3.045215
998,3.042210
1078,3.042044
1119,3.041841
1139,3.036671
1302,3.036116
1419,3.018490
1563,3.016935
1704,3.015794
2002,3.015606
2112,3.015566
2154,3.011600
2257,3.011587
2305,3.011110
2493,3.010955
2563,3.010812
2615,3.010237
2734,3.009885
2839,3.009846
2931,3.009781
2932,3.000961
3236,3.000927
3352,3.000713
3402,3.000691
3417,3.000517
3526,3.000508
3610,3.000508
3776,3.000502
3807,3.000500
3903,3.000493
4007,3.000492
4054,3.000487
4092,3.000479
4340,3.000479
4357,3.000478
4444,3.000003
4615,3.000003
4703,3.000002
4717,3.000001
4814,3.000001
4916,3.000001
4953,3.000000
4957,3.000000
5292,3.000000
5524,3.000000
5660,3.000000
5821,3.000000
5839,3.000000
5845,3.000000
6321,3.000000
6410,3.000000
6417,3.000000
6544,3.000000
6563,3.000000
6619,3.000000
6720,3.000000
6852,3.000000
7117,3.000000
7296,3.000000
7358,3.000000
7387,3.000000
7424,3.000000
7528,3.000000
7826,3.000000
8299,3.000000
