Evaluations,Fitness
1,8690597.100036
2,7192627.001962
34,6573180.671055
40,6183558.732633
41,5755732.663405
58,5741504.272850
80,5554785.911817
169,5324937.788617
225,5316233.483948
260,4037480.441386
370,3959881.272531
490,3957584.283384
513,3899457.148904
531,3898140.129173
557,3114105.908946
601,2852717.591581
781,2840946.786399
804,2812558.670413
806,2231068.349176
903,2172917.226736
1005,2008199.931204
1123,1837915.684215
1156,1824314.613194
1189,1718814.355832
1203,1625604.880645
1301,1491389.395279
1319,1449631.840028
1418,1368310.778422
1572,1332523.102300
1610,1275088.077303
1654,1275029.746686
1671,1267294.540949
1678,1261013.780187
1691,1194895.786325
1709,1159901.312569
1716,1080576.931021
1817,1060980.866939
1863,1052479.769758
1898,923878.110440
2004,907370.496694
2005,897682.862927
2110,821700.554843
2212,820448.379441
2226,775380.309850
2296,754149.418698
2372,700842.625887
2420,691349.224722
2433,685684.986884
2481,662568.205978
2516,645986.750604
2630,615896.809166
2704,606361.138896
2762,593415.167724
2831,589388.338247
2839,577329.533837
2867,575665.104228
2899,528343.315771
2946,519787.186236
3011,487336.124495
3103,433317.191622
3275,430061.875426
3347,429230.258879
3370,401945.067673
3413,382076.124546
3591,373814.725767
3607,370188.377237
3609,370123.306092
3702,361183.827405
3725,357521.013020
3832,330559.122842
4017,322299.361301
4037,302219.486897
4082,286056.534572
4106,265389.559910
4123,251615.350516
4320,249844.054302
4422,229787.245624
4505,229155.055976
4563,215946.324254
4589,205539.894275
4623,204950.551201
4699,196205.938432
4936,195556.622934
4938,195211.481252
4962,194288.648861
4963,186809.635668
5006,183376.484610
5128,179180.467913
5147,167478.582479
5314,153385.000235
5475,142144.342185
5501,133607.993537
5807,131165.691803
5810,121997.589732
5913,118689.433514
5996,118643.773187
6055,117735.746091
6125,117010.352196
6203,113074.124302
6277,111319.051942
6298,110131.179961
6307,109487.552372
6310,108760.154358
6319,107083.812397
6343,103687.465003
6403,101235.195961
6535,97637.039419
6606,96289.746643
6688,91453.806586
6740,90092.195404
6757,89710.000250
6807,87705.430222
6825,86200.338384
6842,85935.575085
6849,85698.339145
6904,84776.454069
6910,80562.610059
7030,74094.449694
7104,72436.653343
7118,69906.062854
7191,69867.883756
7293,68716.234655
7308,68704.167104
7310,68342.629137
7323,68326.911316
7331,67564.666706
7361,67425.988782
7366,67297.499772
7374,66959.448450
7384,63892.749196
7426,58099.990218
7661,56778.328864
7670,55807.312949
7703,55644.746016
7727,52922.464272
7823,50110.104940
7914,42182.271743
8017,38525.697429
8200,38262.617379
8212,37454.942648
8268,37114.714449
8285,33833.133152
8412,31023.902857
8647,29987.251158
8680,29734.958635
8724,28501.159450
8829,27301.757106
8908,24821.705249
8972,24138.106939
9006,23592.597660
9166,22757.594146
9302,21817.161800
9395,21008.560205
9529,20307.858835
9618,20126.399594
9640,18487.955351
9727,17909.742249
9863,17908.912490
9912,17232.471104
10010,17157.411753
10018,16897.308652
10035,16420.573197
10152,16063.295242
10154,15802.137138
10265,15416.551775
10270,15305.107173
10305,15136.041892
10328,14611.938078
10345,14328.167782
10519,13922.896766
10633,13787.610459
10641,13732.864710
10712,13550.655073
10733,13226.669072
10757,12607.773375
10863,12444.476582
10902,11740.052999
11013,11643.973751
11043,11446.100260
11067,11077.702412
11124,10924.762241
11281,10783.308100
11290,10484.422922
11471,10324.848540
11510,10020.056653
11611,10014.718627
11613,9923.771317
11620,8929.942980
11712,8803.123824
11821,8676.080014
11895,8116.669870
11955,7712.264592
12160,7349.639348
12308,7262.555609
12311,7183.203801
12331,6409.574342
12602,6313.106919
12655,6311.819005
12693,6126.874642
12704,6112.888289
12723,6095.661159
12736,6007.794577
12789,5680.906404
12919,5651.832652
12928,4878.848536
13149,4442.077982
13234,4072.346471
13331,4032.741260
13559,3642.028104
13620,3480.393037
13746,3402.725539
13834,3361.928807
14012,3218.937910
14073,3115.765058
14095,3008.727730
14117,2845.514705
14186,2776.684921
14417,2486.929291
14568,2361.931859
14727,2313.251958
14749,2258.321690
14774,2048.181873
14899,1990.487941
