Evaluations,Fitness
1,3412.610901
2,2855.015413
4,2134.734690
168,2097.656132
202,1822.917213
235,1816.156768
251,1769.492906
311,1764.376382
314,1577.413053
374,1549.348002
440,1541.218633
443,1514.006025
475,1329.370430
555,1198.011237
568,1095.291474
682,1049.975021
776,949.590944
895,739.456530
1040,684.139923
1120,616.303769
1319,577.834375
1415,541.646332
1506,496.111117
1584,487.872707
1605,460.596599
1617,445.419431
1710,427.720782
1812,425.880801
1817,424.938487
1840,386.924469
1876,367.358473
1948,334.633243
2131,313.916671
2276,307.255144
2320,294.796956
2329,285.279689
2353,284.924354
2374,283.332528
2413,282.028651
2452,273.419153
2502,262.554421
2605,261.454622
2628,255.796912
2640,252.429077
2706,243.549674
2726,230.057285
2835,229.378439
2936,210.957637
3025,205.271902
3110,199.863839
3132,198.048745
3211,196.450747
3278,193.222367
3292,190.004921
3309,183.796251
3413,176.873738
3417,171.464272
3708,170.741522
3709,159.276856
3915,154.902121
3929,151.327512
4071,150.247528
4124,148.970631
4163,148.211475
4206,148.044606
4208,147.016070
4210,144.947752
4223,142.077950
4233,138.263997
4336,126.949764
4473,122.832025
4570,120.866496
4735,119.559267
4756,116.203920
4789,111.970831
4843,110.011875
4993,105.222327
5127,104.331507
5226,102.479645
5265,101.315449
5311,100.140837
5315,98.569310
5401,98.355375
5410,94.026022
5516,90.298855
5680,89.877380
5697,85.976983
5766,82.197789
5815,79.556364
5858,78.779768
5931,78.171035
5970,75.760384
6010,74.530819
6050,74.320521
6132,70.478341
6176,68.043093
6224,67.766593
6329,66.630815
6349,66.020999
6444,65.599041
6503,65.504696
6551,64.619524
6569,60.297572
6612,58.156926
6737,56.978623
6834,56.180068
6843,55.040205
6961,53.761996
7002,51.952909
7063,49.112559
7120,47.869470
7124,45.965928
7203,44.816903
7297,44.148524
7337,44.124603
7357,43.933721
7414,42.928114
7441,42.317666
7508,42.168398
7580,39.593093
7623,39.257309
7650,39.204038
7659,37.643819
7752,36.948640
7802,36.122818
7949,35.275021
8039,34.212038
8054,34.170034
8087,33.302044
8141,32.714648
8177,31.900768
8201,31.497367
8221,31.221671
8327,29.456207
8411,29.218152
8505,28.978248
8612,26.229779
8709,26.069148
8803,25.485791
8806,25.341989
8832,25.134713
8851,24.414998
8928,22.035420
9102,21.007090
9160,19.393889
9294,19.291068
9313,18.480603
9512,17.139051
9531,16.439244
9707,15.947607
9728,15.471332
9903,15.171216
9910,15.123546
9977,15.116247
10001,14.650484
10041,14.270875
10178,14.267366
10187,14.122915
10191,13.301845
10253,12.975644
10307,12.101202
10421,11.886056
10525,11.727848
10573,11.680551
10643,11.617807
10658,11.042097
10725,10.711998
10778,10.282322
10907,10.173315
10934,9.996199
10955,9.946469
10981,9.937334
11033,9.507109
11038,8.850144
11111,8.475311
11180,8.356023
11273,7.936272
11314,7.527793
11533,7.449367
11547,6.690677
11919,6.665969
11994,6.564381
12045,6.274326
12060,5.885928
12323,5.797549
12379,5.658998
12428,5.568995
12572,5.459047
12612,5.420565
12644,5.396621
12698,5.380077
12706,5.241371
12754,5.229396
12760,5.198701
12777,5.085549
12847,5.046270
12899,5.024450
12916,4.789817
12968,4.760894
13032,4.678855
13066,4.502964
13104,4.411599
13282,4.357454
13310,4.321979
13371,4.190363
13374,4.170884
13464,4.164801
13479,4.129714
13504,4.006281
13537,3.874243
13618,3.847312
13638,3.821502
13689,3.536702
14002,3.274677
14086,3.166318
14194,3.152632
14204,2.826903
14626,2.774083
14675,2.763677
14707,2.742972
14715,2.666120
14793,2.659843
14874,2.567229
14994,2.550335
14995,2.546258
