Evaluations,Fitness
1,8237787.589701
7,6933153.024795
15,6328841.724898
85,6103128.417733
135,5939610.000711
227,5763208.372199
236,5697472.295306
294,5694593.610243
320,5651470.788429
336,5328578.596554
365,4205388.102402
409,3362938.895286
720,3265386.681247
806,3264854.436067
812,2497996.653543
921,2438380.474965
1061,2318147.803627
1078,2270736.568432
1125,2237994.104488
1150,2198644.320560
1167,1928483.248220
1324,1906179.930687
1334,1796703.626204
1432,1707902.324014
1435,1627762.889985
1457,1535332.830857
1584,1395325.114925
1601,1362791.363926
1627,1287165.976779
1783,1259596.414600
1793,1250711.789537
1808,1192057.467244
1824,1104668.442400
1976,1059789.341990
1998,1016733.996268
2054,995746.611777
2102,979306.515421
2110,915536.313134
2230,910718.307287
2261,895724.220927
2279,840483.897621
2303,801486.301144
2413,788279.442212
2419,752747.260434
2513,714049.114779
2533,629230.294067
2654,607576.755356
2698,600312.566249
2719,587498.221523
2736,550307.088736
2870,537547.991222
2915,524033.805935
2942,522101.579777
2945,501581.565687
2979,493163.463617
3062,490812.218945
3067,484105.618286
3081,473674.662277
3155,466386.623787
3205,452897.267131
3220,451363.750650
3234,444497.355025
3296,426618.944525
3361,420628.325587
3402,380300.009023
3513,376279.932810
3617,371937.174668
3666,353755.155222
3739,344516.724477
3834,343517.634470
3872,324566.955399
3938,319423.649719
3939,316622.950011
4089,312291.913760
4120,311906.958068
4185,300219.527120
4246,298089.545291
4263,297832.241184
4279,288682.539442
4328,287721.241652
4365,283094.105508
4383,267198.574795
4457,259584.845214
4552,256333.849261
4587,246460.743765
4663,245900.170453
4731,230757.766638
4822,226241.877859
4923,225497.203379
4937,224306.981853
4961,222498.379258
4966,221634.725592
5007,218552.721186
5011,201206.293706
5202,199559.320949
5261,198159.440398
5270,198133.451588
5274,185613.959431
5323,184554.206083
5443,180402.372726
5525,177670.651370
5595,177010.172636
5623,174808.444029
5639,171751.632090
5692,171394.624597
5712,166537.664168
5868,166061.309701
5870,164686.457391
5931,160049.801753
5944,157997.677790
5986,154009.939561
6103,152028.364798
6131,150468.295166
6134,145949.136784
6237,143365.063545
6265,141384.804970
6276,137916.064594
6314,136212.391859
6354,135799.157369
6404,133822.052519
6422,133095.461034
6431,128447.820335
6456,127724.276902
6554,126949.028027
6625,120115.189022
6646,119546.979097
6706,116058.798369
6715,114241.077474
6803,112367.080640
6883,110798.042859
6911,107215.556361
7039,106702.051118
7054,105609.384622
7074,103132.949144
7093,99957.590452
7110,98265.586169
7251,97479.290777
7291,96909.658547
7348,96895.136486
7369,96584.526635
7380,92415.679765
7418,90969.453849
7456,88763.661482
7538,87942.113305
7592,86161.904976
7633,83784.736150
7718,81756.494181
7811,79378.476698
7870,76229.703005
7924,73430.581985
8008,72056.593219
8010,71215.745933
8129,70383.368576
8142,70121.794503
8181,68693.806455
8204,62708.558401
8419,61491.621816
8514,61123.566111
8553,59375.498938
8637,55938.689800
8762,55386.630262
8858,55385.654778
8869,53663.933044
8944,53406.439560
9006,52609.477415
9017,50670.125047
9131,49428.663848
9159,48484.464955
9222,47655.159305
9316,43926.899344
9401,43272.402737
9421,40590.390180
9609,38909.313964
9772,37538.274797
9903,35910.576443
10103,35808.036047
10110,33735.523779
10189,32975.536407
10211,32544.129354
10216,30684.487347
10319,30626.010725
10506,30545.657795
10514,30112.720253
10540,29901.916041
10565,26849.807725
10674,26481.846622
10741,24306.159799
10913,21997.352726
10960,21821.784697
11037,20948.810698
11138,20768.526668
11226,20063.546071
11344,20019.537247
11346,20000.764903
11411,19183.497434
11548,18893.989620
11560,17950.036269
11593,17846.715150
11617,17441.350437
11672,16533.995266
11705,15612.413358
11810,15448.312786
11997,15212.051379
12005,14445.022356
12008,14213.675571
12132,13259.611295
12274,13177.175257
12294,13127.568556
12322,13030.324643
12333,12865.833242
12408,12785.193474
12418,12681.599373
12478,12408.953406
12537,12207.695329
12548,12170.827838
12553,12010.091547
12645,11221.010935
12766,10586.979934
13002,10301.309731
13051,10102.927300
13255,10086.340225
13269,9677.348772
13326,9675.786428
13371,9553.390483
13419,9361.850874
13440,8844.792208
13644,8662.870092
13759,8377.217627
13845,8089.566855
13902,8028.045472
14013,7949.315706
14094,7827.593874
14152,7793.050890
14186,7741.180678
14202,7351.224986
14368,7091.525259
14402,7002.093751
14478,6651.230151
14657,6597.879448
14706,6554.446633
14808,6011.244223
14894,5778.639682
14972,5389.841882
