Evaluations,Fitness
1,2872.876498
2,2125.539405
64,2104.990293
204,2074.793700
216,2011.997195
235,1979.191320
240,1620.222693
331,1587.695645
404,1244.489037
576,1238.725094
695,1173.704250
715,1120.500113
825,1085.314193
830,1046.265012
908,965.645179
1009,954.857045
1012,953.618499
1025,914.490864
1049,857.290146
1117,771.109574
1230,710.507045
1370,638.385065
1597,632.504021
1611,595.971593
1704,594.113594
1721,588.188302
1732,577.792139
1763,575.575176
1786,530.582806
1867,507.285847
2017,495.368285
2035,492.137236
2046,468.160924
2110,451.664780
2215,414.764871
2336,412.336695
2350,408.212114
2383,392.014788
2412,390.525013
2422,383.401544
2440,355.526638
2517,351.714480
2553,325.623676
2784,305.493341
2805,302.145847
3020,299.975681
3026,294.238512
3031,293.321993
3060,277.317299
3097,264.912366
3184,264.006239
3214,260.288703
3268,253.053995
3324,234.633844
3436,230.935528
3516,229.654301
3536,224.501095
3576,211.337438
3640,189.316879
3902,186.067862
3946,180.464425
3957,172.706196
4026,172.496789
4122,170.657040
4123,163.031300
4259,157.231139
4275,145.636293
4439,145.627956
4440,144.057576
4510,139.320097
4554,136.818603
4610,136.273789
4653,130.525874
4821,123.185743
4903,120.937776
4961,120.263101
5001,115.431810
5166,107.814551
5338,106.039653
5345,105.370999
5403,104.793962
5414,102.073167
5455,96.880476
5615,95.234678
5707,91.285495
5818,89.937821
5916,85.945680
5954,84.279744
6027,80.100871
6181,79.210461
6231,77.248729
6275,73.540382
6346,70.477174
6457,70.239409
6592,69.612835
6616,69.592000
6630,65.556031
6747,65.421379
6760,63.639758
6793,61.772365
6816,60.938116
6984,58.360451
6985,56.402419
7103,55.162195
7227,54.655651
7230,54.080565
7280,53.471376
7306,49.929562
7439,49.509539
7445,48.249226
7519,48.224249
7569,47.958450
7605,47.477030
7634,44.635024
7662,43.871056
7741,43.448041
7803,42.787395
7906,42.768325
7911,41.240552
7936,39.376870
7958,38.059128
8071,37.333834
8104,34.857605
8188,34.355461
8236,31.952167
8361,31.914015
8379,31.862073
8427,31.827151
8438,31.677015
8448,29.734930
8491,29.058950
8551,28.723407
8668,28.534584
8670,26.046405
8820,25.835973
8836,25.814092
8880,25.761905
8967,24.472236
9009,23.709249
9112,23.617939
9158,23.305587
9215,22.814007
9281,21.168864
9334,20.667536
9352,20.552108
9373,19.686434
9512,19.613064
9535,18.578149
9602,18.556803
9653,17.676146
9691,17.503439
9714,16.772880
9729,16.751633
9849,15.523799
9949,14.269239
9961,14.138930
10062,12.806871
10377,12.785514
10420,11.942611
10474,11.699947
10523,11.571025
10706,11.163375
10713,10.901848
10912,10.748367
10993,10.453944
11041,9.540285
11155,9.312551
11302,9.130908
11342,8.802215
11416,8.635134
11441,8.539285
11445,8.015796
11530,7.913468
11547,7.835832
11620,7.559413
11760,7.455027
11822,6.950769
11903,6.592763
12113,6.591587
12127,6.364421
12164,6.231269
12210,5.922564
12445,5.779009
12484,5.752993
12581,5.231097
12681,5.175833
12808,4.957273
12811,4.751368
12991,4.645316
13058,4.063778
13196,4.031321
13301,3.803660
13383,3.505098
13442,3.296106
13540,3.110209
13722,3.003901
13931,2.966421
13977,2.924755
14015,2.887710
14118,2.778367
14315,2.727008
14320,2.685092
14429,2.469736
14715,2.316971
14824,2.142722
