Evaluations,Fitness
1,8862350.416890
9,7110577.805522
19,6355923.415208
63,6308078.471272
74,6023475.496931
137,5048051.807035
310,5040159.181442
323,4800637.068441
343,4463319.780419
352,4300960.503951
411,4250102.668541
428,4179475.645650
462,3679757.802767
537,3553740.595794
563,3448548.291406
605,3399585.959597
614,3057339.733482
639,2940430.327192
723,2505536.379771
907,2495352.875930
947,2321056.940676
1006,2309353.721570
1008,2232797.542749
1013,1985253.697372
1107,1950687.294058
1126,1798030.193260
1209,1630556.392179
1318,1533834.138575
1413,1504967.982582
1455,1504296.088880
1487,1305182.087694
1629,1255204.053943
1707,1156049.576802
1773,1071242.799575
1804,960270.982232
1952,951371.967725
1967,941033.589663
1991,887303.438770
2132,866564.872497
2160,785709.881898
2223,784586.483691
2227,675145.799051
2323,648943.850761
2436,632219.150377
2460,600444.374718
2524,598107.203504
2526,573320.642837
2654,534327.469410
2704,515680.381071
2716,475066.111403
2753,473842.149748
2875,417454.633348
2929,415180.178809
3124,410538.703874
3148,396535.371293
3208,371958.119763
3308,362785.773882
3320,355970.280793
3371,349553.593653
3383,341056.738259
3443,339503.117180
3510,332603.984467
3522,320067.235011
3538,306119.585307
3730,303139.884529
3738,301709.832711
3749,300810.032370
3831,300077.649191
3843,297198.286975
3903,290176.236364
3910,289838.228523
3957,286187.132148
4005,274680.173260
4015,273818.668119
4088,264233.320915
4116,262833.819498
4139,257825.670568
4205,253920.371362
4207,250563.846729
4223,231184.448065
4333,226161.711721
4345,223737.917793
4425,223080.181109
4440,205470.171649
4692,203427.244136
4705,198120.661962
4732,197155.822488
4803,187729.695802
4930,186746.063383
5058,185773.066780
5068,185704.607062
5101,183894.248968
5112,164799.045543
5370,164738.437485
5406,157639.731473
5476,142472.812762
5628,140572.687094
5825,136471.003420
5862,130805.046350
5944,120480.952368
6069,117549.462495
6127,115461.671923
6225,115236.636778
6256,110171.636236
6303,104137.315624
6409,99037.354639
6553,97407.075017
6609,94605.931380
6653,93514.681029
6718,88885.924019
6836,87738.555563
6882,86564.318616
6885,86554.647952
6901,84151.952395
6917,76378.307354
7214,74782.557773
7235,73339.654753
7321,70649.179880
7390,69288.674661
7435,64600.713300
7555,63540.678570
7663,62909.441224
7725,61871.579571
7764,59589.610988
7809,57006.749247
8044,56910.584673
8052,55747.331680
8125,54587.761491
8181,54408.167410
8242,53317.084267
8270,52139.036929
8281,51933.034702
8325,51891.504524
8331,48323.716607
8569,47699.999385
8605,46367.958181
8627,46318.819359
8633,45051.847453
8645,44942.988057
8685,43981.457326
8781,43919.985837
8785,43601.487400
8833,40876.349152
8973,40039.451875
8977,39652.264974
9009,39347.478038
9065,38107.271881
9070,37839.494435
9076,37225.824594
9151,36531.954836
9212,36132.314286
9277,35333.752486
9295,34200.534321
9357,32570.856890
9429,31671.125028
9489,30895.656007
9549,30566.087118
9615,30519.497642
9657,30078.472958
9672,29559.920589
9677,27473.166545
9792,27400.822925
9811,27054.087943
9830,26213.160177
9950,26087.377385
10017,25907.224456
10085,25763.381997
10142,23900.051231
10214,23172.890283
10267,22783.078025
10308,20322.119755
10446,18524.548652
10816,18420.212504
10837,17241.819464
10970,15433.927916
11017,15281.541711
11149,14925.223935
11186,14637.514062
11219,13959.347291
11449,13685.154745
11472,13571.069768
11476,13038.820740
11656,12918.325993
11671,12833.986083
11706,12519.382395
11729,12512.256757
11731,12148.157996
11808,11536.911379
11924,11345.612799
11983,11158.053076
12069,11070.850440
12114,10796.412522
12125,10268.873536
12233,10164.044059
12272,9741.119083
12387,9559.858589
12398,9513.984074
12402,8915.940972
12531,8400.186419
12630,7983.162112
12801,7852.548924
12812,7597.656065
12954,7536.177839
12974,7482.719175
12988,7456.906539
13004,7423.309719
13054,6351.036998
13220,6240.995405
13418,6169.790139
13478,5735.760157
13526,5646.470110
13555,5562.808745
13626,5419.013371
13706,5252.951436
13722,5232.178907
13738,5090.591014
13822,4836.373125
14035,4755.885060
14043,4649.103090
14057,4439.521943
14120,4369.043792
14122,3952.696787
14473,3838.443999
14476,3722.397494
14717,3696.379573
14761,3632.539803
14824,3374.920348
14915,3368.900583
