Evaluations,Fitness
1,2900.327105
4,2888.850229
5,2785.691267
7,2733.991083
11,2507.704468
14,2484.185980
23,2391.197177
41,2161.666473
110,2107.688555
120,2097.134492
131,1905.071550
202,1827.024326
251,1769.876334
302,1768.095385
333,1684.216300
369,1632.031858
381,1570.565397
399,1469.924939
420,1449.127320
486,1172.535730
620,1095.101896
749,1059.433310
755,954.996470
834,903.704000
906,857.441366
929,764.701599
1093,752.990717
1106,637.985825
1305,616.887690
1327,601.977002
1422,588.311248
1426,545.342025
1445,513.762141
1481,470.081544
1596,451.637621
1611,411.867013
1805,377.516878
1820,361.395634
1827,342.971849
1934,339.593642
1982,333.909117
2005,311.919071
2050,311.409302
2103,296.422193
2138,288.144255
2170,286.100383
2182,271.540979
2221,269.796446
2251,265.211646
2305,265.135365
2310,253.456838
2378,245.487319
2414,241.027793
2462,225.860850
2585,222.493723
2597,210.637827
2616,205.779664
2618,197.717996
2702,195.640413
2720,193.734876
2726,191.896793
2766,191.121379
2818,179.210393
2870,176.132584
3022,161.244852
3075,160.596194
3113,152.798254
3146,152.447909
3217,149.994765
3242,147.398138
3310,142.406265
3326,138.478943
3414,138.290898
3415,131.506611
3490,126.305448
3502,122.969843
3506,121.575868
3557,121.404740
3602,112.500019
3715,110.445537
3761,110.441381
3834,106.891558
3871,106.513449
3930,101.440083
4032,95.614275
4110,94.514010
4214,92.792347
4231,90.100999
4321,89.327927
4354,86.075645
4407,81.473155
4482,80.211251
4506,76.801743
4688,73.515356
4726,70.865179
4921,70.805440
4938,65.447507
4991,62.644263
5011,62.205235
5091,60.077617
5116,56.764693
5258,54.956032
5331,53.936140
5430,51.462564
5500,50.977181
5584,49.803620
5597,49.115333
5601,48.732294
5603,48.005882
5648,47.788057
5672,46.957475
5704,45.079816
5867,43.888951
5933,43.042287
6047,41.557629
6119,40.227204
6180,37.766521
6329,37.745895
6407,37.677792
6413,36.404843
6504,36.034020
6512,35.044056
6529,34.052515
6605,31.794653
6662,31.681228
6743,29.947969
6785,29.612276
6809,29.602262
6916,29.506304
6935,27.621086
7110,26.896030
7134,26.186130
7151,25.741617
7306,25.360020
7336,25.186558
7340,24.914176
7345,24.056601
7408,22.921779
7432,22.531861
7514,21.651053
7620,21.451357
7707,21.085777
7735,20.456616
7762,19.819223
7811,19.662425
7860,18.761086
7904,18.511591
8009,18.471231
8028,18.139405
8056,17.936399
8140,17.245876
8171,16.549960
8258,16.203542
8278,15.949705
8307,14.614096
8551,13.456193
8801,13.206249
8826,12.360645
9042,12.235887
9046,12.213385
9080,11.983817
9103,11.969553
9119,11.249372
9129,11.030066
9252,10.439669
9314,10.386244
9315,10.293781
9411,10.277398
9506,9.934496
9507,9.491763
9574,8.774413
9612,8.444219
9695,7.660347
9791,7.627591
9875,7.600696
9901,7.465416
9965,7.334388
10037,7.254693
10087,7.023735
10106,6.635666
10135,6.118474
10213,5.763838
10375,5.738156
10434,5.536195
10496,5.470783
10574,5.417304
10628,5.063427
10667,4.928298
10734,4.889391
10862,4.675202
10888,4.576910
10908,4.534980
10950,4.485718
11024,4.475656
11037,4.162756
11157,4.157066
11159,4.111906
11207,3.824213
11339,3.779676
11379,3.567727
11409,3.562595
11545,3.505813
11648,3.461844
11740,3.372263
11848,3.337959
11881,3.310810
11949,3.282088
12005,3.272910
12009,3.239438
12019,2.990862
12229,2.866083
12482,2.761673
12631,2.676782
12710,2.674491
12774,2.610548
12821,2.581449
12914,2.568524
12950,2.541082
13002,2.503580
13051,2.501220
13129,2.491814
13154,2.434228
13273,2.433007
13295,2.416107
13327,2.263458
13432,2.212573
13671,2.209202
13679,2.179281
13724,2.167701
13829,2.114533
13860,2.003344
14004,1.961906
14218,1.931990
14254,1.903343
14376,1.900504
14416,1.892123
14450,1.833316
14626,1.808869
14708,1.803726
14746,1.786728
14758,1.772218
14815,1.748028
14840,1.719487
14931,1.689256
