Evaluations,Fitness
1,-1.703606
5,-2.874259
78,-3.774738
376,-3.792872
427,-3.830681
561,-3.835531
590,-3.839453
750,-3.839504
938,-3.840374
970,-3.841624
1141,-3.843035
1234,-3.850846
1296,-3.852939
1311,-3.856034
1489,-3.856965
1540,-3.857314
1597,-3.857658
1699,-3.858290
1729,-3.858302
1733,-3.858780
1775,-3.859855
1964,-3.860770
2018,-3.860987
2067,-3.861721
2071,-3.861826
2118,-3.861826
2189,-3.862139
2238,-3.862256
2333,-3.862261
2442,-3.862261
2502,-3.862496
2784,-3.862501
2930,-3.862504
2985,-3.862514
3035,-3.862514
3039,-3.862515
3115,-3.862711
3397,-3.862712
3510,-3.862712
3536,-3.862713
3606,-3.862751
3684,-3.862752
3855,-3.862753
3955,-3.862754
4063,-3.862754
4106,-3.862754
4208,-3.862754
4298,-3.862754
4305,-3.862754
4421,-3.862755
4422,-3.862772
4625,-3.862772
4689,-3.862773
4767,-3.862774
4840,-3.862774
4979,-3.862774
5205,-3.862774
5324,-3.862774
5362,-3.862774
5401,-3.862774
5418,-3.862774
5517,-3.862776
5615,-3.862776
5711,-3.862776
5734,-3.862776
5781,-3.862776
5854,-3.862776
6004,-3.862776
6012,-3.862776
6107,-3.862776
6219,-3.862776
6260,-3.862782
6421,-3.862782
6537,-3.862782
6639,-3.862782
6840,-3.862782
6848,-3.862782
6894,-3.862782
6907,-3.862782
6985,-3.862782
7147,-3.862782
7160,-3.862782
7248,-3.862782
7323,-3.862782
7428,-3.862782
7437,-3.862782
7632,-3.862782
7720,-3.862782
7820,-3.862782
7845,-3.862782
7906,-3.862782
8023,-3.862782
8078,-3.862782
8119,-3.862782
8184,-3.862782
8216,-3.862782
8229,-3.862782
8345,-3.862782
8471,-3.862782
8573,-3.862782
8701,-3.862782
9009,-3.862782
9015,-3.862782
9218,-3.862782
9312,-3.862782
9325,-3.862782
9410,-3.862782
9493,-3.862782
9790,-3.862782
9910,-3.862782
10211,-3.862782
10320,-3.862782
10491,-3.862782
10629,-3.862782
10725,-3.862782
10828,-3.862782
10866,-3.862782
11023,-3.862782
11065,-3.862782
11204,-3.862782
11306,-3.862782
11507,-3.862782
11674,-3.862782
11761,-3.862782
11801,-3.862782
11870,-3.862782
11967,-3.862782
12104,-3.862782
12426,-3.862782
12435,-3.862782
12650,-3.862782
12782,-3.862782
12836,-3.862782
12980,-3.862782
12998,-3.862782
13099,-3.862782
13212,-3.862782
13272,-3.862782
13319,-3.862782
13398,-3.862782
13516,-3.862782
13811,-3.862782
13841,-3.862782
14319,-3.862782
