Evaluations,Fitness
1,3326.38
2,2994.37
8,2602.22
11,2414.7
14,1889.08
221,1866.8
265,1778
337,1486.29
450,1410.4
501,1327.84
517,1326.26
642,1273.62
657,1200.71
710,1184.98
713,1163.23
719,1134.53
802,850.933
1035,850.595
1054,845.241
1078,844.2
1088,753.409
1112,664.596
1234,619.232
1335,614.482
1343,544.803
1435,517.313
1478,499.066
1566,482.374
1608,453.313
1662,445.475
1668,422.074
1704,371.087
1836,349.593
1861,347.788
1920,335.974
1966,333.48
2002,323.353
2023,297.548
2096,290.035
2108,287.619
2125,262.813
2252,238.79
2361,233.944
2403,210.987
2486,210.205
2589,208.71
2611,202.876
2623,194.783
2633,178.132
2707,171.916
2844,171.294
2922,169.222
3003,167.199
3005,166.849
3007,162.979
3067,162.431
3094,161.531
3103,156.351
3153,146.572
3275,140.98
3440,140.353
3469,138.087
3487,137.056
3507,135.93
3535,135.718
3537,129.868
3628,127.466
3642,124.218
3790,122.495
3794,121.855
3802,121.291
3810,119.916
3906,119.551
3911,118.796
3962,115.792
4003,114.834
4009,112.669
4042,111.129
4043,109.631
4060,108.009
4102,106.954
4202,105.464
4241,104.001
4264,100.884
4311,99.864
4342,97.529
4348,95.7588
4364,92.7376
4445,92.0069
4447,88.3477
4534,88.2103
4542,87.3287
4543,86.7398
4615,84.0336
4648,83.627
4688,82.1631
4719,80.1333
4813,78.4926
4865,77.9291
4874,75.7552
4904,72.882
5015,72.7712
5105,71.8064
5107,70.8425
5172,70.613
5187,67.9125
5191,67.8547
5195,67.1577
5225,65.4615
5302,61.6312
5393,60.7878
5411,59.4216
5485,58.1933
5488,57.4662
5492,55.4947
5565,55.2676
5581,54.9549
5607,52.6043
5660,51.6582
5704,51.3243
5789,50.272
5807,48.3901
5812,47.7671
5914,45.483
6030,44.6274
6038,42.9247
6107,42.3243
6184,42.213
6185,41.754
6215,41.7067
6220,41.2123
6239,40.3839
6279,40.1982
6307,39.6341
6334,38.6827
6369,38.1178
6377,37.8498
6425,34.5701
6440,34.2329
6526,34.2274
6545,33.7523
6571,32.779
6588,31.2716
6738,31.257
6751,30.9406
6793,27.925
6897,27.7431
6935,26.8193
7002,25.4091
7115,24.6931
7140,22.4351
7235,22.3726
7392,21.2364
7429,19.8973
7501,19.7794
7541,19.7241
7611,19.172
7630,18.9684
7710,18.5181
7723,17.3137
7855,17.2751
7903,16.7529
7911,15.9404
8134,15.8083
8156,15.7778
8166,15.6244
8215,15.5123
8223,14.9723
8229,14.6371
8307,14.0048
8398,13.9816
8441,13.5022
8508,13.4769
8544,13.1826
8547,13.1159
8611,13.015
8671,12.752
8694,11.5746
8850,11.3397
8954,11.187
8983,11.0524
9007,10.6679
9131,10.5622
9203,9.97306
9413,9.17131
9427,8.99427
9516,8.2681
9791,8.11951
9912,7.66981
9927,7.33074
10005,6.97661
10215,6.68373
10287,6.66491
10329,6.36479
10446,6.29833
10458,6.21844
10481,6.04495
10601,6.00427
10625,5.54639
10662,5.51755
10711,5.45676
10825,4.73173
10941,4.54765
11074,4.38842
11299,4.3527
11350,4.1171
11419,4.06359
11453,4.03999
11536,3.98118
11580,3.90335
11705,3.86005
11720,3.71148
11907,3.62966
11942,3.58871
11971,3.5155
12065,3.49862
12089,3.40159
12343,3.25614
12347,3.2525
12393,3.00045
12580,2.69715
12820,2.58742
12886,2.5277
12943,2.5178
13180,2.4801
13196,2.41837
13304,2.41535
13328,2.38693
13395,2.27314
13532,2.23469
13551,2.1718
13620,2.08138
13930,2.05961
13950,2.03782
14126,1.97161
14143,1.94903
14263,1.90811
14390,1.89266
14399,1.86227
14448,1.83377
14569,1.79249
14704,1.76763
14769,1.75688
14887,1.71996
14919,1.68625
