Evaluations,Fitness
1,6614556268.240654
2,2528483998.494177
7,1499861141.459416
15,1144639657.185581
41,953857229.988293
42,542696679.792300
96,371091597.339458
280,368090100.901031
414,301598141.419671
532,249578943.150124
619,233856798.386759
810,200679860.064230
885,170773007.341314
1119,161238516.400751
1268,157405196.250630
1431,132682369.465670
1513,125926007.335551
1576,116270333.193351
1694,116080025.740143
1859,113119707.177597
2067,96419532.632297
2152,95621105.917895
2361,94512623.406609
2405,71685994.347112
2606,66401120.721684
2814,62552599.952502
3093,59918234.009039
3242,58458937.820106
3265,56480946.013831
3449,55790864.035956
3533,55662086.824531
3620,55532671.193881
3635,55234414.619014
3711,54745011.967813
3790,53383732.286884
3908,53195577.455598
3969,52371307.376491
3992,51881183.676946
4021,51457931.542798
4328,51380862.955645
4337,50883008.847076
4360,49909919.846237
4442,49607330.579662
4557,49414196.004611
4568,48972188.527605
4582,48743726.909879
4590,47277046.471579
4641,47061596.647717
4867,47016694.161958
4931,45979827.916826
5051,45621471.656420
5217,45407127.228115
5239,45161263.193436
5329,44144498.301340
5413,43820225.373948
5533,43570795.011604
5697,42374199.863531
5800,39065382.592399
6195,38612910.823798
6225,38328200.148558
6330,37965960.025215
6379,37906221.380401
6438,36889380.554685
6522,36153759.702631
6715,36077352.988363
6787,35923703.061021
6814,35853459.658341
6815,35266230.774201
7006,35262692.283163
7086,35259800.123909
7205,35013486.969681
7224,34839262.459400
7254,34791016.026518
7272,34738867.012263
7324,34618000.804113
7427,34613135.190344
7434,34337392.029326
7452,34251056.183215
7491,34243912.993150
7551,34102458.606834
7601,34063726.032059
7635,33661256.697057
7646,33088962.032949
7704,32423240.736990
8040,32192674.460155
8201,31792953.033712
8435,31191299.796149
8994,30984789.001332
9012,30980952.069215
9022,30571872.086480
9269,30225070.372532
9330,28980166.363015
9630,28922756.140900
9914,27991287.053973
10310,27865615.658730
10354,27506385.585339
10565,27080535.596327
10583,26721860.521652
10785,26719144.534961
10898,26646814.203164
10937,26594646.395679
11005,26394490.096270
11054,26293545.524687
11080,25647333.775165
11529,25544520.560738
11608,25538160.721759
11636,25498614.806028
11687,25457138.349569
11719,25112522.953946
11797,24926671.214086
12097,24651369.615693
12136,24522197.834919
12487,24482372.616087
12501,24461299.084055
12549,24256100.862162
12708,24221030.474839
12824,24206909.282134
12826,23964088.070199
12843,23929763.374356
12847,23720615.069686
12908,23658015.478747
13037,23160504.077430
13312,23048403.219040
13333,23033264.545328
13435,22898354.516902
13463,22793101.042129
13547,22524941.031253
13640,22435441.085025
13985,22313431.257970
13997,22259666.935968
14026,22154338.600464
14098,21928065.895191
14113,21788923.573689
14413,21728610.642042
14420,21643897.103148
14537,21587190.987978
14612,21477687.188716
14616,21451220.948812
14703,21377338.670727
14707,21312370.427148
14912,21221104.319082
14930,21152560.825817
14937,20823558.406675
