Evaluations,Fitness
1,190810.865303
3,156132.008561
23,155288.358824
76,149088.738326
110,144442.725310
180,135465.894119
227,135010.254841
277,126480.632794
334,117244.559111
407,115890.071972
430,113558.802496
435,108184.483272
506,107154.070517
514,99537.867762
535,99028.258940
572,96555.550496
609,90671.570728
706,90526.002950
750,87815.373219
781,86930.408793
786,82961.492351
836,82208.154140
845,82047.638836
869,80977.550906
886,79628.165351
903,75682.403631
945,74252.798220
996,69190.901903
1048,67976.746631
1085,63439.715666
1092,59522.061132
1165,56706.193680
1305,53562.287512
1314,51182.918808
1336,50942.556593
1383,49975.055946
1406,46093.298404
1509,42421.094515
1519,37362.433845
1709,36662.890564
1715,32243.600978
1890,31095.174057
1963,30717.290101
2052,28612.482163
2105,27927.335885
2122,27291.087396
2198,26882.420046
2205,26250.669341
2257,22715.964225
2325,20819.252960
2454,20461.805420
2586,20005.669928
2605,19350.005126
2615,19086.395737
2707,18599.069291
2766,18077.659576
2815,18054.137526
2834,17805.331025
2838,17173.227380
2841,16997.510366
2866,15740.367746
3042,15309.309377
3077,14773.929958
3207,14188.060019
3225,14126.178505
3243,13896.717663
3301,13856.803348
3304,13629.286871
3333,13130.483481
3408,13049.180562
3447,12073.958503
3467,11767.190822
3622,11220.422464
3628,11142.384675
3678,11125.940391
3737,11066.821480
3806,10377.606549
3902,10243.954326
3908,10163.682090
4005,9992.393449
4007,9891.891607
4037,9260.919294
4075,9079.357942
4123,8449.224788
4210,7879.890806
4260,7612.207145
4357,7203.357542
4404,6953.769462
4533,6911.055305
4538,6679.161141
4616,6388.426042
4640,6215.979060
4680,6193.976979
4871,5992.427558
4876,5914.286229
4919,5844.800578
4980,5547.137326
4987,5368.855381
5113,5357.604746
5124,5326.914147
5126,5082.426434
5141,4939.441292
5224,4879.376689
5226,4852.684253
5308,4747.835315
5332,4485.252131
5340,4422.986436
5427,4319.186043
5471,4286.051269
5484,4268.917053
5520,4024.862590
5597,4016.436566
5645,3949.723873
5649,3745.670680
5786,3653.597092
5795,3482.259048
5939,3478.813821
5949,3475.074069
5955,3367.610971
5979,3332.155029
6009,3252.226929
6117,3185.900652
6121,3027.600420
6217,2913.286789
6394,2873.569190
6410,2809.900293
6416,2751.934840
6425,2727.405019
6517,2724.285802
6542,2706.386207
6550,2701.547914
6592,2522.474989
6668,2421.882774
6722,2347.488265
6744,2220.297168
6903,2063.129737
7115,2017.616822
7146,2010.365508
7172,1843.508106
7301,1779.076886
7371,1761.489024
7386,1711.120448
7392,1661.134184
7417,1602.013969
7512,1511.964897
7644,1498.684645
7701,1442.442027
7710,1439.714933
7733,1377.582083
7812,1374.600490
7846,1341.280910
7927,1312.599383
7933,1162.075581
8051,1128.820986
8228,1110.969307
8257,1103.290689
8305,1047.034456
8325,986.831558
8437,976.941744
8464,925.823474
8555,905.200779
8618,853.362457
8620,839.062222
8761,817.659533
8879,809.137494
8910,742.399856
9025,715.824382
9069,690.378818
9139,670.377673
9215,633.370115
9281,609.940653
9545,605.768588
9555,596.736458
9560,591.078941
9604,584.193981
9632,566.964417
9658,540.475955
9709,524.150558
9806,518.627078
9850,491.224592
10006,480.496145
10121,478.868477
10175,467.406933
10210,460.300104
10215,446.947673
10326,437.295906
10382,432.430057
10434,407.021212
10622,393.957743
10703,388.193681
10826,384.577392
10883,374.986828
10913,363.778454
10984,331.840148
11015,328.320157
11056,318.230799
11198,311.812783
11207,307.283029
11390,293.015677
11411,289.197852
11510,259.216953
11628,253.422304
11686,250.277500
11775,240.509213
11974,223.582857
12086,223.328650
12143,222.076127
12185,212.016996
12306,211.862855
12324,205.653824
12358,197.369058
12379,192.272338
12605,190.214955
12623,185.816607
12662,184.023112
12725,180.976491
12737,170.140703
12766,160.677501
12979,156.256862
13024,152.998557
13032,147.865035
13219,138.830662
13264,136.570519
13339,133.963777
13417,133.019179
13440,132.740255
13454,129.098985
13460,128.800079
13501,123.684610
13520,123.638124
13619,119.371858
13627,109.350800
13791,107.770910
13808,105.440645
14004,103.752068
14157,103.391775
14158,101.491373
14203,97.763367
14307,97.181134
14341,95.795796
14426,88.588003
14638,86.157839
14730,76.196086
