Evaluations,Fitness
1,3066.117607
3,3003.155949
6,2856.010411
7,2768.275236
8,2481.938319
10,2473.260451
14,2358.370313
40,2129.757338
54,2122.982444
88,2091.670499
110,2071.668246
137,1983.543856
205,1926.820820
216,1898.866448
233,1779.833313
301,1726.025660
311,1720.804764
335,1650.974901
365,1612.458558
397,1527.782091
433,1449.168038
444,1436.523620
505,1353.362609
520,1308.129829
586,995.739477
838,918.875257
842,856.830782
904,841.732249
946,816.802978
1005,765.363602
1040,714.387639
1042,680.654873
1120,677.858241
1144,622.174708
1194,602.580826
1202,573.446620
1206,465.096988
1390,407.454482
1489,341.108732
1534,322.881904
1660,304.486587
1721,296.100618
1791,292.155523
1801,290.673122
1807,281.005859
1904,259.355134
1908,258.589819
1910,255.954596
2017,252.502789
2023,244.807123
2038,239.042399
2088,226.932666
2114,208.216568
2227,194.408729
2327,193.563577
2420,192.478515
2429,183.654130
2459,178.369636
2528,159.962094
2703,155.459828
2719,149.273856
2873,148.614691
2911,144.584308
2928,141.810073
2985,137.318459
3032,132.585452
3112,131.761601
3121,131.317858
3202,129.155950
3204,123.895526
3322,123.185740
3369,121.662656
3393,117.398746
3411,114.867494
3454,114.295001
3488,111.367258
3531,105.460570
3679,104.738928
3685,103.929981
3697,102.247780
3755,98.053429
3801,95.838668
3933,91.333649
3976,91.081745
4001,84.709357
4121,83.677539
4193,83.510517
4206,81.035483
4232,79.499358
4277,78.198754
4314,75.362890
4445,70.541701
4509,70.231506
4511,68.746549
4617,67.098508
4627,66.233076
4653,65.734319
4705,63.687856
4714,62.552420
4720,60.860201
4902,60.855720
4904,53.948212
5208,52.197922
5318,51.260691
5332,48.431009
5360,46.811419
5475,45.146993
5516,44.169521
5534,43.790033
5696,42.573355
5712,42.256521
5819,38.762700
6013,38.713600
6052,37.953785
6059,37.012205
6122,36.481878
6162,35.861217
6166,35.633182
6186,35.325919
6211,34.560243
6316,33.877149
6341,33.392086
6407,32.253345
6506,32.086998
6510,31.692282
6520,31.395258
6521,30.044620
6614,28.946024
6625,27.942459
6723,26.653638
6802,26.436861
6922,24.707270
7013,24.522461
7065,23.853593
7101,23.584304
7153,23.426132
7179,22.712325
7253,22.177267
7327,20.701743
7610,20.633896
7635,19.945173
7694,19.919404
7696,19.626432
7759,19.363162
7778,19.340340
7792,18.115168
7822,17.863247
7952,17.644010
8028,17.430224
8049,17.373748
8085,16.977926
8179,15.928803
8304,15.597580
8308,15.348943
8448,15.345612
8512,15.258756
8513,14.828733
8599,14.741477
8626,14.012593
8637,13.742511
8668,13.666676
8706,13.583595
8815,12.774375
8960,12.738757
8969,12.438329
8975,11.785158
9166,11.308212
9171,11.235499
9316,11.227080
9323,10.890832
9338,10.660254
9376,10.506713
9418,10.481399
9436,10.420614
9439,10.102202
9447,10.055595
9532,9.373014
9673,9.074772
9698,8.892775
9738,8.812993
9782,8.685179
9898,8.389587
9917,8.131509
10011,7.981066
10022,7.891165
10079,7.333078
10110,7.225592
10202,6.490335
10380,6.398069
10445,6.121885
10518,5.482390
10623,5.097390
11024,5.066402
11040,4.843025
11225,4.624983
11293,4.500183
11329,4.066806
11598,4.056578
11608,3.982617
11628,3.898727
11680,3.826087
11686,3.766767
11768,3.762759
11821,3.714719
11836,3.683228
11882,3.681988
11897,3.615894
11901,3.524940
11985,3.481218
12027,3.460982
12087,3.447662
12096,3.443658
12104,3.422228
12204,3.342842
12217,3.335685
12220,3.252401
12230,3.195237
12254,3.059250
12433,2.946489
12559,2.931154
12648,2.792488
12802,2.777223
12949,2.761587
12960,2.755562
12967,2.636705
13012,2.620687
13154,2.565798
13178,2.543374
13303,2.500786
13404,2.439147
13454,2.377207
13503,2.340114
13625,2.161205
13903,2.151066
13939,2.126042
14154,2.097913
14227,2.020924
14316,2.014866
14345,2.007569
14438,1.970624
14504,1.965715
14516,1.945266
14543,1.936281
14579,1.889900
14742,1.858173
14821,1.839817
14945,1.808403
