Evaluations,Fitness
1,1464.65
4,1348.64
5,1343.38
6,1252.38
19,1196.01
217,1064.17
342,1043.4
416,1013.28
432,1000.07
479,998.123
506,987.159
571,977.791
602,921.807
606,891.042
703,865.134
794,861.8
810,832.054
913,789.797
923,779.868
1010,740.197
1057,734.926
1085,728.953
1109,711.156
1156,693.972
1160,685.383
1191,657.771
1245,655.054
1350,623.259
1447,584.528
1509,583.472
1515,572.54
1587,524.753
1686,521.253
1829,506.592
1908,500.656
1948,499.902
2005,496.437
2032,485.814
2056,450.663
2113,442.731
2138,435.045
2201,432.874
2214,422.003
2304,410.597
2405,405.573
2479,395.076
2502,361.916
2715,346.895
2822,332.614
2870,329.957
2926,313.6
3043,310.301
3057,309.295
3096,308.126
3114,307.649
3188,303.255
3193,298.437
3216,296.029
3235,292.782
3258,285.111
3293,279.772
3352,263.1
3438,250.469
3542,232.024
3609,213.652
3842,194.66
4057,181.54
4231,170.635
4410,158.74
4544,156.257
4627,156.111
4632,154.206
4749,145.643
4812,142.042
4833,135.683
5024,129.131
5157,124.95
5361,120.726
5452,119.072
5492,118.57
5504,114.089
5579,113.346
5597,111.264
5635,106.965
5779,103.655
5989,102.765
6021,102.276
6095,101.515
6109,101.028
6126,100.103
6441,95.6845
6512,94.6966
6545,93.03
6817,92.923
6847,91.4716
6863,90.8112
6924,89.7496
7015,89.4043
7213,88.5369
7224,86.3562
7359,85.7996
7382,85.4317
7408,82.3983
7705,82.0046
7719,81.8248
7814,80.5404
7973,79.6468
8072,78.5955
8102,76.9939
8225,76.6916
8318,76.4219
8359,75.7252
8450,73.9401
8590,73.1911
8607,70.2816
8833,70.0523
9116,70.0271
9176,68.0348
9195,66.8967
9330,62.935
9569,60.8826
9750,60.4407
9897,60.3142
9929,59.959
10002,59.0121
10104,58.9088
10114,58.2687
10265,56.9499
10446,56.5377
10488,55.2433
10561,54.8667
10765,54.6987
10808,54.408
10984,54.1076
11040,54.0109
11050,53.5596
11104,53.18
11270,52.6229
11291,52.1029
11302,51.9963
11422,51.523
11501,51.1005
11546,50.4689
11621,50.4634
11750,50.3893
11751,50.3421
11777,49.8156
11979,49.8132
12025,49.7962
12035,49.583
12048,49.323
12083,48.7763
12088,48.5465
12109,48.4679
12134,48.0326
12245,47.2724
12348,46.4688
12443,46.4452
12505,45.9604
12637,45.4677
12818,45.1137
12863,44.6279
12931,44.1462
13046,43.8426
13227,43.4167
13280,43.4118
13324,43.3865
13402,43.3092
13454,43.1914
13516,43.0058
13551,42.897
13718,42.7606
13733,42.622
13815,41.9601
13911,41.8098
14078,41.6648
14091,41.5458
14245,41.4287
14335,41.4078
14388,41.4069
14415,41.2882
14437,41.2234
14503,40.5951
14536,40.2694
14683,40.2475
14687,40.247
14696,39.1848
14869,38.5815
