Evaluations,Fitness
1,21.446421
2,21.419796
4,21.303458
48,21.290858
59,21.235330
80,21.218311
85,21.180584
205,21.072580
215,20.982582
302,20.810560
452,20.802871
559,20.738813
588,20.638353
648,20.496171
699,20.370531
744,19.940431
1008,19.774564
1030,19.695294
1120,19.667692
1144,19.503733
1181,19.317822
1236,19.257887
1309,19.201996
1337,19.057919
1407,18.848857
1510,18.728499
1527,18.728233
1621,18.575724
1722,18.452007
1747,18.268552
1813,18.213755
1903,18.113114
1930,17.842001
2038,17.750057
2079,17.606813
2087,17.532579
2221,17.327681
2292,17.214314
2363,17.148523
2417,17.106655
2433,16.887045
2550,16.853496
2610,16.694417
2704,16.671688
2770,16.499698
2802,16.473848
2821,16.385534
2874,16.299385
2915,16.185737
3006,16.156999
3110,16.085916
3134,15.855800
3251,15.723174
3440,15.704346
3514,15.559399
3570,15.432680
3652,15.350017
3747,15.151825
3827,15.142250
3875,15.125934
3911,15.092727
3969,15.085981
4014,15.021297
4034,14.956647
4037,14.930892
4090,14.919244
4108,14.801545
4162,14.784832
4208,14.711587
4239,14.626221
4276,14.585389
4352,14.500460
4403,14.463030
4408,14.453479
4469,14.356503
4501,14.302659
4626,14.249996
4662,14.223713
4707,13.881523
4903,13.752138
5002,13.473115
5053,13.468404
5089,13.240414
5132,13.213002
5323,13.207025
5326,13.129446
5327,13.050666
5330,12.922825
5361,12.899670
5419,12.667665
5440,12.575947
5617,12.284814
5776,12.216019
5809,12.095730
5930,12.081688
5949,11.970541
6040,11.801345
6173,11.382341
6238,11.326972
6338,11.253589
6395,11.209409
6425,11.190846
6456,11.146887
6521,10.659382
6747,10.658724
6783,10.654274
6806,10.622719
6822,10.548517
6928,10.496699
6935,10.446816
6975,10.382161
7110,10.376498
7134,10.347492
7177,10.253393
7206,10.204407
7281,10.051975
7448,10.031698
7454,9.833227
7505,9.751856
7618,9.730788
7690,9.628213
7737,9.403533
7831,9.318566
7994,9.257466
8034,9.167183
8119,9.068391
8237,8.944530
8280,8.931746
8323,8.914546
8351,8.843038
8376,8.619667
8532,8.433069
8689,8.318276
8845,8.210230
9002,8.047834
9056,8.034741
9132,7.980735
9189,7.978869
9238,7.972833
9272,7.902994
9329,7.838975
9349,7.809943
9421,7.792213
9431,7.723917
9452,7.667232
9505,7.578344
9523,7.410850
9628,7.340696
9821,7.325989
9845,7.183658
9902,7.163271
9914,7.158946
9976,7.001561
10110,6.953013
10150,6.879828
10260,6.856899
10319,6.844219
10326,6.743476
10528,6.666157
10534,6.633957
10623,6.577289
10655,6.572028
10713,6.561034
10715,6.352028
10967,6.273848
11011,6.266784
11087,6.227739
11189,6.191401
11216,6.178467
11252,6.130288
11386,6.079548
11403,6.024345
11486,5.975152
11539,5.571526
11810,5.515441
11873,5.489745
11889,5.486315
11925,5.317302
11967,5.260579
12034,5.015193
12146,4.981288
12172,4.813181
12412,4.807971
12579,4.768989
12630,4.711555
12675,4.554807
12909,4.539601
12917,4.491876
12979,4.439329
13026,4.387341
13044,4.384576
13061,4.370344
13177,4.150557
13239,4.051474
13330,4.029555
13509,3.973593
13534,3.970937
13622,3.889459
13754,3.845812
13906,3.842292
13910,3.766482
13955,3.755644
14022,3.684512
14335,3.678063
14404,3.677585
14414,3.665762
14434,3.584197
14594,3.509370
14723,3.482769
14751,3.458993
14917,3.392598
14954,3.387788
