Evaluations,Fitness
1,621.297157
2,136.128084
3,2.755170
5,0.758415
15,0.570616
24,-0.036938
38,-0.844068
217,-0.875057
322,-1.000939
438,-1.012988
460,-1.022737
553,-1.028974
732,-1.030993
897,-1.031001
929,-1.031030
1031,-1.031277
1076,-1.031387
1126,-1.031388
1171,-1.031413
1187,-1.031549
1220,-1.031552
1393,-1.031552
1469,-1.031553
1478,-1.031554
1592,-1.031558
1641,-1.031561
1718,-1.031561
1904,-1.031561
2013,-1.031562
2031,-1.031562
2042,-1.031562
2082,-1.031562
2236,-1.031562
2289,-1.031563
2350,-1.031563
2530,-1.031563
2627,-1.031563
2639,-1.031563
2647,-1.031563
2699,-1.031563
2720,-1.031563
2766,-1.031616
2937,-1.031616
3013,-1.031616
3076,-1.031616
3104,-1.031616
3134,-1.031616
3139,-1.031616
3269,-1.031616
3535,-1.031616
3588,-1.031616
3613,-1.031616
3620,-1.031616
3673,-1.031616
3722,-1.031616
3730,-1.031616
4013,-1.031616
4100,-1.031616
4252,-1.031616
4287,-1.031616
4384,-1.031616
4486,-1.031628
4640,-1.031628
4678,-1.031628
4752,-1.031628
4836,-1.031628
4864,-1.031628
4905,-1.031628
4969,-1.031628
5013,-1.031628
5020,-1.031628
5254,-1.031628
5488,-1.031628
5509,-1.031628
5616,-1.031628
5764,-1.031628
5802,-1.031628
5964,-1.031628
5989,-1.031628
5999,-1.031628
6104,-1.031628
6116,-1.031628
6210,-1.031628
6304,-1.031628
6495,-1.031628
6532,-1.031628
6617,-1.031628
6633,-1.031628
6654,-1.031628
6752,-1.031628
6867,-1.031628
6933,-1.031628
7002,-1.031628
7128,-1.031628
7201,-1.031628
7405,-1.031628
7528,-1.031628
7656,-1.031628
7783,-1.031628
7897,-1.031628
7971,-1.031628
