Evaluations,Fitness
1,1491.7
3,1468.65
6,1383.02
7,1302.23
10,1277.05
15,1276.79
28,1192.93
54,1185.09
89,1169.68
143,1104.61
151,1087.59
289,1039.84
341,1038.36
346,1035.74
356,1034.2
365,988.398
444,902.968
658,861.89
716,807.312
788,803.472
804,767.698
842,757.166
862,723.566
903,706.604
929,682.616
1065,641.762
1182,629.906
1208,557.26
1407,503.997
1447,490.588
1534,468.402
1638,457.183
1765,453.052
1807,442.942
1840,423.352
1902,419.466
1995,399.964
2005,391.626
2060,388.223
2111,381.914
2222,381.256
2236,368.303
2291,366.726
2305,353.013
2404,311.449
2508,305.124
2610,302.279
2630,298.728
2705,291.326
2729,272.937
3094,262.37
3102,259.26
3202,254.101
3227,235.502
3288,225.392
3409,224.554
3544,221.6
3662,217.01
3689,216.818
3699,215.815
3776,215.344
3805,208.526
3837,205.093
3904,203.49
3921,191.56
4032,183.431
4294,178.632
4412,166.928
4609,164.838
4636,159.677
4708,156.216
4802,149.076
4922,147.462
5012,145.97
5061,145.095
5107,144.949
5122,141.511
5217,139.009
5267,137.971
5307,136.93
5320,134.191
5359,132.924
5445,129.852
5602,129.355
5623,123.271
5802,121.663
5877,119.791
6054,119.66
6061,116.137
6116,114.5
6198,113.207
6248,112.384
6445,111.769
6524,107.768
6728,106.826
6946,105.598
6968,104.903
7109,104.878
7192,104.367
7271,103.723
7314,103.535
7407,103.272
7465,101.371
7481,101.29
7586,101.254
7597,100.227
7730,98.5528
7755,98.3511
7811,94.8938
8356,93.6323
8399,93.0626
8516,91.5996
8810,91.4229
8966,90.4967
9208,90.253
9220,90.013
9340,87.4651
9472,86.9301
9530,86.5807
9588,84.8235
9704,83.4095
10057,83.1731
10128,82.0457
10345,81.987
10360,80.6046
10524,78.4467
11039,78.4295
11087,77.9682
11218,77.4314
11245,76.3983
11429,76.1692
11556,75.6781
11673,75.5988
11731,75.1946
11738,73.8464
12145,73.2234
12197,73.2147
12236,73.0224
12244,73.0198
12315,72.8721
12322,72.1612
12402,72.04
12491,70.1772
12868,69.9647
12882,69.4229
13018,69.3418
13022,69.0183
13174,68.9753
13189,68.352
13340,67.8651
13605,67.5737
13793,67.4353
13847,66.8979
13972,66.8276
14007,66.6113
14100,64.9271
14726,64.3787
14927,64.1773
