Evaluations,Fitness
1,1542.485680
2,1521.820482
5,1494.651406
6,1381.424566
7,1374.629165
10,1355.225446
45,1325.798636
47,1241.405077
114,1235.582276
204,1129.349850
277,1115.927789
345,1111.442864
364,1089.677372
421,1064.495088
461,1063.148049
498,1019.151861
521,1007.875979
602,938.922574
701,932.063345
725,921.078432
751,920.156442
791,910.217304
803,885.129282
821,870.216725
859,862.628257
887,846.980138
906,839.087101
916,831.330304
921,807.734562
1028,799.310458
1047,753.358784
1112,750.616320
1125,732.954878
1217,689.441349
1327,638.278931
1512,621.767012
1517,615.614580
1587,599.861594
1690,559.117981
1781,536.254166
1882,525.858209
1913,484.750574
2107,472.161751
2129,444.853351
2347,433.071929
2428,423.811639
2465,421.415285
2523,383.086576
2716,363.451814
2821,355.758355
2902,349.830163
2996,338.966051
3056,330.895122
3102,316.025764
3135,315.869264
3227,305.806538
3231,286.955708
3318,283.136787
3401,270.375621
3467,259.715127
3522,257.341539
3632,250.032932
3721,238.654343
3829,233.008091
3911,229.490535
3959,224.426899
4026,223.436508
4138,205.139409
4302,198.407131
4351,197.793184
4394,197.240739
4472,193.927386
4510,190.815324
4543,180.188280
4576,177.824386
4679,177.662657
4818,170.613589
4907,168.824300
4948,168.232889
4971,167.827775
5035,167.650218
5039,165.386513
5216,163.423642
5226,159.852194
5228,154.755461
5375,153.462392
5460,153.246764
5525,152.064740
5578,149.032618
5650,138.569594
5670,138.392247
5781,136.984273
5845,135.199108
5853,134.287238
5923,133.007990
6005,129.584985
6034,127.379826
6155,126.077308
6268,125.917916
6327,124.386611
6506,124.358528
6516,122.385837
6603,119.870214
6793,117.367595
6901,115.483427
6912,112.244378
7217,110.330720
7349,109.640919
7524,108.989842
7533,106.708109
7651,106.145146
7702,105.078971
7873,104.717206
7995,104.324324
8055,102.741318
8354,101.748593
8587,101.123646
8628,100.761119
8836,100.447934
8843,100.050052
8903,98.673747
9127,98.073044
9205,97.525947
9246,97.308823
9304,97.109682
9343,96.790573
9440,96.202353
9622,96.020902
9628,95.959779
9633,95.477739
9645,95.093861
9678,94.068872
9691,93.615118
9790,93.273480
9893,92.621236
9956,91.638118
9962,90.722976
10008,89.450063
10307,89.196424
10409,88.894970
10477,88.184217
10510,88.122444
10536,87.394372
10557,86.779803
10687,86.325451
10836,85.229824
11017,85.111595
11054,85.001762
11078,84.939384
11116,83.475424
11362,83.303766
11444,83.029453
11676,82.989124
11834,81.620286
12153,81.320534
12334,81.241861
12337,81.141772
12426,80.735924
12428,79.734541
12539,79.515323
12623,79.010636
12846,78.866533
13081,78.760177
13092,77.864167
13526,77.617871
13628,77.018877
14026,76.892536
14172,76.796920
14282,76.337109
14295,75.883268
14574,75.809651
14607,75.593187
14663,75.487517
14746,74.882310
14809,74.772193
