Evaluations,Fitness
1,1.0771e+09
2,8.71305e+08
3,6.78951e+08
15,6.26151e+08
35,5.39412e+08
150,5.12458e+08
285,5.11668e+08
290,4.73088e+08
321,4.48978e+08
346,4.1017e+08
362,4.00115e+08
423,3.9556e+08
442,3.83799e+08
471,3.71935e+08
512,3.28635e+08
531,3.14281e+08
534,2.99804e+08
602,2.67385e+08
625,2.40315e+08
721,2.3128e+08
815,2.10492e+08
821,1.98579e+08
830,1.97499e+08
925,1.71093e+08
1044,1.63359e+08
1060,1.52418e+08
1101,1.49582e+08
1105,1.40395e+08
1141,1.33667e+08
1205,1.29504e+08
1225,1.24097e+08
1243,9.65702e+07
1429,9.4083e+07
1454,9.0673e+07
1463,8.08848e+07
1529,8.04004e+07
1547,7.99773e+07
1552,7.98117e+07
1581,7.90921e+07
1590,6.47871e+07
1655,6.12244e+07
1740,5.05368e+07
1858,4.95795e+07
1911,3.59267e+07
2146,3.21309e+07
2178,2.89944e+07
2248,2.83353e+07
2323,2.82933e+07
2335,2.34875e+07
2423,2.25345e+07
2431,2.16332e+07
2562,2.04641e+07
2584,1.81066e+07
2620,1.74051e+07
2708,1.66171e+07
2729,1.62746e+07
2810,1.59581e+07
2883,1.58902e+07
2936,1.57863e+07
3004,1.537e+07
3038,1.46809e+07
3083,1.43713e+07
3137,1.26272e+07
3182,1.26161e+07
3254,1.18399e+07
3314,1.1823e+07
3326,1.17274e+07
3407,1.01354e+07
3608,1.00554e+07
3618,9.69183e+06
3682,9.33706e+06
3742,8.65767e+06
3804,8.0492e+06
3948,8.04862e+06
3964,7.88562e+06
3990,7.60177e+06
4007,7.51866e+06
4019,6.54396e+06
4192,5.7093e+06
4338,5.6351e+06
4383,5.52277e+06
4405,5.38733e+06
4410,5.29971e+06
4546,5.28301e+06
4548,5.283e+06
4571,4.82042e+06
4659,4.67524e+06
4715,4.31039e+06
4734,3.8619e+06
4835,3.80612e+06
4849,3.61109e+06
4883,3.43841e+06
4914,3.3766e+06
5001,3.10244e+06
5154,3.05062e+06
5188,2.93891e+06
5205,2.8188e+06
5288,2.69847e+06
5342,2.69672e+06
5400,2.63895e+06
5431,2.54807e+06
5484,2.25408e+06
5567,2.2492e+06
5602,2.18939e+06
5603,2.15211e+06
5616,2.04758e+06
5619,2.03723e+06
5662,1.91574e+06
5692,1.86391e+06
5741,1.85334e+06
5749,1.80184e+06
5765,1.78094e+06
5810,1.62712e+06
5842,1.52298e+06
5990,1.2648e+06
6001,1.1349e+06
6251,1.08423e+06
6338,1.07946e+06
6350,1.07215e+06
6410,1.06536e+06
6461,1.04219e+06
6466,1.03701e+06
6486,1.02972e+06
6490,1.00747e+06
6543,899642
6602,875694
6690,860680
6706,798827
6809,793427
6827,719938
6910,698291
6916,559193
7110,500792
7316,457609
7424,429584
7553,427273
7560,408829
7639,348266
7762,344782
7839,334823
7879,311397
7938,273879
7962,256445
8191,225076
8356,198287
8477,186528
8497,179372
8618,139592
8853,117461
8885,111627
8980,100723
9053,88022.2
9311,83397.9
9431,80062.6
9536,75838.8
9563,74850.9
9746,74120.5
9752,69950.3
9853,67911.2
9885,62346.4
9948,62013.5
10002,59324.3
10034,55145.3
10174,54206.7
10201,45177.4
10296,45146.1
10347,43296.2
10455,38296.2
10542,37834.8
10598,37198.7
10630,36557.5
10730,31170.2
10736,27781.8
10835,27517.5
10914,25244.3
11103,23046.4
11201,22872.7
11204,22288.1
11260,22008.2
11304,17553.6
11725,17039.8
11806,14854.6
11899,14474.6
11957,14384.3
12001,13147.6
12103,13011.1
12191,12558.6
12194,12557.4
12224,11862.8
12243,11755.8
12337,11637.3
12359,10339.2
12614,9873.49
12627,9863.52
12631,9851.42
12698,8727.33
12815,8263.96
12817,8037.11
12853,7605.36
12991,7045.91
13009,6802.85
13154,6678.96
13235,6652.82
13326,6477.58
13327,6113.73
13342,5873.82
13438,5754.72
13610,5696.23
13625,5494.83
13697,4978.01
13809,4902.51
13831,4818.31
13951,4806.06
13957,4707.35
14036,4568.63
14116,4392.37
14192,4207.23
14303,3234.69
14506,3207.25
14699,3163.89
14739,2788.42
14989,2758.2
