Evaluations,Fitness
1,21.023370
3,20.809479
102,20.793559
204,20.659888
293,20.637801
369,20.580621
399,20.549588
401,20.485052
414,20.419722
442,19.931288
567,19.824563
689,19.795018
817,19.773510
850,19.743822
851,19.643195
901,19.536602
912,19.208015
1005,18.968263
1204,18.776960
1329,18.556248
1403,18.523073
1422,18.508044
1424,18.353611
1442,18.310011
1551,18.217252
1598,18.209681
1620,18.026306
1734,17.950062
1736,17.913155
1737,17.774793
1836,17.749873
1869,17.653288
2004,17.647959
2010,17.534564
2028,17.463800
2031,17.372617
2116,17.181230
2139,17.073176
2144,17.063331
2209,17.054328
2218,16.815315
2305,16.735590
2400,16.608070
2403,16.543499
2508,16.318296
2602,16.201595
2689,16.110139
2717,16.009122
2820,15.942771
2824,15.907441
2851,15.874863
2873,15.867390
2891,15.840880
2900,15.812152
2913,15.534229
3022,15.329657
3086,15.289412
3150,15.255759
3205,15.231217
3215,15.183224
3272,15.158839
3306,15.078814
3316,15.043479
3329,14.934942
3409,14.605274
3503,14.582889
3627,14.520698
3634,14.465370
3694,14.460654
3702,14.416573
3710,14.284259
3748,14.103618
3829,14.048656
3906,14.039248
3919,14.035708
3922,13.722825
4086,13.483198
4113,13.241467
4317,13.194436
4358,13.033767
4432,13.031600
4446,12.786360
4513,12.752700
4652,12.049718
4775,11.980551
4925,11.961783
4956,11.714521
5104,11.529746
5186,11.514709
5212,11.507668
5213,11.264926
5329,11.053808
5450,11.017763
5480,10.920622
5515,10.886917
5562,10.742301
5638,10.688616
5678,10.635937
5687,10.612147
5729,10.609954
5765,10.382453
5935,10.370798
5984,10.322336
5988,10.162481
6021,9.979914
6134,9.882515
6167,9.699560
6205,9.475288
6473,9.401066
6511,9.371050
6541,9.327098
6543,9.252598
6580,9.193774
6653,8.975183
6737,8.866978
6819,8.759857
6853,8.757902
6855,8.596117
7010,8.528378
7066,8.490322
7108,8.216710
7204,8.129259
7216,8.045998
7320,7.936941
7335,7.883757
7365,7.805028
7425,7.686243
7504,7.451236
7601,7.416485
7712,7.405629
7716,7.396725
7754,7.329111
7780,7.283305
7785,7.051329
7801,6.768186
7922,6.491121
8042,6.294057
8062,6.212545
8162,6.179480
8245,6.138423
8263,6.125237
8267,6.034856
8316,5.949944
8368,5.828223
8457,5.665619
8538,5.658296
8606,5.657359
8612,5.626058
8615,5.514666
8703,5.451579
8705,5.434710
8800,5.329029
8945,5.323221
9015,5.272865
9102,5.236346
9138,5.179168
9204,5.137755
9216,5.132776
9253,5.128397
9272,5.082488
9302,5.065830
9310,4.891031
9398,4.859608
9462,4.812921
9565,4.777490
9601,4.675251
9790,4.669776
9805,4.665587
9830,4.627170
9848,4.594542
9907,4.580203
9918,4.574899
10032,4.524499
10061,4.503416
10073,4.407303
10191,4.334395
10287,4.277033
10327,4.226216
10417,4.071524
10435,4.010165
10535,3.845629
10956,3.838152
11005,3.794923
11026,3.765902
11035,3.735213
11101,3.688053
11307,3.635936
11408,3.555702
11409,3.546993
11590,3.525842
11592,3.516330
11623,3.467120
11684,3.463345
11777,3.350982
11988,3.348083
12011,3.305639
12037,3.272800
12219,3.209371
12276,3.115864
12509,3.113967
12574,3.109517
12584,3.040282
12701,3.025942
12718,3.015825
12754,2.999214
12811,2.939099
12827,2.869643
12969,2.852980
13234,2.799725
13346,2.791086
13357,2.759240
13461,2.736030
13472,2.733349
13644,2.695686
13650,2.669711
13654,2.664159
13802,2.623531
13808,2.558642
13993,2.549214
14061,2.528290
14111,2.490069
14134,2.485645
14157,2.478909
14343,2.402656
14387,2.397914
14480,2.388006
14499,2.387162
14643,2.375952
14672,2.372266
14701,2.341037
14710,2.233272
14811,2.231581
14849,2.226242
14929,2.216928
