Evaluations,Fitness
1,1.69622e+09
7,1.17158e+09
24,1.06538e+09
40,7.54654e+08
47,5.07448e+08
285,5.04445e+08
321,5.02512e+08
379,4.97273e+08
410,4.58825e+08
417,3.88022e+08
505,3.50812e+08
528,3.37378e+08
621,2.99402e+08
721,2.89173e+08
924,2.86849e+08
1063,2.79816e+08
1070,2.4668e+08
1320,2.45342e+08
1354,2.29755e+08
1396,1.85327e+08
1630,1.8301e+08
1886,1.75148e+08
2024,1.48605e+08
2320,1.42983e+08
2590,1.39965e+08
2826,1.38228e+08
2919,1.32456e+08
2940,1.27229e+08
3285,1.26447e+08
3374,1.25031e+08
3467,1.24501e+08
3581,1.24125e+08
3642,1.209e+08
3663,1.18545e+08
4079,1.17611e+08
4104,1.14762e+08
4231,1.14318e+08
4423,1.13947e+08
4439,1.13654e+08
4449,1.12763e+08
4506,1.09658e+08
4632,1.09533e+08
4759,1.09061e+08
4818,1.07556e+08
4941,1.07124e+08
4966,1.06884e+08
5064,1.06864e+08
5065,1.05863e+08
5102,1.05774e+08
5106,1.02515e+08
5384,1.02074e+08
5451,1.01931e+08
5481,1.01613e+08
5483,1.00221e+08
5505,9.98069e+07
5604,9.91676e+07
5647,9.89915e+07
5835,9.89704e+07
5858,9.83952e+07
5873,9.77641e+07
5928,9.68488e+07
5972,9.54005e+07
6103,9.47071e+07
6300,9.44479e+07
6323,9.37206e+07
6356,9.35246e+07
6594,9.3331e+07
6604,9.301e+07
6605,9.16309e+07
6710,8.91546e+07
6841,8.81142e+07
6862,8.80248e+07
7117,8.79875e+07
7150,8.78979e+07
7157,8.76379e+07
7166,8.60188e+07
7232,8.46122e+07
7373,8.45593e+07
7474,8.40348e+07
7624,8.37894e+07
7673,8.36489e+07
7735,8.35377e+07
7745,8.3316e+07
7816,8.20934e+07
7830,8.20577e+07
7914,8.15705e+07
8075,8.13666e+07
8150,8.0576e+07
8216,8.03947e+07
8330,7.82643e+07
8601,7.71449e+07
8615,7.67781e+07
8723,7.673e+07
8824,7.61159e+07
8844,7.58614e+07
8954,7.50744e+07
9037,7.38195e+07
9175,7.3746e+07
9206,7.37351e+07
9311,7.19094e+07
9334,7.18603e+07
9564,7.14397e+07
9797,6.96243e+07
9911,6.9323e+07
10064,6.90106e+07
10120,6.73716e+07
10291,6.60637e+07
10410,6.59382e+07
10561,6.54117e+07
10770,6.49053e+07
10791,6.48984e+07
10831,6.48198e+07
10856,6.43446e+07
10995,6.41446e+07
11016,6.33886e+07
11075,6.2789e+07
11204,6.19459e+07
11383,6.15885e+07
11441,6.04043e+07
11525,6.00811e+07
11704,5.92444e+07
11813,5.75901e+07
12262,5.68388e+07
12652,5.64604e+07
12815,5.64346e+07
12901,5.62215e+07
12913,5.60962e+07
13011,5.59614e+07
13047,5.59096e+07
13104,5.56477e+07
13261,5.5528e+07
13305,5.51801e+07
13537,5.51545e+07
13602,5.49889e+07
13657,5.48112e+07
13667,5.43e+07
13881,5.31557e+07
13887,5.26796e+07
14026,5.25468e+07
14278,5.21206e+07
14286,5.20469e+07
14345,5.20343e+07
14376,5.17462e+07
14527,5.15367e+07
14626,5.15061e+07
14630,5.14048e+07
14637,5.13205e+07
14707,5.0791e+07
14804,4.93717e+07
