Evaluations,Fitness
1,61.918115
2,35.911835
3,18.433733
7,15.210898
9,0.459589
228,0.449736
343,0.428899
532,0.423566
678,0.420039
805,0.407941
1068,0.406973
1072,0.401946
1270,0.401546
1355,0.399795
1361,0.399558
1406,0.398764
1558,0.398714
1655,0.398705
1699,0.398664
1701,0.398134
1883,0.398127
2059,0.398125
2109,0.398110
2236,0.398109
2305,0.398109
2330,0.398103
2332,0.398101
2414,0.398100
2463,0.398099
2476,0.398099
2573,0.398099
2674,0.398099
2701,0.398099
2737,0.398098
2793,0.398097
2811,0.398097
2979,0.398097
3014,0.398097
3326,0.398097
3353,0.398097
3380,0.398097
3625,0.398097
3840,0.398097
3899,0.398097
3952,0.398097
4059,0.398097
4205,0.398097
4209,0.398097
4307,0.398097
4323,0.398097
4410,0.398097
4439,0.398097
4533,0.398097
4677,0.398097
4939,0.398097
5014,0.398097
5019,0.398097
5125,0.398097
5177,0.398097
5246,0.398097
5309,0.398097
5506,0.398097
5515,0.398097
5601,0.398097
6004,0.398097
6043,0.398097
6123,0.398097
6138,0.398097
6224,0.398097
6322,0.398097
6377,0.398097
6385,0.397973
6453,0.397959
6578,0.397955
6612,0.397951
6698,0.397944
6725,0.397944
6741,0.397940
6749,0.397938
6916,0.397938
6930,0.397937
7121,0.397928
7323,0.397928
7398,0.397927
7561,0.397927
7575,0.397927
7588,0.397927
7633,0.397927
7682,0.397927
7692,0.397927
7746,0.397927
7752,0.397927
7796,0.397927
7811,0.397901
8055,0.397901
8125,0.397900
8199,0.397900
8345,0.397900
8358,0.397900
8629,0.397900
8649,0.397900
8840,0.397900
8883,0.397889
8912,0.397889
9011,0.397889
9025,0.397888
9179,0.397888
9240,0.397888
9241,0.397888
9608,0.397888
9620,0.397888
9640,0.397888
9729,0.397888
9864,0.397888
9910,0.397888
10045,0.397888
10111,0.397888
10337,0.397888
10431,0.397888
10490,0.397888
10499,0.397888
10510,0.397888
10528,0.397888
10617,0.397888
10746,0.397888
10891,0.397888
11005,0.397888
11238,0.397888
11309,0.397888
11392,0.397888
11394,0.397888
11593,0.397888
11607,0.397888
11645,0.397887
11922,0.397887
11924,0.397887
11959,0.397887
12008,0.397887
12154,0.397887
12203,0.397887
12307,0.397887
12368,0.397887
12581,0.397887
12686,0.397887
12934,0.397887
13045,0.397887
13128,0.397887
13341,0.397887
13359,0.397887
13416,0.397887
13433,0.397887
13468,0.397887
13493,0.397887
13615,0.397887
13808,0.397887
13814,0.397887
13815,0.397887
13963,0.397887
14112,0.397887
14401,0.397887
14485,0.397887
