Evaluations,Fitness
1,275259
7,268813
10,236010
50,203782
84,199024
285,198823
308,187148
333,178135
401,175082
431,154496
613,149841
666,131722
724,124804
800,122575
819,117872
842,115809
847,110377
970,107020
982,100083
1017,94280.9
1020,93555.2
1153,92954.9
1181,80743.2
1208,77528.6
1313,54654.7
1512,54199.6
1561,51668.1
1603,51250.1
1623,48588.3
1733,48360.4
1777,46656.8
1822,42547.1
1915,42386.8
1944,40424.3
1992,38541.8
2014,37821.6
2049,37817
2121,34101.5
2245,32628.5
2305,32028.1
2416,30768.5
2418,30669.8
2425,28677.4
2473,27678.8
2502,27337
2523,27325.7
2540,26847.9
2605,26145.6
2667,25908.3
2692,25177.1
2718,24620.8
2750,23995.2
2764,23827.2
2783,21882.3
2906,20692.1
2955,20336.2
3023,20066.2
3061,19919.1
3104,19645.3
3174,19514.9
3194,19115.5
3211,18494.8
3224,17523.4
3377,17414.6
3403,17138.9
3484,16648.2
3542,16429.3
3604,16123.8
3605,15567.4
3701,15470.1
3729,15345.3
3743,15218.9
3755,14503.4
3761,14135.7
3840,13822.4
3860,13513.5
3916,13424.5
3943,13349.9
4047,12983.1
4111,12580.9
4202,12431.7
4220,12326.1
4236,11709.9
4333,11702.9
4386,11287.7
4425,10917.5
4434,10258.9
4510,9688.18
4609,9628.03
4627,9064.73
4717,8687.51
4831,8671.71
4839,8620.22
4911,8008.56
4951,7982.32
4954,7915.63
5077,7877.01
5107,7805.84
5123,7503.21
5141,7429.26
5197,7199.03
5207,6967.86
5230,6690.62
5382,6537.32
5405,6472.2
5440,6402.41
5487,6229.84
5493,6173.3
5593,6172.05
5605,6080.04
5621,5797.21
5708,5601.5
5814,5589.14
5862,5577.13
5921,5497.41
5963,5463.25
5966,5276.68
5989,4847.79
6086,4427.44
6252,4394.84
6354,4251.93
6428,4241.76
6524,4167.61
6536,3764.72
6786,3672.74
6838,3563.14
6850,3496.5
6907,3278.93
7091,3253.39
7098,2876.35
7152,2821.71
7319,2736.13
7324,2712.32
7442,2656.95
7457,2559.08
7609,2430.4
7623,2395.31
7696,2274.16
7796,2153
7820,2039.87
7908,1981.09
7929,1917.1
8007,1878.19
8018,1859.01
8157,1808.69
8218,1653.49
8354,1649.64
8388,1597.29
8398,1591.01
8420,1578.35
8421,1561.51
8480,1542.92
8538,1504.71
8584,1486.12
8624,1447.98
8639,1420.85
8702,1318.94
8801,1289.43
8902,1263.4
8963,1247.37
8996,1226.37
9011,1214.04
9025,1143.13
9182,1079.57
9319,1051.3
9406,1016.62
9449,987.141
9486,930.609
9571,923.742
9649,922.274
9679,916.374
9746,910.003
9760,890.021
9820,875.106
9823,837.921
9886,791.132
9911,781.697
10050,753.577
10112,737.278
10199,719.18
10211,711.299
10354,694.215
10367,678.965
10419,667.326
10423,666.916
10430,623.542
10521,619.061
10656,603.014
10687,583.745
10731,561.95
10877,552.138
10959,541.567
10963,513.482
11190,507.437
11241,488.716
11316,482.846
11344,467.672
11443,461.632
11494,396.463
11753,376.694
11890,376.205
11922,333.496
11975,332.257
12065,331.159
12203,315.082
12315,311.026
12324,303.506
12366,297.881
12401,293.37
12487,279.999
12601,279.807
12668,272.805
12701,261.233
12841,234.919
12960,217.107
13218,208.761
13233,200.122
13336,196.979
13614,192.582
13686,184.536
13724,180.582
13821,169.373
13913,155.063
14043,144.833
14182,144.412
14211,129.735
14312,120.704
14474,113.669
14661,109.379
14887,106.871
14925,106.201
14963,105.059
