Evaluations,Fitness
1,123.231589
2,17.651504
8,2.114057
10,1.111040
153,0.711756
219,0.435882
343,0.429021
351,0.400200
784,0.399941
985,0.398083
1239,0.398083
1262,0.398062
1297,0.398039
1504,0.398039
1517,0.398039
1565,0.398039
1612,0.398038
1647,0.398036
1886,0.398036
1939,0.398036
2010,0.398036
2024,0.398036
2079,0.398036
2119,0.398036
2253,0.398036
2360,0.398036
2409,0.398036
2436,0.398036
2441,0.398036
2669,0.398036
2682,0.398036
2697,0.398036
2703,0.398036
2892,0.398036
2933,0.398036
3074,0.398036
3327,0.398036
3458,0.398036
3541,0.398036
3544,0.398036
3616,0.398036
3758,0.398036
3779,0.398036
3853,0.398036
4155,0.398036
4218,0.398036
4247,0.398036
4326,0.398036
4420,0.398036
4520,0.398036
4633,0.398036
4693,0.398036
4796,0.398036
4852,0.398036
4856,0.398036
4909,0.398036
4973,0.398036
5127,0.398036
5320,0.398036
5414,0.398036
5518,0.398036
5712,0.398036
5832,0.398033
6046,0.398033
6184,0.398032
6242,0.398032
6290,0.398032
6416,0.398032
6532,0.398032
6551,0.397964
6749,0.397960
6931,0.397957
7128,0.397957
7184,0.397957
7246,0.397957
7447,0.397956
7523,0.397956
7916,0.397956
8049,0.397956
8188,0.397936
8335,0.397936
8349,0.397936
8487,0.397934
8520,0.397932
8524,0.397926
8636,0.397925
8745,0.397925
8774,0.397925
9007,0.397925
9088,0.397925
9102,0.397925
9150,0.397897
9224,0.397897
9246,0.397897
9403,0.397897
9407,0.397896
9503,0.397896
9651,0.397896
9881,0.397896
10016,0.397896
10110,0.397896
10369,0.397896
10427,0.397896
10589,0.397896
10662,0.397896
10714,0.397896
10772,0.397896
10813,0.397896
10900,0.397896
10902,0.397896
11215,0.397896
11345,0.397896
11378,0.397896
11444,0.397896
11489,0.397896
11496,0.397896
11589,0.397896
11595,0.397896
11609,0.397896
11645,0.397896
11753,0.397896
11856,0.397896
11960,0.397896
12021,0.397896
12041,0.397896
12091,0.397896
12254,0.397896
12358,0.397896
12426,0.397896
12847,0.397896
12937,0.397890
13061,0.397890
13102,0.397890
13107,0.397890
13305,0.397890
13578,0.397890
13621,0.397890
13642,0.397890
13800,0.397890
13858,0.397890
13999,0.397890
14012,0.397890
14063,0.397890
14101,0.397890
14265,0.397890
14366,0.397890
14455,0.397890
14481,0.397890
14685,0.397890
14731,0.397890
