Evaluations,Fitness
1,21.5852
2,21.3032
23,21.283
73,21.2586
91,21.199
206,21.1221
245,21.057
391,21.0436
399,21.0379
403,20.8322
501,20.7709
609,20.7361
651,20.7033
705,20.6615
792,20.6068
844,20.5698
864,20.4796
885,20.4681
903,20.3905
933,20.3729
983,20.3535
1050,20.287
1052,20.1945
1087,19.9763
1215,19.9582
1287,19.9466
1305,19.8734
1324,19.7515
1400,19.5737
1412,19.3984
1561,19.2423
1616,19.1464
1682,19.1182
1690,19.0888
1713,19.0851
1724,19.0737
1726,18.9823
1732,18.7153
1810,18.6119
1914,18.552
2012,18.4983
2021,18.374
2033,18.2336
2041,18.0746
2217,17.863
2235,17.838
2308,17.8014
2339,17.6973
2464,17.6317
2473,17.4827
2529,17.4405
2537,17.3479
2612,17.1531
2710,17.1177
2716,17.1011
2766,16.8874
2880,16.6329
2902,16.5371
2903,16.4598
3011,16.3645
3056,16.2501
3106,16.2039
3231,16.1711
3233,16.1325
3235,15.7267
3402,15.6767
3431,15.5673
3539,15.5527
3580,15.3954
3707,15.3801
3715,15.2969
3774,15.2706
3777,15.2434
3784,15.2179
3812,15.0676
3859,15.0429
3902,14.9563
3907,14.9106
3919,14.9012
4026,14.8787
4031,14.8493
4059,14.7743
4115,14.7016
4122,14.5996
4251,14.5435
4296,14.5249
4297,14.4954
4309,14.4575
4385,14.4194
4418,14.3884
4433,14.3458
4483,14.2676
4514,14.246
4546,14.0907
4624,13.9192
4710,13.8626
4886,13.7684
4895,13.7635
4907,13.7162
5016,13.5939
5146,13.5282
5199,13.4448
5284,13.3415
5373,13.23
5428,13.165
5434,13.1608
5469,13.1297
5511,13.1118
5588,13.1071
5602,13.0128
5606,12.958
5634,12.8302
5751,12.7742
5848,12.7278
5867,12.4491
6036,12.2958
6046,12.2838
6116,12.1685
6214,12.0362
6323,11.9231
6420,11.9111
6439,11.8266
6495,11.8149
6558,11.5348
6614,11.4583
6757,11.4188
6761,11.3902
6785,11.3574
6798,11.2942
6815,11.2463
6818,11.2362
6861,10.947
6937,10.74
7080,10.6416
7120,10.6265
7218,10.555
7247,10.491
7317,10.4271
7330,10.3186
7428,10.2494
7488,9.98748
7688,9.90922
7704,9.84882
7826,9.81611
7859,9.8068
7905,9.72105
7942,9.6568
7986,9.6186
8018,9.59051
8021,9.50809
8119,9.49922
8238,9.44679
8247,9.38162
8309,9.23286
8403,9.19398
8415,9.18442
8515,9.16117
8549,9.04085
8704,8.81558
8806,8.72516
8902,8.6298
9036,8.52462
9172,8.38319
9201,8.33293
9282,8.29505
9316,8.25307
9327,8.25301
9424,8.16209
9439,8.0591
9453,7.96097
9605,7.81328
9626,7.72599
9711,7.57978
9722,7.52123
9817,7.5103
9907,7.37261
9948,7.22507
10040,7.1904
10154,7.08956
10206,7.08296
10261,6.84161
10358,6.81959
10416,6.81896
10473,6.71263
10489,6.71053
10555,6.68116
10593,6.55213
10667,6.52326
10733,6.45284
10778,6.40884
10851,6.21745
10925,6.08824
11116,6.01395
11324,5.75194
11531,5.63752
11610,5.59331
11761,5.56298
11789,5.53898
11804,5.47934
11899,5.46721
11961,5.42477
12055,5.42339
12090,5.40245
12110,5.18157
12278,5.10489
12353,5.06192
12434,5.05326
12453,4.98078
12507,4.90021
12553,4.66366
12852,4.58382
12873,4.56208
12875,4.45577
13036,4.4434
13085,4.43448
13129,4.37987
13214,4.30811
13302,4.28699
13313,4.21781
13366,4.15703
13469,4.05561
13642,4.03454
13721,4.01183
13730,3.9595
13780,3.95053
13877,3.86126
13927,3.77988
14139,3.68803
14336,3.6651
14398,3.63712
14450,3.59949
14603,3.59248
14636,3.557
14640,3.51265
14818,3.50387
14918,3.48691
14923,3.46255
