Evaluations,Fitness
1,17.420664
4,8.053358
10,4.228048
18,3.286249
33,3.111042
35,0.922692
136,0.652249
191,0.421054
448,0.405283
695,0.401733
802,0.401401
830,0.401233
843,0.401189
1013,0.401090
1023,0.399690
1121,0.399197
1217,0.399164
1290,0.399132
1404,0.399129
1482,0.399112
1497,0.399052
1530,0.399052
1659,0.399047
1714,0.399047
1823,0.399047
1872,0.399047
1881,0.399047
1892,0.399047
1959,0.399047
2002,0.399047
2060,0.399046
2145,0.399046
2250,0.399046
2471,0.399046
2502,0.399046
2786,0.398086
2985,0.398074
3115,0.398069
3205,0.398063
3300,0.398048
3305,0.398048
3415,0.398048
3466,0.398048
3477,0.397984
3525,0.397984
3642,0.397984
3655,0.397976
3706,0.397939
3723,0.397939
3803,0.397939
3994,0.397938
4000,0.397936
4006,0.397935
4129,0.397935
4338,0.397935
4365,0.397935
4393,0.397935
4502,0.397935
4762,0.397935
4775,0.397935
4880,0.397935
4883,0.397935
4933,0.397935
5216,0.397935
5218,0.397935
5309,0.397935
5401,0.397935
5420,0.397935
5530,0.397935
5662,0.397935
5904,0.397935
6001,0.397935
6022,0.397935
6069,0.397935
6210,0.397935
6382,0.397935
6426,0.397935
6435,0.397935
6491,0.397935
6623,0.397935
6734,0.397935
6802,0.397935
6828,0.397935
6961,0.397935
7220,0.397935
7385,0.397935
7607,0.397935
7717,0.397935
