Evaluations,Fitness
1,5353417320.100101
2,2865398464.087023
4,2756454067.183207
5,1878295263.016389
17,988606767.972429
60,958822460.593948
63,553811080.888801
151,549752434.635926
153,545292218.820376
300,374811804.001173
455,291006561.988100
860,287479599.442741
892,284638780.054990
970,207367296.189322
1260,167638324.728562
1514,167561957.736100
2373,139029290.249744
2545,122630884.251234
3104,120692534.587966
3248,118925178.464189
3262,114115933.765082
3431,109904790.498001
3609,108592489.136567
3894,108557640.533012
3906,106258610.061178
4004,101063728.944974
4291,100872287.058719
4438,100448105.652425
4448,99427085.299868
4532,96805931.167901
4693,94958581.344631
4796,94540176.706705
4816,94346389.080200
4902,90735483.833442
4969,90016534.470103
5009,89334956.563395
5011,87918403.576122
5157,86441187.329114
5225,85678036.042212
5367,84565646.591895
5436,83665838.485021
5437,81774918.288955
5617,81288459.764520
5650,81108693.958473
5727,80605146.209459
5737,79721868.807250
5789,78885052.552976
5805,76852471.855408
5940,75397853.601867
6021,74707409.070117
6128,74343880.925029
6130,73172829.921332
6206,72100461.036636
6219,71408138.049404
6407,71377135.535277
6412,69083874.892167
6488,68825771.536933
6588,67649975.439127
6606,66796501.766803
6707,65436374.809186
6858,64913792.762535
6916,63081908.247964
7036,62185841.683250
7190,62084728.812369
7205,61090405.780001
7218,60981788.967058
7310,59908363.837801
7342,59823237.488090
7375,59240257.462403
7510,57506141.981978
7645,56821898.336588
7809,56656910.746392
7821,55992850.946184
7823,55889239.608842
7952,55356762.797058
8058,55046164.428720
8093,54362531.250802
8157,54233882.503945
8175,54091906.824578
8177,54038457.474353
8235,53536374.236213
8397,53038595.401437
8485,53007094.042423
8523,51164428.413688
8835,50136291.144879
9029,50084284.136003
9138,49519465.445089
9236,49250375.489911
9247,49093121.712863
9302,48434674.917953
9431,48126485.421086
9674,48102956.080196
9693,47351387.304216
9695,47137202.962272
9803,46596221.619675
9911,46164608.410127
9924,45946197.358096
10034,45326749.356461
10168,44982227.518037
10215,44936713.853330
10365,44433366.185741
10395,43942964.193634
10413,43539719.253019
10600,43373709.712785
10691,43088787.014499
10889,42137981.527558
11045,41466697.780640
11078,41451511.716742
11139,40832251.278947
11154,40006974.217777
11424,39736609.021824
11433,39162488.695706
11531,39120631.746121
11757,39084858.811133
11828,39072614.209640
11853,39031778.407449
11918,38967482.504394
11947,38658236.842491
12019,38533065.621377
12109,38472757.317913
12140,38087933.705823
12320,37813649.671591
12366,37641403.935259
12416,37222243.313476
12463,37021489.581604
12641,36855300.649595
12705,36814866.805647
12788,36696130.836592
12809,35890436.238405
13021,35280072.656363
13104,35183289.412361
13278,35165911.631404
13293,34970486.091489
13427,34846462.517082
13438,34809384.732691
13456,34664668.627010
13488,34564450.028993
13511,34308059.693960
13589,33788352.195381
13698,33684760.837774
13810,33091915.887516
13852,32736544.884345
14154,32558976.971462
14168,32181345.477952
14392,32005607.395078
14534,30600119.064156
14633,30536355.134807
14706,30534098.360423
14880,30518346.520610
14894,30375924.832690
14939,30184333.273899
14967,30150371.910911
