Evaluations,Fitness
1,1591.61
3,1511.95
4,1507.95
5,1435.24
10,1379.73
21,1352.44
22,1308.12
24,1303.38
53,1253.89
60,1176.56
129,1162.32
213,1156.95
218,1148.37
280,1125.31
284,1104.56
309,1085.08
359,1075.65
372,991.704
496,956.409
536,952.751
542,931.55
571,893.698
608,835.256
704,834.567
735,827.941
804,780.528
877,767.092
951,737.578
1115,725.603
1134,642.848
1249,632.394
1263,627.326
1331,609.183
1342,606.517
1439,528.096
1678,483.665
1922,463.559
2062,461.252
2076,459.65
2103,458.086
2116,457.604
2127,454.823
2145,408.873
2233,394.953
2314,394.716
2323,392.773
2344,380.824
2363,363.921
2464,360.145
2530,332.751
2662,319.798
2712,317.551
2847,304.593
2912,297.654
2932,283.907
2939,283.365
2985,272.904
3101,257.117
3279,245.276
3311,244.607
3408,242.325
3527,236.586
3532,203.838
3717,198.113
3725,197.659
3841,183.109
3992,179.556
4190,169.508
4312,168.891
4320,166.248
4378,163.735
4437,161.16
4483,157.355
4700,151.323
4745,148.531
4868,148.319
5003,147.845
5016,146.973
5034,146.653
5053,143.463
5108,137.894
5220,136.616
5240,135.594
5333,134.764
5412,134.576
5433,133.781
5547,132.511
5599,124.556
5698,124.389
5784,123.972
5853,121.049
5948,117.759
6005,115.743
6013,113.262
6364,112.392
6413,110.343
6642,109.093
6692,108.151
6742,106.884
6759,106.872
6767,106.767
6773,103.068
7005,102.507
7090,101.796
7132,101.292
7228,101.211
7245,101.103
7340,98.6349
7410,97.345
7513,97.2999
7570,96.5236
7611,95.2204
7728,94.4975
7773,92.4843
7949,90.5285
8028,89.4911
8139,87.3901
8370,86.4718
8422,85.6653
8559,85.655
8565,82.8186
8741,81.0909
8900,80.9988
8968,80.9414
8986,80.1605
9038,77.8534
9064,76.5627
9234,76.1765
9260,76.0749
9324,75.8531
9377,75.0512
9420,74.3613
9592,73.6827
9636,72.9999
9692,72.8853
9714,72.7779
9730,72.4244
9745,71.944
9893,70.8658
9929,70.6405
9934,70.4214
10089,69.7142
10153,69.3946
10293,68.2251
10529,66.4361
10551,66.0224
10629,65.7784
10953,63.5479
11064,63.2121
11310,62.1986
11623,62.1453
11725,61.2663
11841,60.3811
11909,60.3171
12117,60.0589
12149,59.84
12161,59.6933
12191,58.9245
12267,58.4697
12575,57.5442
12693,57.4228
12747,57.0658
12858,56.1665
13292,55.8941
13294,55.8885
13442,55.5312
13562,55.08
13772,54.7102
14107,54.6257
14114,54.6255
14124,54.3327
14204,54.3211
14292,54.1726
14368,54.1444
14398,54.0269
14438,54.012
14523,53.8468
14568,53.3807
14841,53.2854
14851,52.7535
