Evaluations,Fitness
1,499.986
2,497.721
4,497.39
9,497.243
13,484.245
24,28.0872
36,16.7895
93,8.84777
125,8.84774
406,8.84299
486,8.8409
554,7.06224
682,6.90716
814,6.90335
912,6.90334
980,6.90334
1016,6.90334
1074,6.90334
1183,6.90334
1227,6.90334
1418,6.90334
1478,6.90334
1534,6.90334
1585,6.90334
1609,6.90334
1621,6.90334
1635,6.90334
1753,6.90334
1822,6.90334
1827,6.90334
1830,6.90334
1917,6.90334
2010,6.90334
2150,6.90334
2354,6.90334
2520,6.90334
2542,6.90334
2749,6.90334
2839,6.90334
2841,6.90334
2853,6.90334
2934,6.90334
3051,6.90334
3169,6.90334
3307,6.90334
3333,6.90334
3403,6.90334
3430,6.90334
3501,6.90334
3547,6.90334
3658,6.90334
4046,6.90334
4261,6.90334
4794,6.90334
