Evaluations,Fitness
1,21.3022
3,21.0698
12,20.9561
60,20.9158
95,20.8549
168,20.8004
197,20.7799
222,20.7389
291,20.6972
308,20.6952
328,20.4818
456,20.3181
536,20.0004
715,19.7938
864,19.7331
920,19.6273
929,19.6173
932,19.5012
1006,19.3523
1048,19.2843
1052,19.1877
1156,18.9582
1158,18.9469
1202,18.6712
1309,18.3786
1424,18.2454
1470,18.1532
1535,18.0762
1549,18.0728
1621,17.8381
1704,17.7586
1810,17.6263
1846,17.3806
1852,17.3075
2002,17.2743
2010,17.1602
2031,17.1445
2050,17.1095
2065,17.009
2112,16.8742
2229,16.8023
2296,16.5403
2320,16.2442
2347,15.9894
2402,15.9889
2471,15.9358
2599,15.8157
2606,15.5658
2722,15.5107
2724,15.2203
2901,15.149
2907,15.1078
3064,14.9546
3102,14.9278
3123,14.9165
3125,14.8464
3191,14.6954
3262,14.6953
3297,14.6179
3305,14.5772
3319,14.4889
3423,14.4765
3426,14.3516
3474,14.328
3525,14.274
3605,14.1635
3637,14.0842
3720,14.0171
3814,13.9368
3885,13.9235
3887,13.8689
3907,13.8645
3918,13.832
3940,13.7773
4026,13.7581
4080,13.676
4107,13.5573
4207,13.4243
4212,13.2384
4378,13.145
4409,13.0966
4448,12.9351
4509,12.8137
4553,12.7975
4610,12.6217
4640,12.5563
4738,12.5487
4745,12.3443
4810,12.1702
4904,12.1166
5003,12.0355
5038,11.8613
5065,11.4318
5214,11.3348
5307,11.2682
5342,11.1379
5444,11.0066
5511,10.7837
5523,10.7413
5606,10.7088
5628,10.6419
5730,10.5144
5820,10.4533
5877,10.4249
5895,10.3546
5908,10.3297
5920,10.1062
5928,10.0803
5946,10.032
6011,9.96281
6071,9.8787
6101,9.82124
6164,9.80492
6175,9.76933
6181,9.67296
6222,9.53199
6315,9.48458
6350,9.43533
6410,9.43299
6414,9.40962
6426,9.35499
6458,9.10693
6598,9.10079
6622,9.07675
6685,9.0005
6725,8.74241
6842,8.59172
6935,8.2795
7117,8.16556
7231,8.05736
7276,7.68373
7377,7.588
7471,7.55108
7531,7.43713
7690,7.3408
7782,7.31258
7813,7.20852
7839,7.15985
7925,7.08019
8013,7.06634
8044,7.00585
8063,6.89511
8105,6.81774
8164,6.78722
8179,6.54293
8408,6.50563
8409,6.50295
8451,6.3339
8516,6.25274
8532,6.13876
8609,6.02256
8784,5.92296
8817,5.82305
8835,5.73608
8910,5.64445
8956,5.61796
9038,5.46924
9298,5.31737
9331,5.26492
9403,5.12628
9561,5.12288
9581,5.07584
9609,5.04822
9634,4.95995
9769,4.87726
9832,4.84629
9910,4.80555
9914,4.79651
9917,4.72058
9950,4.6639
10043,4.64676
10087,4.64104
10108,4.57925
10119,4.56657
10137,4.50105
10331,4.49667
10378,4.42906
10451,4.41157
10487,4.31167
10626,4.28214
10636,4.28212
10703,4.18271
10766,4.17656
10809,4.1721
10842,4.11827
10871,4.10964
10903,4.04313
10937,4.0032
11064,3.98554
11111,3.92588
11144,3.57969
11462,3.50847
11687,3.44704
11807,3.40281
11853,3.35369
12005,3.34339
12008,3.31597
12032,3.29949
12039,3.26464
12135,3.20635
12239,3.19881
12301,3.1591
12308,3.11917
12410,3.06236
12439,3.04813
12523,3.01369
12530,2.97485
12719,2.94101
12782,2.93456
12807,2.91201
12915,2.89683
12927,2.81531
12956,2.79463
13027,2.7665
13098,2.74571
13242,2.74296
13387,2.70561
13433,2.6776
13519,2.64003
13671,2.63642
13716,2.59206
13862,2.57581
13904,2.56363
13916,2.52849
14113,2.41829
14484,2.35856
14663,2.35262
14827,2.34611
14879,2.30258
