Evaluations,Fitness
1,11.2091
4,6.05293
6,3.58551
45,1.49294
87,1.45535
124,0.742925
314,0.664413
386,0.604884
482,0.491879
562,0.470588
634,0.46459
674,0.443266
694,0.414584
846,0.402699
965,0.402002
980,0.401958
1255,0.401795
1329,0.401794
1376,0.401134
1513,0.401105
1532,0.401076
1638,0.400966
1702,0.400628
1801,0.400582
1835,0.400372
1911,0.400339
1989,0.400283
2096,0.400253
2098,0.400229
2144,0.400221
2147,0.398424
2276,0.398292
2424,0.398261
2426,0.398258
2469,0.398244
2560,0.398194
2610,0.397904
2898,0.397903
2940,0.397902
3011,0.397898
3226,0.397898
3304,0.397898
3523,0.397898
3600,0.397897
3752,0.397897
3905,0.397897
3917,0.397897
3941,0.397897
4338,0.397897
4401,0.397897
4512,0.397897
4591,0.397897
4641,0.397897
4715,0.397897
4756,0.397897
4939,0.397897
4993,0.397897
5050,0.397897
5075,0.397897
5107,0.397897
5253,0.397897
5323,0.397897
5341,0.397897
5343,0.397897
5391,0.397897
5428,0.397897
5452,0.397897
5539,0.397897
5617,0.397897
5666,0.397897
5730,0.397897
5814,0.397897
5967,0.397897
6057,0.397897
6105,0.397897
6304,0.397897
6307,0.397897
6409,0.397897
6413,0.397897
6604,0.397897
6756,0.397897
6835,0.397897
6873,0.397897
6986,0.397897
6989,0.397897
7109,0.397897
7213,0.397897
7506,0.397897
7510,0.397897
