Evaluations,Fitness
1,-2.288781
10,-2.440079
11,-3.549760
57,-3.739195
266,-3.790227
417,-3.823232
611,-3.823686
706,-3.831802
791,-3.835650
893,-3.836810
903,-3.838384
917,-3.839966
967,-3.860707
1139,-3.860707
1228,-3.860766
1362,-3.860834
1442,-3.861070
1495,-3.861833
1692,-3.861862
1715,-3.861939
1839,-3.861947
1872,-3.861947
1916,-3.862026
2001,-3.862053
2025,-3.862089
2082,-3.862431
2128,-3.862434
2363,-3.862434
2424,-3.862703
2638,-3.862703
2649,-3.862755
2802,-3.862760
2948,-3.862760
3006,-3.862760
3118,-3.862760
3145,-3.862760
3211,-3.862760
3270,-3.862760
3370,-3.862760
3557,-3.862760
3593,-3.862761
3647,-3.862761
3707,-3.862761
3800,-3.862761
3830,-3.862761
3960,-3.862761
4012,-3.862761
4019,-3.862761
4140,-3.862761
4154,-3.862768
4284,-3.862768
4315,-3.862768
4323,-3.862768
4435,-3.862769
4455,-3.862769
4469,-3.862769
4531,-3.862769
4659,-3.862769
4708,-3.862769
4721,-3.862769
4963,-3.862769
5095,-3.862769
5122,-3.862769
5286,-3.862769
5360,-3.862769
5515,-3.862769
5583,-3.862769
5594,-3.862769
5612,-3.862769
5756,-3.862773
5921,-3.862774
6002,-3.862774
6070,-3.862774
6128,-3.862774
6163,-3.862779
6232,-3.862780
6397,-3.862780
6434,-3.862780
6539,-3.862780
6543,-3.862781
6576,-3.862781
6823,-3.862781
6842,-3.862781
6903,-3.862781
6958,-3.862781
7095,-3.862781
7236,-3.862781
7270,-3.862781
7357,-3.862781
7508,-3.862781
7517,-3.862781
7564,-3.862781
7608,-3.862781
7974,-3.862781
8050,-3.862781
8103,-3.862781
8124,-3.862781
8131,-3.862781
8213,-3.862781
8262,-3.862781
8490,-3.862781
8602,-3.862781
8696,-3.862781
8724,-3.862781
8748,-3.862781
8974,-3.862781
9021,-3.862781
9037,-3.862782
9150,-3.862782
9211,-3.862782
9218,-3.862782
9329,-3.862782
9483,-3.862782
9735,-3.862782
9756,-3.862782
9848,-3.862782
9878,-3.862782
9947,-3.862782
10026,-3.862782
10215,-3.862782
10405,-3.862782
10474,-3.862782
10519,-3.862782
10567,-3.862782
10686,-3.862782
10770,-3.862782
10826,-3.862782
10842,-3.862782
10939,-3.862782
11026,-3.862782
11270,-3.862782
11426,-3.862782
11436,-3.862782
11519,-3.862782
11646,-3.862782
11816,-3.862782
11864,-3.862782
12054,-3.862782
12275,-3.862782
12455,-3.862782
12527,-3.862782
12660,-3.862782
12703,-3.862782
12854,-3.862782
12861,-3.862782
12962,-3.862782
13067,-3.862782
13311,-3.862782
13465,-3.862782
13502,-3.862782
13746,-3.862782
13842,-3.862782
14330,-3.862782
