Evaluations,Fitness
1,2766.357856
7,2505.794695
8,2379.281335
14,2175.618786
32,1689.433965
204,1659.250562
224,1625.499960
316,1456.123122
439,1346.281278
564,1198.607317
633,1151.940066
695,1067.824082
705,1037.906767
753,1004.235764
857,1003.572898
861,930.481276
905,918.578562
935,883.033723
1010,881.178064
1018,803.906442
1120,799.558280
1141,712.299912
1259,710.050795
1285,634.694291
1401,607.637405
1404,597.282180
1539,581.577792
1552,574.576211
1557,512.611423
1678,505.161458
1714,480.620017
1730,467.863842
1743,440.000756
1860,424.212402
1924,394.003861
2005,366.823565
2014,358.254062
2083,354.869751
2127,349.439838
2135,314.908427
2204,312.662565
2341,305.162042
2364,301.535610
2383,295.806760
2437,281.177640
2509,268.672169
2556,261.242829
2575,241.015711
2701,239.703919
2724,218.390454
2884,218.218579
2940,211.388419
2978,211.151052
2979,208.910658
3039,192.353776
3129,190.122593
3217,187.523478
3305,169.936544
3473,164.049185
3484,163.882322
3546,163.091863
3549,160.513679
3604,155.570661
3677,155.451071
3701,153.390216
3711,151.793471
3733,147.009298
3808,146.653330
3919,139.168261
3955,138.936071
4005,138.586037
4008,133.223552
4014,130.061508
4110,129.307235
4167,121.367408
4408,118.681147
4501,117.347958
4616,111.606777
4685,106.683515
4824,105.364546
4830,104.371267
4890,103.641828
4895,101.622528
4912,99.646903
5030,97.498658
5042,96.795655
5103,96.014961
5135,95.626565
5171,94.583643
5201,91.828396
5308,88.492908
5355,87.834800
5454,86.277984
5471,85.012324
5473,83.701167
5537,83.305850
5581,81.821998
5628,81.791267
5632,81.511880
5677,78.670657
5686,75.040711
5783,74.429037
5809,73.518270
5836,72.804790
5837,70.989610
5856,70.286182
5860,70.283815
6001,67.734565
6029,66.276115
6093,62.736384
6302,62.654730
6328,60.761619
6355,59.131040
6405,57.825282
6413,55.859109
6610,54.679400
6622,54.620266
6714,53.418369
6715,53.054921
6800,51.520367
6805,50.910229
6898,49.282116
6964,47.967568
7007,47.747397
7032,47.682337
7042,46.914144
7066,43.265598
7194,42.085041
7306,40.698042
7352,39.412788
7368,39.275393
7425,38.400926
7452,37.947633
7471,37.772149
7521,36.469707
7604,36.445069
7612,35.061604
7632,34.506902
7657,34.272829
7735,34.142454
7747,32.245998
7779,32.052846
7809,30.959285
7905,29.864048
7907,27.283400
8029,26.442052
8058,26.070616
8117,25.235878
8163,24.047655
8295,23.414824
8382,22.843246
8412,22.678174
8473,22.587451
8499,20.145806
8535,20.001002
8582,19.934523
8601,19.619515
8603,18.990948
8660,18.452378
8707,18.323175
8784,18.218647
8812,17.981633
8857,17.818049
8945,17.668358
8964,17.651655
8971,17.567016
8988,17.422542
9010,16.998229
9068,16.195849
9112,15.733883
9190,15.122744
9299,15.113678
9328,14.984201
9338,14.719626
9340,13.899096
9452,13.836092
9465,12.895146
9529,12.872479
9581,12.746929
9600,12.743212
9607,12.569011
9617,12.108999
9621,11.890253
9706,11.889081
9722,10.935920
9748,10.827141
9760,10.390827
9831,10.329378
9959,9.582078
10031,9.537424
10107,8.348048
10386,7.578896
10490,7.262349
10570,6.694219
10631,6.659200
10803,6.534833
10866,6.515921
10939,6.341087
11050,6.270036
11165,6.213942
11234,5.951060
11326,5.730411
11437,5.680217
11439,5.400328
11621,5.373493
11670,5.327170
11682,5.317360
11720,5.073898
11790,5.068992
11800,5.056694
11816,4.854936
11929,4.718815
11958,4.635159
11968,4.634077
12024,4.412642
12164,4.292544
12360,4.246161
12368,4.233685
12413,4.167052
12438,4.061851
12539,4.008704
12584,3.749049
12767,3.710230
12776,3.538240
13000,3.462565
13053,3.304482
13116,3.248607
13259,3.156564
13428,3.133726
13442,3.116310
13509,3.054168
13541,3.013349
13676,2.840729
13723,2.709590
13816,2.645656
13996,2.607500
14020,2.599103
14041,2.457469
14109,2.357249
14210,2.246960
14213,2.229328
14325,2.174479
14356,2.076224
14410,2.026731
14688,1.907972
14767,1.887820
14913,1.869173
