Evaluations,Fitness
1,1402.160673
2,379.269650
4,-0.082940
9,-0.179786
69,-0.412228
108,-0.847351
227,-0.847928
274,-0.894476
300,-0.998198
327,-1.010597
436,-1.015099
561,-1.023120
612,-1.026314
850,-1.027571
909,-1.027896
957,-1.028581
998,-1.028589
1014,-1.028665
1103,-1.028928
1139,-1.031068
1560,-1.031368
1703,-1.031551
1807,-1.031620
2367,-1.031621
2385,-1.031621
2417,-1.031621
2509,-1.031621
2652,-1.031621
2757,-1.031621
2936,-1.031621
3164,-1.031621
3405,-1.031621
3441,-1.031621
3583,-1.031621
3622,-1.031621
4014,-1.031621
4035,-1.031621
4145,-1.031621
4464,-1.031621
4494,-1.031621
4501,-1.031621
4518,-1.031621
4715,-1.031621
4721,-1.031621
4729,-1.031621
4809,-1.031621
4827,-1.031621
4833,-1.031621
4869,-1.031621
5023,-1.031621
5034,-1.031621
5327,-1.031621
5432,-1.031621
5746,-1.031621
5866,-1.031628
6023,-1.031628
6087,-1.031628
6195,-1.031628
6256,-1.031628
6337,-1.031628
6369,-1.031628
6466,-1.031628
6638,-1.031628
6708,-1.031628
6825,-1.031628
6858,-1.031628
6921,-1.031628
7026,-1.031628
7115,-1.031628
7193,-1.031628
7227,-1.031628
7293,-1.031628
7361,-1.031628
7435,-1.031628
7715,-1.031628
7778,-1.031628
8080,-1.031628
8096,-1.031628
8145,-1.031628
8212,-1.031628
8458,-1.031628
8837,-1.031628
9050,-1.031628
9115,-1.031628
9173,-1.031628
9195,-1.031628
9310,-1.031628
9328,-1.031628
9371,-1.031628
9397,-1.031628
9540,-1.031628
9613,-1.031628
9733,-1.031628
9763,-1.031628
9791,-1.031628
9843,-1.031628
10035,-1.031628
10056,-1.031628
10340,-1.031628
10362,-1.031628
10469,-1.031628
10606,-1.031628
10903,-1.031628
10913,-1.031628
11380,-1.031628
11802,-1.031628
