Evaluations,Fitness
1,78.813931
2,11.071714
10,1.176700
11,-0.953815
148,-0.959106
229,-0.972551
327,-0.973062
465,-0.995107
509,-0.996634
578,-1.021526
857,-1.021697
903,-1.022193
911,-1.028331
928,-1.029020
1060,-1.029198
1122,-1.030602
1306,-1.030615
1345,-1.030651
1461,-1.031013
1538,-1.031015
1602,-1.031061
1705,-1.031061
1710,-1.031066
1720,-1.031067
1764,-1.031068
1834,-1.031069
1873,-1.031097
1965,-1.031107
2089,-1.031124
2180,-1.031259
2281,-1.031284
2406,-1.031285
2460,-1.031288
2487,-1.031295
2907,-1.031295
2944,-1.031309
3128,-1.031311
3164,-1.031313
3235,-1.031317
3322,-1.031318
3481,-1.031318
3507,-1.031321
3614,-1.031321
3719,-1.031321
3741,-1.031321
3748,-1.031384
3808,-1.031386
4023,-1.031387
4068,-1.031388
4078,-1.031388
4172,-1.031389
4227,-1.031390
4331,-1.031546
4454,-1.031546
4522,-1.031551
4709,-1.031556
4844,-1.031559
4857,-1.031566
5013,-1.031566
5048,-1.031566
5050,-1.031566
5092,-1.031567
5172,-1.031567
5304,-1.031567
5337,-1.031567
5505,-1.031567
5514,-1.031567
5662,-1.031567
5694,-1.031567
5878,-1.031567
5896,-1.031567
5966,-1.031567
6104,-1.031567
6118,-1.031567
6119,-1.031567
6240,-1.031567
6361,-1.031567
6401,-1.031567
6460,-1.031567
6487,-1.031567
6613,-1.031567
6621,-1.031567
6667,-1.031567
6888,-1.031567
6908,-1.031567
6964,-1.031567
7027,-1.031567
7156,-1.031567
7231,-1.031567
7250,-1.031567
7373,-1.031567
7375,-1.031567
7422,-1.031567
7428,-1.031567
7565,-1.031567
7607,-1.031567
7609,-1.031567
7692,-1.031567
7842,-1.031567
7877,-1.031567
7991,-1.031567
8074,-1.031567
8131,-1.031567
8145,-1.031567
8510,-1.031567
8653,-1.031567
8680,-1.031567
8721,-1.031567
8816,-1.031567
9016,-1.031567
9047,-1.031567
9102,-1.031567
9260,-1.031567
14066,-1.031596
14217,-1.031596
14422,-1.031596
14470,-1.031596
14614,-1.031596
14736,-1.031596
14905,-1.031596
