Evaluations,Fitness
1,2798.199556
4,2571.255494
6,2547.979342
16,2534.378460
19,2448.008554
25,2177.435100
30,1825.540844
169,1587.247119
302,1474.428815
414,1383.490284
494,1148.745013
651,1100.241079
710,1013.605232
810,975.762531
813,921.825561
935,859.494322
1000,858.129272
1013,851.575892
1017,832.675802
1033,782.042549
1111,759.307053
1130,712.398260
1168,709.135638
1178,640.759792
1304,597.033588
1306,593.802628
1317,581.587573
1321,570.753454
1448,521.088801
1516,512.578591
1542,506.221282
1578,495.230732
1602,428.343939
1743,369.698464
1786,362.470595
1823,339.712528
1906,324.446183
2011,308.442617
2023,292.295172
2129,287.346312
2156,286.511743
2201,285.880199
2210,276.390747
2264,250.688506
2327,241.624398
2331,241.333772
2388,228.973764
2457,216.948060
2520,216.404929
2650,214.688679
2688,206.414052
2791,205.351174
2801,200.760217
2845,190.141423
2919,181.748888
2969,174.940908
3082,174.102988
3104,174.075509
3121,172.564238
3202,172.003575
3203,166.278199
3224,164.599335
3263,156.441152
3282,153.995270
3303,151.432625
3320,146.080508
3424,142.805709
3425,140.636728
3459,140.131899
3489,137.381928
3525,135.439967
3530,128.312018
3573,124.092585
3604,117.339844
3706,116.464708
3782,111.171585
3813,105.587328
3846,99.804985
3987,99.210001
4032,94.983857
4082,88.579475
4102,81.126649
4308,80.159528
4336,77.636040
4347,76.969946
4397,75.776731
4415,74.977030
4440,74.061208
4450,74.003821
4459,69.027015
4590,68.366901
4610,67.642651
4644,67.251785
4695,67.216179
4702,65.245412
4709,63.488091
4743,63.407224
4834,59.028062
4839,57.365378
4905,57.282845
4946,57.220355
4956,57.185908
5016,52.417057
5139,50.752249
5231,49.408978
5328,47.735001
5364,47.451939
5404,47.392040
5408,47.081847
5426,46.280793
5480,44.127366
5504,43.877891
5630,40.540078
5705,39.757815
5769,36.819621
5829,36.708758
5932,35.707149
6008,35.573747
6028,35.055383
6042,34.710177
6056,34.506185
6106,33.832987
6193,32.780439
6207,32.340006
6228,31.358151
6237,29.667909
6393,28.202995
6475,21.826627
6615,21.425765
6782,20.894596
6879,19.958847
7014,19.615032
7035,19.082739
7127,18.550933
7134,18.099778
7218,17.510412
7244,17.311334
7304,16.835371
7392,16.035726
7458,15.125087
7577,14.987043
7606,14.514914
7735,14.207652
7769,13.948292
7841,13.596454
7861,13.545652
7883,13.452700
7930,12.375593
8068,12.049708
8071,11.934046
8161,11.697076
8215,11.323547
8287,11.303059
8289,11.126669
8337,10.866948
8366,9.966364
8424,9.544195
8436,9.490099
8516,9.327765
8634,9.207749
8678,8.710588
8824,7.949142
8873,7.603864
8910,7.120304
9008,6.731367
9302,6.691648
9346,6.514248
9379,5.662163
9626,5.261530
9718,5.189240
9815,5.144344
9862,5.043115
9903,4.918542
9920,4.633105
9970,4.556151
10020,4.458646
10153,4.211001
10319,3.973299
10407,3.903484
10487,3.884098
10503,3.838576
10546,3.772707
10638,3.666839
10686,3.604910
10811,3.494746
10817,3.416866
10821,3.358352
10953,3.047344
11234,2.850571
11401,2.848952
11417,2.801202
11511,2.769435
11635,2.668554
11706,2.655646
11750,2.600722
11754,2.596189
11759,2.527722
11969,2.396959
12059,2.365226
12210,2.331179
12302,2.328914
12307,2.263123
12448,2.254927
12509,2.236446
12535,2.218732
12635,2.125877
12701,2.105426
12890,2.087174
12896,2.056705
12956,2.034767
12962,2.019332
13104,2.010427
13166,2.009119
13234,1.989621
13293,1.958038
13347,1.948167
13367,1.924261
13413,1.901250
13522,1.865432
13685,1.834382
13838,1.827375
13839,1.789037
13971,1.782176
14080,1.736980
14257,1.723526
14273,1.713587
14325,1.708324
14507,1.671076
14609,1.659410
14612,1.628591
14675,1.583149
14763,1.579560
14943,1.556857
