Evaluations,Fitness
1,946958318.713259
16,460417598.280119
245,397136412.976464
388,289963949.890132
508,229487012.033945
1066,227078478.480931
1103,179670312.464348
1442,156586096.008074
1593,139141847.342480
1838,138065071.584068
2102,132846421.363090
2119,119896794.628744
2321,117443770.211034
2407,111772444.609378
2502,106847261.555679
2601,94635810.353393
2844,92366089.187562
3013,91902029.429840
3058,91149294.276835
3171,90468109.352730
3178,89667244.215170
3314,88221481.852682
3394,87578107.407443
3456,86869808.972783
3463,86507761.726667
3567,85527954.065674
3607,84444088.781145
3742,84430498.404747
3793,84116690.842647
3831,83741474.729072
3885,81992759.332871
3901,81919389.489040
4003,80945442.221903
4042,80227529.851508
4139,79589351.100387
4307,79571873.496013
4310,78300654.648957
4474,77962458.553914
4480,77895686.964000
4491,77604310.960576
4494,76834646.394017
4614,76147560.618813
4699,76081341.425282
4724,75469287.075045
4747,75313067.353198
4806,74591435.434127
4893,73886188.434648
4961,73605616.692606
4991,72258789.746179
5005,72238054.277043
5196,71997769.419799
5248,71362361.536560
5288,69070541.115995
5620,67830285.909292
5777,67751689.915902
5784,67742128.795564
5805,67406949.107939
5807,66933041.083676
6006,65277823.678355
6201,65001544.190403
6285,63547974.689261
6626,62916623.747521
6674,62418297.555325
6722,61743553.108378
6875,61552044.213888
6988,61446376.634933
7090,61297201.936369
7147,61234491.286431
7164,60917923.483345
7208,60894602.077566
7260,60507947.697369
7342,60268377.184926
7410,58725568.449584
7608,58288011.482507
7801,58065464.572053
7825,57962810.101734
7831,57946590.604045
7920,57855577.552766
7978,57823284.505221
7984,57769642.074052
7996,56992682.174090
8001,56678662.041334
8022,55417856.869853
8193,54941628.735330
8318,53855350.275025
8535,53598213.858836
8705,53078884.620519
8826,52576168.937256
8841,50852117.921918
9021,50668657.126941
9027,49732106.512934
9298,49625963.124735
9346,49438971.041802
9376,49008405.964120
9452,47558055.834741
9824,47523763.948987
9837,47042610.711856
9945,46886694.387735
10059,46335278.881061
10234,45665228.361882
10465,45397649.851118
10628,45372076.218487
10808,45060609.464938
10934,44551558.136215
11101,44517396.268652
11271,44394567.057311
11283,43942414.746640
11372,43516054.600747
11567,43390951.064451
11568,42394586.981809
11768,42062215.810740
12002,41910853.669502
12024,41178654.591087
12363,40131341.133112
12625,39900269.377318
12706,39575985.945257
13039,39423471.527113
13250,39376048.943380
13259,39342950.889231
13351,39233296.658981
13472,39200478.028512
13506,39099465.412618
13530,38795412.287774
13737,38544584.544887
13921,38280546.160044
13924,38080714.425474
14245,37872598.919571
14366,37825588.942271
14375,37776104.485092
14468,37369863.766875
14638,36742806.100216
14756,36372141.140458
14984,36337904.233574
