Evaluations,Fitness
1,6548405.261084
3,4793368.567624
11,4505942.945728
16,4084688.523324
26,4016957.661521
144,3328049.519032
375,3271957.983376
403,3226464.382259
409,3067772.880768
446,3045163.479902
505,2712617.993477
508,2610126.584101
551,2417345.234863
679,2066208.794963
701,2041834.371577
803,1979932.374385
837,1794855.672047
963,1792175.943348
979,1698462.675674
1042,1585199.914368
1089,1545180.038645
1155,1497285.220894
1158,1373772.170393
1178,1331494.668181
1204,1328955.106250
1261,1305163.895634
1292,1293175.342467
1305,1148966.914760
1416,1104086.718220
1456,1072732.678446
1509,966127.531816
1601,964195.711724
1634,898074.751862
1696,878706.357190
1720,864159.333073
1802,830089.936406
1817,818388.690118
1844,759335.597911
1848,750120.127985
1962,743969.143900
1965,660163.557857
2028,660162.333753
2154,634161.130301
2202,603148.184152
2303,593905.772581
2329,585367.300138
2343,551488.749608
2402,545670.925159
2436,509209.369168
2618,507100.701420
2632,479161.307235
2701,473473.941206
2722,459105.882060
2741,416682.124085
2918,405233.340002
2919,381155.594882
3066,380216.461757
3071,369804.139872
3120,360906.819106
3152,335442.594506
3190,333322.375132
3254,332484.487617
3281,309708.840498
3362,306921.224412
3388,306765.613722
3418,305920.762966
3440,299611.031958
3525,282730.652147
3558,282599.570846
3561,280762.419092
3568,273100.391636
3626,260689.961307
3686,245097.730240
3829,236854.018848
3840,232726.010303
3957,229743.652404
3970,227948.038581
4036,222542.202121
4096,222082.174245
4102,218477.873926
4138,216893.671898
4140,213170.407093
4205,212174.850682
4232,201441.105286
4307,199946.179122
4311,199339.113508
4336,198201.730183
4407,194726.018001
4414,189933.135419
4417,188811.580365
4518,183435.143762
4531,181130.611177
4583,174339.683674
4611,171320.789203
4673,155824.887262
4837,152684.664454
4901,152673.171479
4936,131431.850034
5152,130057.380725
5243,123912.871350
5372,117182.287813
5453,113199.901201
5522,110985.448886
5604,105012.115016
5709,99051.517359
5878,95138.975800
5895,94500.158008
5917,94484.983866
5957,93253.507299
6033,89803.653446
6086,83891.296570
6105,83497.436570
6127,80365.528592
6163,76743.175868
6279,76493.503772
6314,75413.529868
6328,71765.861386
6502,71679.792304
6512,70245.325459
6613,69316.764123
6631,62339.345455
6775,55158.536442
7003,53538.722681
7032,51419.780366
7110,45999.715010
7164,45402.161359
7321,42567.879692
7346,41877.268779
7448,41388.483559
7504,39326.368453
7638,38598.352455
7640,37594.167856
7656,37570.742622
7665,34821.633219
7711,33490.715683
7901,31079.719329
8026,30269.896024
8197,27123.101229
8251,26076.764041
8271,25227.659598
8309,24849.693352
8407,24523.245252
8567,24235.838577
8592,23251.299285
8749,22681.158235
8829,21709.413748
8851,20990.808562
8876,20356.697969
8953,19630.559884
9088,19387.401525
9102,17818.739410
9117,17475.037599
9131,17383.390051
9136,16869.440800
9202,15793.648658
9394,15221.609266
9401,14621.525629
9414,14469.023484
9525,14083.355735
9572,14044.594513
9612,13247.118822
9704,13188.820502
9729,12802.442716
9748,12726.844695
9766,12324.539116
9807,12053.308440
9869,11849.521168
9932,11114.280040
9974,10539.569493
10218,10369.704176
10257,9772.706561
10327,9306.365110
10417,9269.592061
10513,8980.777747
10538,8838.330460
10629,8792.433588
10638,8614.505029
10738,7984.564274
10843,7077.270969
11104,6728.471865
11218,5801.621103
11507,5666.415499
11513,5250.846566
11695,4732.902425
11897,4633.197631
11952,4463.096970
12049,4262.840790
12081,3492.396252
12361,3199.142462
12535,2991.133735
12672,2968.384324
12704,2887.766741
12750,2556.073860
13136,2554.897692
13139,2530.360164
13209,2262.795029
13357,2191.203682
13521,2017.248638
13627,2014.911108
13839,1975.692784
13912,1943.583238
13962,1762.919647
14016,1753.707278
14089,1665.612556
14357,1478.973794
14437,1398.438914
14886,1372.033293
