Evaluations,Fitness
1,1627.07
4,1615.2
5,1444.91
8,1374.98
12,1357.82
24,1284.54
50,1274.89
54,1017.37
218,983.922
351,975.743
431,895.338
622,874.102
730,837.32
802,834.904
804,809.518
822,784.838
950,769.069
953,727.007
1065,705.699
1180,700.811
1228,685.458
1240,684.266
1302,679.322
1305,670.299
1328,627.211
1336,611.893
1423,611.336
1572,562.236
1624,560.315
1675,557.089
1732,549.692
1774,538.091
1840,493.454
1902,490.044
2015,471.71
2079,459.371
2223,455.67
2262,453.003
2309,448.423
2326,438.833
2332,434.049
2376,433.744
2388,424.222
2454,390.969
2502,343.596
2835,342.424
2934,339.851
2951,320.39
3104,294.781
3324,292.467
3348,286.407
3491,278.237
3586,269.201
3604,266.965
3605,254.448
3701,246.786
3710,243.787
3900,230.678
4003,228.869
4084,223.376
4089,217.25
4210,213.85
4313,212.739
4405,209.947
4439,207.084
4510,199.861
4591,199.721
4597,198.146
4711,195.924
4753,192.543
4819,185.924
5013,183.963
5105,179.501
5205,175.882
5410,175.861
5445,174.946
5502,174.14
5505,173.318
5517,173.078
5551,172.483
5556,171.73
5576,163.447
5988,162.639
6023,160.343
6166,160.26
6168,159.468
6362,156.752
6423,155.481
6598,149.901
6706,149.522
6714,148.683
6786,147.153
6816,145.604
6912,144.398
6960,143.743
7015,137.649
7107,137.292
7228,135.497
7304,132.763
7520,130.973
7542,128.742
8011,125.754
8232,125.024
8318,123.66
8449,123.1
8510,122.799
8674,120.122
8857,119.408
8990,116.973
9155,116.044
9319,115.974
9443,112.422
9700,111.689
9702,110.825
10376,110.058
10381,109.88
10414,108.255
10564,107.237
10611,105.466
10745,105.455
10748,105.04
10861,104.705
10954,104.329
10992,103.946
11053,103.773
11086,103.093
11139,102.428
11230,102.269
11311,101.126
11558,100.189
11643,99.4931
11740,99.4928
11886,99.3179
11952,96.3656
12274,96.0181
12474,95.4142
12520,95.2801
12618,94.8813
12648,94.5125
12769,93.6173
12979,93.5666
13107,93.2091
13226,92.9081
13340,92.197
13348,91.1004
13415,90.3914
13541,90.357
13568,89.6025
13667,89.4758
14034,89.2403
14157,88.7159
14361,88.6068
14406,86.6757
14536,85.3045
14911,84.4105
