Evaluations,Fitness
1,-1.69269
2,-2.42674
8,-3.15283
18,-3.22639
41,-3.35406
77,-3.46464
130,-3.72975
247,-3.79754
413,-3.80328
522,-3.80595
560,-3.83398
569,-3.85169
601,-3.85223
696,-3.85415
866,-3.85441
927,-3.8547
929,-3.85478
1009,-3.85642
1121,-3.85649
1215,-3.85649
1235,-3.85652
1294,-3.85656
1379,-3.85656
1404,-3.85656
1410,-3.86178
1685,-3.86178
1717,-3.86184
1719,-3.8619
1829,-3.86206
2108,-3.86227
2226,-3.86227
2238,-3.86229
2309,-3.86235
2398,-3.8625
2428,-3.86251
2430,-3.86252
2706,-3.86252
2761,-3.86252
2764,-3.86252
2831,-3.86252
2836,-3.86252
2852,-3.86252
2945,-3.86252
3053,-3.86252
3104,-3.86252
3300,-3.86252
3410,-3.86252
3465,-3.86252
3486,-3.86258
3526,-3.86258
3602,-3.86258
3718,-3.86258
3722,-3.86258
3755,-3.86258
3821,-3.86258
3930,-3.86258
4027,-3.86258
4047,-3.86258
4113,-3.86258
4158,-3.86258
4220,-3.86258
4343,-3.86258
4423,-3.86258
4501,-3.86258
4524,-3.86258
4796,-3.86258
4807,-3.86258
4816,-3.86258
4823,-3.86258
4930,-3.86258
4979,-3.86272
5126,-3.86272
5169,-3.86273
5243,-3.86273
5396,-3.86274
5508,-3.86275
5609,-3.86275
5853,-3.86275
5952,-3.86275
6009,-3.86275
6020,-3.86275
6045,-3.86275
6064,-3.86275
6072,-3.86277
6274,-3.86277
6310,-3.86277
6334,-3.86277
6511,-3.86277
6706,-3.86277
6750,-3.86277
6853,-3.86277
7057,-3.86277
7118,-3.86277
7267,-3.86277
7331,-3.86277
7437,-3.86277
7507,-3.86277
7513,-3.86277
7606,-3.86277
7704,-3.86277
8008,-3.86277
8015,-3.86277
8160,-3.86277
8236,-3.86277
8311,-3.86277
8539,-3.86278
8708,-3.86278
8801,-3.86278
9026,-3.86278
9205,-3.86278
9425,-3.86278
9528,-3.86278
9590,-3.86278
9607,-3.86278
9643,-3.86278
9711,-3.86278
9946,-3.86278
9968,-3.86278
10108,-3.86278
10231,-3.86278
10343,-3.86278
10401,-3.86278
10538,-3.86278
10618,-3.86278
10659,-3.86278
10721,-3.86278
10732,-3.86278
10773,-3.86278
10812,-3.86278
10890,-3.86278
10967,-3.86278
11004,-3.86278
11066,-3.86278
11116,-3.86278
11242,-3.86278
11248,-3.86278
11346,-3.86278
11523,-3.86278
11556,-3.86278
11774,-3.86278
11775,-3.86278
11885,-3.86278
11902,-3.86278
12019,-3.86278
12080,-3.86278
12205,-3.86278
12297,-3.86278
12399,-3.86278
12444,-3.86278
12490,-3.86278
12683,-3.86278
12711,-3.86278
12935,-3.86278
12958,-3.86278
13016,-3.86278
13066,-3.86278
13142,-3.86278
13240,-3.86278
13351,-3.86278
13401,-3.86278
13407,-3.86278
13534,-3.86278
13701,-3.86278
13733,-3.86278
13837,-3.86278
13877,-3.86278
13910,-3.86278
14014,-3.86278
14061,-3.86278
14169,-3.86278
14212,-3.86278
14318,-3.86278
14319,-3.86278
14435,-3.86278
14444,-3.86278
14562,-3.86278
14591,-3.86278
14607,-3.86278
14685,-3.86278
14702,-3.86278
14904,-3.86278
14984,-3.86278
