Evaluations,Fitness
1,943876953.779258
7,783332026.814730
13,723550371.007059
19,525730769.385980
137,437228440.219744
227,422613200.089215
260,411515992.807389
313,376746633.757452
352,368654294.782474
448,368073308.066089
456,366784181.551923
474,338088507.529361
519,298464000.908285
522,297404903.961465
595,292689784.203376
615,281193769.353023
627,250689267.529636
709,246362014.500691
738,228514564.829963
804,180332826.478719
831,178755780.750300
942,176241357.698319
964,167240780.241277
1015,152715835.187481
1024,149409199.188255
1064,147892434.543379
1087,133131675.084932
1109,132345491.779957
1123,127794129.353865
1144,121363886.715619
1178,96331733.012983
1302,93140279.348332
1326,86835433.379486
1344,86370276.406642
1393,77791894.690103
1425,71898795.080659
1431,70447632.780578
1499,66257925.266188
1505,65321674.821212
1508,62056248.122254
1599,56760063.444698
1676,56127111.895220
1681,55073145.628548
1754,50753285.320831
1788,46214795.700085
1803,44796120.517186
1875,43603667.008213
1905,40621299.915691
1967,32148065.871363
2065,32127457.450290
2119,23940796.483039
2260,21855220.158133
2309,20653367.635383
2316,19832287.752640
2478,15524863.928048
2537,15353587.762521
2627,12990454.430205
2916,11029580.656118
3074,9742829.603256
3093,9666142.290698
3261,9502662.146700
3300,7923748.089267
3442,7471221.309837
3476,7331773.289745
3489,7240147.473774
3550,6695020.765138
3572,6574290.080618
3613,6281560.333798
3615,6253912.644786
3779,6030980.616296
3803,5342851.125500
4001,5001809.383224
4092,4984319.464601
4120,4763677.047275
4188,4513096.294091
4291,4407887.616774
4308,4313098.507926
4310,4258095.775200
4312,4043711.030423
4337,4040262.614527
4526,3814306.036742
4540,3691892.314382
4552,3553979.218963
4610,3461592.264829
4628,2883834.068724
4781,2699775.462957
4930,2544085.869268
5040,2465645.193849
5204,2275633.461031
5241,2216587.500656
5296,2133938.269630
5314,2126148.314692
5394,2088828.648147
5408,1959511.634704
5420,1880818.535042
5512,1805895.293769
5537,1768630.410780
5540,1751953.840016
5602,1746660.525789
5604,1698349.424990
5663,1591680.478248
5744,1519157.962063
5814,1504894.914617
5821,1485595.190416
5906,1458275.059086
5919,1231436.235431
6013,1186378.096007
6213,1141858.524110
6215,1138259.493419
6234,1135240.653841
6281,1020518.486912
6337,999067.924643
6345,987557.637275
6447,943308.460471
6455,915729.861473
6529,885785.497869
6546,785047.502154
6631,780937.228048
6690,704997.395654
6706,703983.413705
6756,696216.882340
6757,651642.565007
6876,649519.291250
6895,639842.164121
6913,637325.662003
6915,536449.081914
7161,513857.171323
7220,487677.609093
7299,470318.691383
7389,459781.109104
7413,444591.367614
7418,422333.586742
7509,418287.625471
7522,401386.744544
7547,399631.647063
7564,399560.457441
7616,375800.931281
7733,335808.402836
7843,335435.404778
7867,298579.772260
8016,293153.796701
8019,285096.156570
8117,283089.169571
8120,266812.763198
8166,207634.539826
8407,193023.449194
8533,190077.659829
8593,189317.037909
8624,182430.316712
8723,172238.705404
8756,167205.891177
8803,161099.197260
8825,156175.605407
8838,154671.027402
8950,153037.664085
9036,137235.375304
9212,131278.948648
9252,130032.049927
9306,114340.809088
9448,114229.378242
9513,107543.040046
9527,106392.944708
9603,92903.799648
9809,78277.872524
10102,72033.432164
10245,66974.503589
10321,64622.427586
10325,60704.688468
10534,60660.361067
10648,60236.584564
10658,59463.309202
10693,56506.043932
10698,53090.444834
10844,52475.194905
10914,52354.003926
10925,48582.447904
10972,48395.784628
11080,46873.389935
11106,44802.664889
11174,42321.595793
11211,42086.413005
11305,40909.818486
11325,35589.879188
11532,35567.644806
11547,35553.676244
11563,35167.289429
11569,34834.341359
11629,33227.074784
11697,27701.179599
11748,25303.614953
11775,25087.374666
11948,24906.993267
12026,23834.626163
12036,22308.862566
12186,20699.725419
12408,20659.393981
12419,19821.069581
12468,18385.991732
12667,17782.056900
12766,17252.770267
12806,16896.525074
12859,16453.641063
12920,15004.518761
13009,13533.350084
13140,12656.044969
13210,12315.158942
13254,12268.630154
13256,12206.447013
13316,11573.290659
13423,11305.138820
13504,11067.247688
13527,10571.826694
13679,10298.185287
13699,9873.928688
13720,9659.839003
13766,9588.265675
13890,9370.789369
13902,9092.110113
14020,8162.361048
14183,8005.967707
14216,7632.164353
14375,6930.994897
14544,6803.492561
14567,6780.044646
14700,5335.841458
14804,4999.091531
