Evaluations,Fitness
1,908.209020
7,824.867145
14,237.543346
15,3.078987
227,3.078019
415,3.051752
550,3.050056
553,3.028802
704,3.028500
935,3.020647
981,3.017083
983,3.014648
1103,3.013333
1133,3.012342
1205,3.011067
1246,3.009841
1306,3.009170
1485,3.008340
1659,3.007410
1661,3.006681
1672,3.006457
1809,3.006454
1917,3.006433
1932,3.006401
1945,3.005729
2024,3.005715
2052,3.005697
2090,3.005645
2172,3.005262
2218,3.005220
2353,3.005216
2448,3.005204
2503,3.005195
2568,3.005186
2662,3.005186
2737,3.005186
2848,3.005186
2850,3.005183
3019,3.005183
3104,3.005183
3374,3.005183
3381,3.005183
3385,3.005183
3428,3.005183
3451,3.005183
3494,3.005183
3560,3.005183
3576,3.005183
3641,3.005183
3653,3.005183
3746,3.005183
3786,3.005183
3891,3.005183
3925,3.005183
4037,3.005183
4194,3.002761
4382,3.002719
4520,3.002699
4595,3.002698
4636,3.002698
4704,3.002697
4792,3.002696
4801,3.002694
5019,3.002694
5148,3.002694
5249,3.002211
5472,3.002206
5507,3.002204
5524,3.002203
5783,3.002203
5795,3.002202
5954,3.002202
6006,3.002202
6134,3.002202
6167,3.002202
6309,3.002202
6341,3.002202
6416,3.002202
6463,3.002202
6483,3.002202
6489,3.002202
6497,3.002202
6855,3.002202
6893,3.002202
6927,3.002202
6983,3.002202
7009,3.002202
7125,3.002202
7228,3.002202
7237,3.001999
7529,3.001999
7551,3.001985
7575,3.001236
7610,3.001198
7732,3.001154
7921,3.001137
8108,3.001135
8331,3.001135
8359,3.001135
8625,3.001135
8671,3.001119
8812,3.001119
8837,3.000432
9216,3.000405
9317,3.000396
9377,3.000148
9396,3.000146
9444,3.000139
9609,3.000131
9644,3.000126
9710,3.000119
9881,3.000119
10017,3.000118
10115,3.000118
10210,3.000118
10261,3.000118
10268,3.000118
10313,3.000118
10343,3.000118
10403,3.000118
10729,3.000118
10803,3.000118
10818,3.000118
10851,3.000118
10901,3.000118
11128,3.000118
11182,3.000118
11307,3.000118
11444,3.000118
11598,3.000118
11608,3.000118
11620,3.000118
11788,3.000118
11820,3.000118
11937,3.000118
12108,3.000118
12141,3.000118
12231,3.000118
12344,3.000118
12357,3.000118
12462,3.000118
12492,3.000118
12744,3.000118
12895,3.000118
12904,3.000118
13102,3.000118
13104,3.000118
13157,3.000118
13218,3.000118
13276,3.000118
13557,3.000118
