Evaluations,Fitness
1,4.32428e+06
19,4.26226e+06
77,4.05945e+06
169,3.86605e+06
213,3.71731e+06
280,3.29728e+06
386,2.97272e+06
508,2.6811e+06
608,2.65869e+06
609,2.21795e+06
715,2.16573e+06
853,2.07252e+06
941,2.05229e+06
948,2.0168e+06
949,1.93477e+06
965,1.91958e+06
1029,1.5964e+06
1077,1.43746e+06
1112,1.40418e+06
1158,1.30153e+06
1315,1.26403e+06
1325,1.16899e+06
1332,1.05442e+06
1501,914810
1572,907154
1603,885744
1717,878907
1719,835386
1751,782292
1812,756986
1819,749264
1909,740935
1916,717571
1953,679119
2023,667467
2057,653733
2098,627908
2107,622964
2136,592640
2231,502693
2355,496541
2469,494548
2526,489257
2527,484342
2554,471212
2636,457563
2703,450755
2728,443645
2753,426784
2803,420653
2917,416672
2918,411370
3001,401267
3010,395011
3139,393028
3142,374402
3158,357805
3319,349379
3331,344072
3412,342005
3438,312430
3503,302557
3523,297066
3709,293299
3727,289299
3771,289177
3781,284814
3789,283252
3831,276413
3872,268237
3938,255600
3965,247262
4088,239128
4144,236339
4218,235545
4223,230555
4335,229211
4347,227619
4353,225600
4369,217854
4427,216813
4431,214669
4452,214009
4510,213697
4521,210872
4564,206784
4571,206493
4592,204047
4601,185974
4706,184510
4724,182942
4768,176098
4883,175884
4920,172350
4927,169586
5001,164343
5043,162846
5107,155115
5305,153775
5318,150812
5320,150573
5323,143133
5421,140179
5426,138684
5433,135963
5493,134424
5516,132942
5553,132741
5570,132594
5580,129012
5596,124261
5609,113737
5704,113731
5708,109468
5788,108702
5829,108630
5888,107532
5900,107463
5915,97412.6
6013,96709
6136,93545.1
6175,91424.2
6253,88977.7
6326,87828.2
6350,84980.9
6360,84538.7
6406,80462.4
6504,75306.7
6611,73892.4
6616,73542.6
6665,73085.6
6734,71584
6753,68936.7
6780,66491.5
6855,61946.3
7001,58716.7
7136,58379.4
7208,55825.4
7282,52619.9
7395,47656.1
7417,47261.2
7497,47041.9
7523,46605.5
7620,46463.3
7631,44754.2
7671,39881.8
7721,39030.2
7834,38680
7845,37276.4
7869,35254.1
7941,35137.2
8016,32620.6
8075,29993.2
8121,28154.8
8128,27998
8143,27972.1
8211,26892.5
8380,26641.1
8422,26634.6
8424,26625.7
8433,24707.6
8508,24286.7
8569,23591.8
8648,23200.2
8670,21988.3
8792,21466.3
8891,20931.5
8918,18387.2
9013,18295.3
9046,17944.6
9065,17841.9
9099,17641.5
9219,16806.7
9221,16279.8
9226,15829.6
9230,15314.6
9331,14509.1
9408,12565.5
9770,12517
9772,11314.5
9816,11001.6
9875,10790.6
9968,10289.7
10001,9925.46
10176,9724.28
10194,8428.38
10444,8065.87
10670,7619.6
10736,7506.76
10797,7220.51
10809,6750.23
10961,6455.93
11150,6238.21
11237,5764.29
11255,5672.22
11338,5398.99
11548,5338.15
11573,4574.74
11685,4358.48
11730,3918.49
12177,3689.17
12319,3686.29
12328,3667.2
12329,3634.66
12422,3407.05
12423,3297.81
12505,3188.83
12639,2951.19
12740,2915.77
12766,2912.85
12819,2746.85
12945,2477.3
13224,2473.15
13276,2193.53
13306,2120.32
13413,2016.32
13658,1972.61
13666,1936.04
13685,1850.44
13694,1817.64
13723,1622.28
14067,1592.93
14130,1576.54
14201,1518.01
14311,1368.35
14686,1349.6
14694,1321.06
14705,1314.61
14781,1291.59
14810,1247.02
14861,1189.95
14931,1159.88
