Evaluations,Fitness
1,1.48179e+10
2,4.67296e+09
4,1.84894e+09
11,1.42093e+09
16,1.32335e+09
19,1.0528e+09
23,9.03118e+08
38,8.79266e+08
87,7.81809e+08
143,7.11622e+08
171,6.45436e+08
196,5.04267e+08
249,4.95039e+08
290,3.44108e+08
701,3.08482e+08
906,2.86595e+08
1261,2.60691e+08
1439,2.49468e+08
1933,2.45831e+08
2031,2.29761e+08
2053,2.18705e+08
2757,2.1823e+08
2842,2.17538e+08
2945,2.15564e+08
2961,2.10149e+08
3061,2.08564e+08
3075,2.03213e+08
3359,2.02366e+08
3449,2.02094e+08
3511,1.96528e+08
3804,1.9617e+08
3806,1.95399e+08
3935,1.94242e+08
3944,1.93583e+08
3957,1.90602e+08
4053,1.90287e+08
4065,1.88248e+08
4086,1.8748e+08
4142,1.87337e+08
4220,1.86896e+08
4305,1.82821e+08
4412,1.8279e+08
4448,1.82064e+08
4500,1.79548e+08
4504,1.79256e+08
4515,1.77255e+08
4548,1.77013e+08
4589,1.76159e+08
4603,1.70509e+08
4665,1.68467e+08
4801,1.67426e+08
4825,1.6301e+08
5026,1.61507e+08
5178,1.61244e+08
5231,1.58498e+08
5324,1.5798e+08
5333,1.57276e+08
5412,1.55649e+08
5473,1.53412e+08
5628,1.50634e+08
5674,1.50597e+08
5704,1.50223e+08
5831,1.49995e+08
5837,1.49496e+08
5869,1.46985e+08
5907,1.4555e+08
5985,1.44329e+08
6169,1.44203e+08
6218,1.42863e+08
6370,1.36236e+08
6386,1.35162e+08
6536,1.33425e+08
6671,1.32118e+08
6774,1.29608e+08
7002,1.25452e+08
7230,1.21794e+08
7359,1.21513e+08
7605,1.21093e+08
7672,1.20697e+08
7711,1.19442e+08
7915,1.17179e+08
7942,1.16898e+08
8001,1.16356e+08
8036,1.15381e+08
8046,1.14014e+08
8124,1.13846e+08
8204,1.09211e+08
8553,1.08089e+08
8572,1.07838e+08
8613,1.05911e+08
8813,1.05776e+08
8822,1.05193e+08
8857,1.01865e+08
8904,1.01492e+08
9018,1.00452e+08
9040,9.83253e+07
9126,9.74636e+07
9241,9.63987e+07
9458,9.49525e+07
9629,9.48127e+07
9637,9.43318e+07
9686,9.12013e+07
9835,9.0816e+07
9895,8.98656e+07
9946,8.97532e+07
10227,8.97204e+07
10269,8.92648e+07
10309,8.82001e+07
10337,8.77759e+07
10461,8.69337e+07
10529,8.67293e+07
10575,8.66702e+07
10653,8.62073e+07
10676,8.61937e+07
10704,8.60865e+07
10715,8.49126e+07
10880,8.45831e+07
10957,8.40253e+07
10963,8.40076e+07
11089,8.35008e+07
11138,8.18867e+07
11223,8.13562e+07
11294,8.06746e+07
11410,8.06123e+07
11411,7.96993e+07
11567,7.79592e+07
11641,7.76804e+07
11858,7.731e+07
11904,7.53958e+07
11953,7.53669e+07
12064,7.42815e+07
12241,7.37479e+07
12257,7.37109e+07
12419,7.34978e+07
12440,7.15776e+07
12598,7.12496e+07
12742,7.11636e+07
12768,7.04781e+07
12801,6.9447e+07
12842,6.93856e+07
12848,6.81605e+07
12958,6.81244e+07
13104,6.57186e+07
13208,6.47076e+07
13566,6.46755e+07
13626,6.45882e+07
13659,6.08862e+07
13839,6.05864e+07
14065,6.00648e+07
14454,5.9859e+07
14481,5.94352e+07
14487,5.91451e+07
14538,5.86297e+07
14839,5.84681e+07
14913,5.74003e+07
14969,5.60523e+07
