Evaluations,Fitness
1,1.10966e+09
2,9.40415e+08
3,6.32588e+08
62,5.46515e+08
104,4.18328e+08
254,3.7309e+08
407,3.29258e+08
438,3.10563e+08
512,2.44997e+08
713,2.09659e+08
810,1.97654e+08
839,1.85597e+08
893,1.66892e+08
980,1.39107e+08
1061,1.31241e+08
1124,1.25793e+08
1207,1.17385e+08
1217,9.56741e+07
1310,8.61719e+07
1347,7.91132e+07
1410,7.90733e+07
1418,7.63096e+07
1432,5.55254e+07
1719,4.66357e+07
1860,4.53938e+07
1867,4.49423e+07
1912,3.9447e+07
1920,3.93142e+07
1925,3.08047e+07
2108,2.90302e+07
2174,2.78038e+07
2194,2.63857e+07
2249,2.28208e+07
2351,2.21502e+07
2407,2.10217e+07
2432,2.0757e+07
2501,1.66731e+07
2618,1.50828e+07
2907,1.45738e+07
3009,1.40525e+07
3014,1.39219e+07
3093,1.32706e+07
3110,1.21937e+07
3257,1.15956e+07
3329,1.13717e+07
3414,1.11688e+07
3433,1.1106e+07
3515,1.06538e+07
3530,1.04064e+07
3645,1.03642e+07
3653,1.0139e+07
3684,9.79962e+06
3752,9.25011e+06
3796,8.97428e+06
3837,8.37536e+06
3981,8.03774e+06
3992,7.16612e+06
4103,6.50587e+06
4317,6.40124e+06
4347,6.29822e+06
4360,6.02077e+06
4405,6.0073e+06
4476,5.91737e+06
4501,5.55594e+06
4508,5.50201e+06
4529,4.95107e+06
4648,4.91489e+06
4715,4.53947e+06
4722,4.47333e+06
4811,4.35841e+06
4901,3.93383e+06
4908,3.90851e+06
4993,3.88732e+06
5065,3.58684e+06
5108,3.13639e+06
5372,3.04451e+06
5403,2.72944e+06
5536,2.57889e+06
5551,2.53292e+06
5570,2.52768e+06
5601,2.36738e+06
5715,2.34902e+06
5730,2.31537e+06
5744,2.27027e+06
5810,2.16428e+06
5854,1.8951e+06
6013,1.8822e+06
6045,1.86655e+06
6106,1.7126e+06
6182,1.71235e+06
6215,1.65096e+06
6263,1.62111e+06
6313,1.55661e+06
6356,1.53473e+06
6370,1.43824e+06
6421,1.41175e+06
6432,1.40917e+06
6464,1.37347e+06
6523,1.09315e+06
6692,1.05825e+06
6702,1.05387e+06
6703,1.02913e+06
6801,957664
6902,944917
6923,943375
6926,836919
7129,660922
7363,660056
7408,653528
7433,641733
7452,641266
7488,630014
7506,604472
7524,597779
7525,564989
7620,556322
7643,543149
7658,512956
7661,496113
7709,474010
7723,438926
7924,417964
7982,379011
8007,351344
8104,311734
8172,285559
8387,280428
8409,227046
8636,216987
8648,203526
8818,197074
8881,190926
8943,187960
8945,172107
9021,166521
9033,153153
9269,142905
9299,138265
9405,131412
9444,125141
9528,119448
9580,116247
9718,109518
9754,99233.9
9916,93870.4
9926,92079
9945,91041.6
10015,82015.7
10069,81312.6
10122,79288.6
10155,79243.6
10159,73216.3
10161,72999.9
10197,69227
10317,68634.3
10366,61592
10463,58912.7
10520,57704.3
10565,56441.3
10568,55206.1
10582,53676.7
10604,53139.1
10662,48368.8
10704,47591
10786,46758.4
10794,44546.3
10803,43038.5
10810,42989.1
10823,40627.5
10948,25068
11189,24806.6
11301,23852.9
11317,22246.5
11450,20210.2
11480,18511.2
11508,16991.4
11743,16048.9
11796,15195.2
11849,14966.1
12034,14887.8
12056,14449.6
12077,13712.9
12142,13578.2
12242,13392.6
12264,12031
12275,11049.3
12378,9637.61
12506,9484.48
12512,9241.32
12715,8682.16
12809,8344.62
12884,8342.72
12966,8165.5
12982,7653.76
13032,7536.41
13159,6819.45
13320,6514.07
13518,6165.32
13848,5602.41
14014,5469.42
14149,5288.2
14156,5275.11
14209,5247.76
14213,4601.73
14449,4532.3
14505,3970
14825,3813.79
