Evaluations,Fitness
1,223508.196168
137,175814.166409
334,162266.932657
442,157116.439822
482,139099.501286
587,129448.819273
707,87282.179062
1015,86775.563086
1127,82909.520056
1198,82300.354186
1228,78641.130686
1243,78080.619930
1255,71039.287881
1311,68929.988044
1355,54105.920423
1533,51893.483358
1609,50680.914304
1656,48855.813206
1721,48540.550493
1788,46087.220393
1821,44874.730535
1830,44064.105970
1893,40708.790906
1926,40687.487294
1929,38664.829353
2041,36625.691580
2119,36380.864043
2215,36130.675253
2237,34405.472590
2320,32889.925667
2416,32030.167457
2434,31706.735971
2508,30442.504219
2511,30437.302358
2601,26557.531870
2818,26318.273088
2846,26294.702251
2855,26244.799440
2860,24384.045493
2957,23861.978542
3060,23398.458049
3104,23306.535069
3175,22751.766706
3204,21836.500083
3205,21146.712134
3325,19454.801694
3461,19167.728497
3507,18552.025641
3569,18534.241701
3604,18373.617766
3645,17649.100194
3737,17414.638958
3802,17320.211150
3915,17205.891076
3923,17174.829413
3935,16612.447247
3944,16326.530367
4004,16246.253411
4015,15580.187197
4126,15410.499223
4224,15170.237612
4243,15001.396219
4293,14714.460808
4303,14659.325101
4322,13979.665103
4456,13572.971324
4544,13527.790108
4552,12636.364183
4638,12585.768664
4667,12462.891500
4680,11648.323520
4727,11470.786771
4837,11080.859799
5037,11015.578070
5051,10764.841301
5058,10477.340977
5158,10378.389195
5189,10366.058668
5228,10216.298886
5239,10127.614973
5303,10027.033584
5311,9931.474781
5350,9564.926530
5403,9398.687831
5447,9382.135433
5458,9338.685245
5502,9302.764706
5556,9235.980036
5563,8702.290550
5606,8253.738598
5799,8228.964243
5874,7957.930478
5910,7920.014817
5922,7786.926754
6000,7557.866758
6008,7196.528261
6100,7188.261068
6154,6965.964579
6310,6926.650399
6318,6917.197513
6334,6836.035682
6342,6706.160619
6423,6652.145187
6484,6059.984178
6527,5913.579309
6621,5897.841484
6722,5789.600901
6775,5782.609496
6819,5532.349262
6919,5529.910828
6924,5395.379760
7014,5325.063636
7067,5315.344055
7111,5181.055992
7119,5129.650227
7148,4891.805864
7274,4858.710504
7301,4799.534041
7420,4788.158246
7468,4381.362018
7524,4223.270931
7682,4009.162475
7704,3954.744236
7804,3647.969075
8009,3627.877028
8017,3460.121796
8218,3304.417194
8307,3241.824635
8342,3208.978071
8350,3187.887572
8478,3025.633873
8492,2980.946447
8509,2974.003949
8609,2943.393354
8616,2853.987108
8660,2778.985358
8712,2641.763449
8802,2552.333933
8807,2457.530209
9005,2282.331110
9075,2228.459871
9130,2196.797987
9187,2174.638448
9229,2113.539752
9237,1843.620614
9372,1815.176578
9427,1745.006825
9554,1716.746993
9686,1572.581211
9782,1530.165304
9832,1530.031545
9906,1476.884861
9968,1463.111996
10035,1405.087959
10041,1362.270418
10101,1345.394319
10149,1339.158271
10208,1240.519658
10320,1226.073178
10344,1190.157394
10371,1150.393554
10411,1082.019320
10720,1041.948129
10722,1020.957941
10741,976.386792
10785,934.468576
10916,926.277898
11004,892.775332
11010,850.543337
11188,807.129372
11214,746.716884
11306,695.998433
11588,670.652030
11724,658.126585
11725,653.904702
11777,595.718553
11909,585.026373
12106,578.804518
12107,574.063351
12109,545.847705
12194,540.820753
12201,503.351218
12301,496.617212
12334,477.702805
12435,474.277036
12488,471.434095
12504,468.741442
12567,420.556065
12609,413.654945
12670,390.084582
12768,366.893932
12929,330.853725
13049,329.389583
13119,308.261004
13225,303.538639
13255,279.754645
13339,266.672040
13499,253.278898
13554,252.530615
13615,243.308162
13816,241.744222
13911,238.369458
13926,234.154084
13927,223.672741
14010,223.482648
14017,217.202070
14099,208.685190
14160,205.288692
14236,205.181290
14302,202.147498
14352,178.256918
14452,169.001973
14685,168.417332
14785,166.012807
14788,162.400896
14805,134.291508
