Evaluations,Fitness
1,2801.598051
2,2625.399578
3,2409.516019
12,2243.594707
25,2197.708408
68,1911.304615
113,1802.842224
203,1799.091152
246,1581.020023
343,1536.802046
406,1373.085235
428,1192.153889
514,1156.861078
596,1086.950935
700,1031.513841
772,1026.863000
783,999.901809
826,933.575006
854,902.711683
866,876.595075
904,865.031240
910,862.116607
918,826.623083
937,767.289601
1040,736.981609
1068,676.988385
1109,663.792661
1122,617.496417
1160,575.872341
1218,510.906727
1431,468.708382
1488,464.843596
1608,457.805769
1665,436.651974
1669,405.674801
1746,403.034815
1803,387.053624
1861,370.236552
1908,338.894428
2053,335.968506
2078,331.480431
2106,324.478557
2182,324.261192
2205,323.224454
2217,316.622488
2280,294.476492
2302,284.581277
2405,283.780195
2516,267.307407
2607,261.971281
2621,251.228072
2733,247.744682
2812,246.429797
2817,246.259509
2825,245.788361
2856,234.266812
2944,233.276395
2991,231.529114
3006,228.332026
3057,227.523935
3061,221.097882
3105,219.695857
3205,217.772645
3212,217.168033
3215,216.558216
3238,209.988431
3251,207.702883
3280,204.764320
3282,202.500796
3389,202.017210
3408,197.104887
3431,193.756931
3498,193.590493
3504,192.991348
3540,192.701251
3541,190.708555
3578,186.048042
3591,185.626697
3697,169.203318
3824,161.496801
3923,157.442023
3992,155.069024
4036,141.340411
4165,139.302838
4203,138.984218
4267,138.980698
4269,137.107182
4293,136.770565
4306,132.178141
4317,130.387940
4339,126.471603
4400,125.034896
4438,120.165598
4475,119.960484
4625,117.323669
4701,117.211641
4713,116.885587
4731,116.216799
4751,115.017530
4825,113.971667
4842,111.424589
4851,108.243357
4911,107.003776
5041,101.734583
5049,100.785771
5070,96.561934
5149,94.397207
5228,93.732777
5305,90.738048
5404,89.623106
5436,87.643916
5482,86.845734
5656,86.130380
5702,82.801879
5784,81.963849
5826,81.617352
5836,81.603537
5864,78.951131
5904,78.672120
5907,75.482374
5990,74.006598
6109,73.587464
6131,72.658064
6190,71.721766
6247,70.311027
6268,70.237955
6270,69.318793
6321,68.834091
6326,66.027073
6334,65.698805
6416,64.154361
6524,62.244555
6526,62.135126
6608,60.600843
6614,60.444541
6714,57.428704
6764,57.097649
6831,55.345421
6840,55.084417
6842,54.894251
6905,54.248425
6910,52.175840
6911,51.858419
7002,50.453698
7036,47.595794
7103,45.829984
7194,45.019113
7356,44.754980
7402,39.859160
7601,34.106751
7832,31.855372
7854,31.658365
7935,29.977805
8017,27.708813
8034,25.651997
8125,25.063923
8185,24.802900
8312,24.662312
8326,24.656738
8327,24.431952
8342,24.262576
8404,23.710828
8421,23.559366
8456,23.420684
8474,23.035779
8613,22.797049
8683,22.675871
8698,21.070532
8750,20.910887
8805,20.810876
8822,20.703269
8835,18.218336
9122,17.921899
9143,17.880361
9181,17.775222
9203,17.218328
9253,16.248362
9298,15.590660
9357,15.527913
9434,15.344793
9454,15.288800
9501,14.895228
9607,13.955322
9713,12.892790
9920,12.800263
9964,12.338533
10057,12.280372
10158,12.188776
10165,12.015345
10203,11.660066
10226,11.324484
10237,11.180966
10306,10.469343
10438,10.106616
10671,10.033023
10714,9.920744
10828,9.619450
10831,9.322110
10904,9.249770
10939,9.219320
10969,8.796369
11049,8.411354
11121,7.901252
11295,7.818889
11305,7.784059
11316,7.744789
11419,7.592666
11531,7.148555
11626,6.845091
11696,6.799416
11777,6.752295
11809,6.613396
11912,6.539061
11967,6.432058
11973,6.129787
12014,5.849159
12106,5.574727
12142,5.570137
12151,5.433546
12171,5.191652
12305,5.159214
12344,4.911819
12473,4.785441
12540,4.648281
12633,4.575493
12652,4.437160
12729,4.387077
12733,4.358401
12820,4.308835
12832,4.139480
12937,4.063343
13088,3.943985
13196,3.693524
13311,3.378838
13543,3.250064
13724,3.179904
13743,3.168845
13811,3.114505
13993,2.926854
14031,2.867290
14137,2.772883
14537,2.681933
14546,2.661366
14566,2.661319
14578,2.634282
14628,2.349368
14885,2.333890
14901,2.313266
14981,2.298232
