Evaluations,Fitness
1,353118
2,330215
6,298475
7,230840
97,224593
108,215585
218,205988
241,198270
276,188559
302,180061
324,177789
356,162761
442,159151
537,150442
555,136259
604,134468
614,130716
672,114700
809,112839
812,98100.6
917,84917.9
1021,70048.6
1172,60837.5
1260,57583.7
1342,57355.7
1415,56590.5
1432,53244.7
1459,52127.5
1521,51532.6
1530,51371.4
1535,50965.7
1622,45897.6
1643,44190.8
1762,43938.4
1768,42405.1
1781,42351.4
1814,39582.2
1819,32533.5
2038,31581
2089,31293.7
2121,29676.2
2127,23169.8
2344,22342.6
2411,22285.6
2418,21804.3
2419,21097.7
2469,19097.4
2655,18542.5
2667,18254.1
2715,17491.7
2808,15966.7
2974,15965.9
3039,15438.9
3074,15132.3
3106,15105.1
3119,14183.8
3216,14159.6
3241,13718.4
3314,12798.9
3427,11842.1
3555,11750.1
3649,11185.2
3701,10846.7
3752,10735.2
3836,10606.1
3888,10464.3
3926,9467.75
4061,9458.8
4122,9056.1
4151,8834.12
4189,8600.72
4242,8449.77
4321,8271.83
4363,8177.54
4367,7985.22
4407,7710.33
4511,7682.43
4532,7636.43
4542,7168.48
4631,7150.62
4709,7089.35
4738,7022.75
4742,6975.15
4745,6598.63
4829,6427.3
4853,6344.3
4922,6120.18
4929,6092.09
5016,5838.02
5146,5792.15
5179,5424.68
5253,5318.25
5319,5004.94
5453,4959.21
5533,4779.38
5538,4742.07
5689,4284.27
5708,4168.98
5804,4132.84
5867,4040.44
5883,3994.12
5904,3912.4
5962,3783.1
6015,3769.36
6052,3738.38
6111,3637.02
6206,3570.5
6223,3547.9
6225,3500.14
6240,3090.16
6364,3033.73
6443,2849.9
6601,2757.36
6760,2739.02
6816,2634.48
6874,2633.57
6891,2605.15
6932,2563.41
6975,2473.37
7020,2446.1
7104,2350.71
7105,2252.26
7272,2243.86
7320,2163.61
7404,2142.9
7417,2075.35
7528,1890.05
7757,1847.52
7951,1825.5
7965,1773.1
8075,1712.32
8111,1656.06
8120,1591.42
8213,1579.51
8305,1523.48
8405,1508.98
8478,1497.93
8483,1480.52
8504,1463.22
8519,1462.81
8525,1448.95
8542,1448.39
8546,1421.24
8624,1388.53
8626,1316.62
8632,1286.83
8742,1236.01
8835,1205.34
8919,1158.7
9041,1084.99
9202,1050.08
9232,1044.77
9302,1038.85
9326,984.91
9335,964.169
9342,925.973
9536,918.67
9566,905.812
9604,898.751
9655,894.214
9699,893.712
9737,891.713
9743,837.706
9790,804.16
9801,770.874
9961,668.297
10282,650.121
10286,647.509
10332,613.401
10374,579.833
10411,575.991
10516,531.319
10651,505.34
10716,468.108
10865,455.159
10929,435.682
11075,430.177
11110,422.286
11173,408.026
11224,388.139
11233,384.802
11331,372.168
11373,367.991
11411,365.778
11490,357.908
11573,351.106
11605,350.779
11703,349.499
11704,339.03
11715,336.392
11785,305.733
11879,273.571
11928,252.326
12109,249.984
12343,249.181
12348,230.422
12432,224.55
12502,217.541
12564,217.476
12642,209.768
12707,190.353
12838,179.617
12854,174.929
13088,173.715
13131,170.349
13159,161.91
13213,156.248
13245,132.617
13521,128.016
13678,124.648
13738,122.635
13808,113.881
13911,113.097
14194,112.283
14269,110.212
14277,109.691
14342,109.493
14370,108.719
14375,103.151
14418,102.379
14504,99.4211
14630,98.6249
14696,90.7561
14846,87.1287
