Evaluations,Fitness
1,414.966
4,352.337
10,273.312
40,27.7002
62,14.9479
82,5.83672
212,1.01007
489,0.998025
677,0.998017
717,0.998016
935,0.998013
1003,0.998013
1019,0.998011
1103,0.998011
1210,0.998011
1382,0.998011
1402,0.998011
1568,0.998011
1579,0.998011
1583,0.998011
1656,0.998011
1806,0.998011
1830,0.998011
1892,0.998011
1987,0.998011
2112,0.998011
2304,0.998011
2330,0.998011
2383,0.998011
2412,0.998011
2478,0.998005
2595,0.998005
2713,0.998004
2836,0.998004
2908,0.998004
3010,0.998004
3202,0.998004
3322,0.998004
3505,0.998004
3553,0.998004
3623,0.998004
3679,0.998004
3706,0.998004
3728,0.998004
3750,0.998004
3918,0.998004
3978,0.998004
3995,0.998004
4058,0.998004
4118,0.998004
4299,0.998004
4383,0.998004
4432,0.998004
4510,0.998004
4609,0.998004
4694,0.998004
4707,0.998004
4711,0.998004
5109,0.998004
5117,0.998004
5299,0.998004
5391,0.998004
5505,0.998004
5720,0.998004
5740,0.998004
5820,0.998004
5952,0.998004
5995,0.998004
6306,0.998004
6832,0.998004
7793,0.998004
7975,0.998004
8070,0.998004
8107,0.998004
8146,0.998004
8508,0.998004
8532,0.998004
8631,0.998004
8676,0.998004
8717,0.998004
9077,0.998004
9090,0.998004
9117,0.998004
9258,0.998004
9590,0.998004
10591,0.998004
10705,0.998004
10886,0.998004
10901,0.998004
10913,0.998004
10928,0.998004
10944,0.998004
11044,0.998004
11080,0.998004
11347,0.998004
11397,0.998004
11530,0.998004
11674,0.998004
11867,0.998004
11909,0.998004
12370,0.998004
13724,0.998004
13901,0.998004
13919,0.998004
14168,0.998004
14424,0.998004
14429,0.998004
14485,0.998004
14513,0.998004
14541,0.998004
14569,0.998004
14717,0.998004
14821,0.998004
14836,0.998004
14887,0.998004
14919,0.998004
