Evaluations,Fitness
1,2623.66
2,2052.24
8,1865.61
11,1757.7
137,1341.75
285,1335.37
366,1275.14
403,1108.71
505,1009.67
611,948.461
686,929.072
732,916.542
751,787.388
850,775.045
912,771.646
962,768.388
964,719.573
1014,671.544
1017,647.392
1103,616.647
1122,556.821
1235,516.57
1279,515.021
1409,497.315
1412,496.897
1429,449.595
1633,431.989
1640,424.373
1643,417.387
1653,407.204
1656,381.909
1756,352.51
1861,342.087
1901,307.695
2033,301.417
2055,298.952
2065,289.55
2081,239.658
2221,229.798
2227,226.571
2372,212.345
2419,207.817
2435,199.624
2528,193.757
2558,184.266
2622,184.222
2725,171.773
2728,170.849
2752,169.322
2762,166.103
2815,162.684
2820,159.652
2952,151.511
3060,145.614
3160,143.498
3167,142.94
3211,134.651
3279,132.34
3318,122.735
3481,111.852
3588,106.812
3775,106.599
3803,104.78
3830,97.4978
3923,97.4036
3948,96.4974
3955,94.7112
4008,91.4082
4115,88.558
4213,82.9232
4309,82.9094
4326,79.583
4342,78.7345
4350,75.2914
4466,71.4388
4549,66.4785
4701,64.2365
4733,62.7837
4843,61.6759
4861,60.5544
4955,58.8878
4976,53.1562
5060,49.1633
5156,48.9878
5191,48.9862
5320,48.1788
5377,46.7386
5512,45.9932
5555,44.5295
5592,42.7728
5683,41.1612
5721,39.6519
5810,38.3734
5971,38.3471
6006,37.5666
6030,36.5068
6109,35.8067
6131,33.889
6221,31.0617
6424,31.0058
6441,29.7732
6580,29.517
6614,29.4495
6630,28.9534
6638,28.5723
6639,28.5039
6702,28.4215
6726,28.3526
6737,27.8416
6741,27.28
6819,25.7328
6826,25.6976
6906,25.2104
6918,24.9939
6937,24.792
7013,24.7804
7030,24.0343
7060,23.2753
7176,22.7087
7209,22.3271
7229,21.6527
7311,21.3999
7322,20.4212
7346,20.3543
7365,19.6413
7449,19.3882
7478,18.6283
7544,18.4862
7612,17.9354
7644,17.9294
7690,17.9041
7718,17.6764
7727,17.4491
7740,16.9012
7752,16.5513
7781,16.3045
7817,16.0227
7819,15.9356
7873,15.786
7883,15.7834
7885,15.5749
7924,15.5258
7947,14.9103
8004,13.9055
8128,13.1362
8330,13.1325
8373,12.5627
8425,12.3053
8504,11.267
8549,11.1944
8612,10.8967
8657,10.8747
8701,10.8342
8803,10.8155
8810,10.3283
8824,10.0935
9044,10.0641
9055,10.052
9079,9.45601
9102,8.99584
9390,8.8403
9406,8.65062
9503,8.53715
9507,8.19441
9509,8.19058
9529,7.97887
9652,7.60277
9745,7.19619
9818,7.058
9858,7.0426
9960,6.66468
10032,6.28197
10207,6.03283
10310,5.9968
10366,5.98704
10390,5.90751
10478,5.83024
10495,5.77138
10518,5.5786
10530,5.5216
10531,5.44745
10538,5.35509
10683,5.11632
10742,4.95007
10876,4.33057
11084,4.27946
11112,4.02172
11189,3.92964
11313,3.74651
11463,3.74177
11475,3.70403
11480,3.56854
11598,3.37015
11612,3.29677
11731,3.04869
11965,2.93321
12022,2.91346
12032,2.86259
12065,2.81562
12159,2.80004
12198,2.71758
12330,2.67087
12374,2.65848
12430,2.49669
12653,2.4813
12749,2.44872
12817,2.43537
12859,2.41846
12913,2.20656
13185,2.17257
13308,2.15107
13310,2.11245
13399,2.10611
13426,2.02828
13619,1.92932
13779,1.86719
13930,1.82967
14045,1.81772
14188,1.79472
14202,1.7732
14310,1.75905
14315,1.7117
14438,1.66122
14606,1.60234
