Evaluations,Fitness
1,1481378972.518318
4,1221101234.618231
9,1013195069.150563
11,422812117.313408
114,372953938.156868
131,302934125.792677
230,280556332.067395
350,277539816.345753
375,266350328.645986
422,230676653.099720
574,209359505.146036
908,200258231.168729
1128,190451864.957713
1282,189671897.327056
1323,184402517.378635
1360,147321882.009463
1941,146993436.224318
2013,146470321.362740
2238,145321619.051814
2316,144992669.326351
2346,144756914.169077
2375,144751390.987548
2380,133177108.156713
2480,128239268.306639
2507,125628750.606019
2708,122924651.308623
2780,121289026.278278
2809,108959420.302309
3057,106349763.696520
3287,105584778.269688
3334,104010825.469069
3516,101615719.368701
3583,100694195.315746
3609,99553090.538729
3758,98244793.972108
3832,97194487.560081
3874,94262723.673508
3941,92467238.894431
3962,92070818.503291
4045,91768999.245429
4056,90612710.818707
4170,85610832.787514
4352,85045358.754218
4572,83920802.627852
4601,83257544.405351
4694,80943479.449288
4773,79253855.701520
4948,79015430.946447
4957,78767452.882127
4993,77112140.359593
4996,74660277.075726
5211,70925992.383344
5502,69987451.795198
5832,68154995.456828
5959,66235575.404246
6109,65759786.865712
6132,65343582.384559
6179,64181674.907729
6429,63905615.254749
6534,63730190.594266
6543,63569896.824217
6595,62701885.983239
6604,59424624.896878
6878,59265954.845135
6997,59007783.742484
7020,56177663.033301
7320,55822837.454737
7338,55269719.272945
7415,55125093.284385
7445,53675678.360899
7566,52567863.248362
7719,52144795.802449
7844,51767130.416278
7916,50786539.575224
7960,49978959.334439
7964,49302108.340025
8183,48895025.950421
8294,48833744.004994
8321,48531482.020488
8404,47673229.042292
8425,47313074.961985
8468,46884928.855908
8598,45961260.496261
8642,45185468.456836
8651,45168818.074428
8731,45143270.821139
8821,44515408.690968
8828,43794907.971900
9058,42652059.948474
9123,42644476.557332
9126,42575929.723949
9193,42323923.263835
9222,42061321.665027
9258,41906378.888014
9316,41879103.280218
9378,41310715.992812
9415,40481617.521522
9543,38401224.814140
10062,38238893.308087
10135,38205689.007670
10146,37725963.124199
10184,37216570.580282
10250,36786524.316915
10354,36565848.741821
10357,36400047.235722
10417,36341837.840702
10421,36022210.441546
10622,35622653.625212
10624,35538724.432851
10632,35262468.273253
10720,35106615.360484
11031,34844397.481232
11057,34594461.120502
11151,34415526.784488
11296,34285713.668608
11308,34244208.444791
11311,34024173.551244
11509,33597335.610590
11595,32989746.085114
11804,32539006.696783
12216,32189096.236767
12331,30945112.173544
12508,30537761.331204
12785,30223708.227328
12979,30184873.530234
13026,29698572.500256
13139,29677921.327448
13340,29653734.678676
13349,29526272.997993
13429,29193946.537814
13702,29010841.902761
13774,28892784.625293
13835,28184802.182973
13949,28058264.644780
14094,27923468.160802
14113,27300748.183081
14577,27176396.958909
14790,27163201.459655
14808,27029510.162346
14860,27026775.381890
14871,26809485.189869
