Evaluations,Fitness
1,6.75116e+06
40,5.15539e+06
180,5.08435e+06
210,4.61516e+06
336,4.28111e+06
412,4.13072e+06
416,3.68237e+06
495,3.60268e+06
532,3.44539e+06
604,3.20623e+06
614,3.15256e+06
630,3.10246e+06
711,3.03453e+06
730,2.91304e+06
799,2.86504e+06
807,2.67533e+06
870,2.56375e+06
882,2.46941e+06
901,2.21492e+06
938,1.99575e+06
1018,1.95868e+06
1062,1.90158e+06
1120,1.89571e+06
1148,1.88319e+06
1153,1.85852e+06
1189,1.84105e+06
1205,1.66154e+06
1217,1.61453e+06
1268,1.48261e+06
1316,1.40745e+06
1349,1.38042e+06
1409,1.29768e+06
1433,1.26863e+06
1473,1.19573e+06
1540,1.15533e+06
1657,1.12476e+06
1666,1.09751e+06
1720,1.05417e+06
1782,1.03508e+06
1789,1.00352e+06
1813,973973
1847,943294
1919,896179
1945,883859
1961,869882
2006,854221
2069,851611
2112,825312
2132,770964
2178,760662
2202,740381
2221,739530
2246,701620
2307,652046
2339,651145
2430,648171
2437,641382
2465,606216
2544,605669
2624,604483
2633,568680
2637,567757
2659,533983
2738,508295
2825,452425
2982,450673
3048,431401
3236,417277
3294,410224
3311,397500
3335,396489
3356,389364
3409,386208
3462,385415
3506,384118
3507,382580
3510,374392
3531,353300
3617,349662
3661,343436
3780,334433
3813,311727
3925,309013
3979,304334
4003,292821
4024,290249
4053,274185
4113,272395
4154,272331
4257,268284
4290,252965
4397,248465
4421,234982
4513,234133
4612,232544
4625,231389
4650,231327
4653,230392
4656,229436
4660,223663
4721,220373
4807,220083
4820,218407
4838,213157
4914,202827
5022,191015
5133,181211
5341,180871
5379,176436
5425,174131
5464,171960
5505,169619
5648,167117
5694,165954
5726,165504
5742,159593
5813,155644
5923,145216
6106,137935
6292,137241
6304,135628
6339,133174
6391,132225
6435,130767
6458,125930
6541,124785
6544,120438
6696,118985
6707,118102
6766,116128
6809,114767
6875,113743
6883,113294
6911,111278
7013,109604
7027,106843
7031,106557
7161,104846
7205,104728
7230,102865
7232,100901
7354,99312
7362,98820.3
7444,98147.6
7492,95571
7512,92558.3
7609,90535.7
7630,89642.9
7691,86454.9
7723,85061
7886,84839.8
8001,84399.7
8005,82797.3
8021,81480.9
8087,80942.8
8103,75761.7
8155,75251
8302,70392.4
8336,68902
8471,67136.3
8541,66982.1
8568,65409.4
8605,64993.3
8615,62078.1
8700,58143.5
8958,56787.1
8993,56306.7
9037,53433
9175,52485.2
9216,51055.1
9339,50152.5
9431,50106.5
9435,49317.5
9506,48434.5
9630,46677.9
9705,46379.6
9772,44413.1
9851,44360.6
9894,43397.4
9906,43339.1
9913,40869.7
10001,40413.5
10118,39314.6
10191,39295.7
10261,37405.5
10302,35156.8
10536,34795.8
10617,34786.5
10644,33927.4
10679,33058.3
10703,32872.2
10728,32044.4
10792,31955.1
10861,31880
10869,31854.3
10928,30143.9
10938,29182.7
11046,26565.1
11358,26219.3
11381,24826.1
11385,24197.7
11409,22552.2
11448,21601.4
11465,20756.2
11521,20296.4
11603,19832.4
11645,19732.7
11681,18109.6
11718,16474.3
11862,16341.5
12080,16136
12141,15098.1
12310,14813.5
12323,14401.7
12402,13946.9
12477,13462.5
12517,13014.3
12615,12925
12655,12764.7
12726,12688.3
12794,12624.1
12800,12584.4
12804,12113.1
12808,11540.8
12839,11299
12901,11218
12952,10383.1
13035,10382.2
13103,10185.1
13117,9830.23
13138,9757.15
13269,9584.34
13310,9555.23
13415,9489.59
13421,9278.99
13467,9062.58
13494,8684.53
13565,8136.05
13605,8083.39
13812,8060.98
13863,7696.58
13962,7521.27
14036,7471.32
14076,7300.43
14115,7003.51
14227,6393.97
14381,6293.79
14492,6016.53
14672,5946.7
14709,5854.67
14727,5557.25
14980,5259.24
