Evaluations,Fitness
1,186.916054
2,94.030751
3,8.803768
12,0.994789
30,-0.099819
168,-0.467020
300,-0.681891
327,-0.685077
370,-0.912293
425,-0.952432
507,-0.989358
573,-1.006373
612,-1.014250
625,-1.014886
626,-1.031454
829,-1.031463
842,-1.031505
929,-1.031545
938,-1.031596
1024,-1.031613
1478,-1.031613
1502,-1.031613
1538,-1.031613
1717,-1.031613
1747,-1.031613
1755,-1.031613
2001,-1.031613
2043,-1.031613
2093,-1.031613
2114,-1.031613
2137,-1.031613
2268,-1.031613
2432,-1.031613
2666,-1.031613
2668,-1.031613
2805,-1.031613
2823,-1.031613
2870,-1.031613
2888,-1.031613
2923,-1.031613
3045,-1.031613
3112,-1.031613
3118,-1.031613
3306,-1.031613
3347,-1.031613
3383,-1.031613
3402,-1.031613
3407,-1.031613
3421,-1.031613
3479,-1.031613
3542,-1.031613
3562,-1.031613
3602,-1.031613
3729,-1.031613
3803,-1.031613
3812,-1.031613
3816,-1.031613
3840,-1.031613
3850,-1.031613
3949,-1.031613
4023,-1.031613
4053,-1.031613
4182,-1.031613
4307,-1.031613
4311,-1.031613
4404,-1.031626
4764,-1.031627
4808,-1.031627
4815,-1.031627
4909,-1.031627
4923,-1.031628
5056,-1.031628
5069,-1.031628
5324,-1.031628
5363,-1.031628
5490,-1.031628
5663,-1.031628
5711,-1.031628
5916,-1.031628
5949,-1.031628
6031,-1.031628
6089,-1.031628
6188,-1.031628
6340,-1.031628
6591,-1.031628
6685,-1.031628
6723,-1.031628
6760,-1.031628
6809,-1.031628
6930,-1.031628
7094,-1.031628
7260,-1.031628
7407,-1.031628
7424,-1.031628
7470,-1.031628
7519,-1.031628
7566,-1.031628
7580,-1.031628
7588,-1.031628
7734,-1.031628
7752,-1.031628
7823,-1.031628
8020,-1.031628
8047,-1.031628
8112,-1.031628
8164,-1.031628
8172,-1.031628
8241,-1.031628
8304,-1.031628
8519,-1.031628
8629,-1.031628
