Evaluations,Fitness
1,339263.132883
2,318248.995841
3,313202.494509
4,300328.593609
11,277569.757500
24,253281.243114
28,227970.011756
54,183372.546038
210,167796.383473
310,167498.193772
323,163275.605894
338,159116.966407
421,156694.065650
535,138350.008078
542,125487.490909
603,120328.826406
703,109255.361059
805,93734.280199
913,84440.426315
1101,75564.144756
1148,65171.953865
1216,65015.929411
1286,62586.232394
1337,57050.338642
1382,55207.211635
1434,52826.783948
1455,51372.440358
1523,46807.556646
1540,43796.111397
1620,43474.752911
1701,38141.607754
1878,38084.226675
1887,37027.079835
1911,36826.514960
1936,34902.682975
1985,32239.981503
2102,32188.998367
2110,29316.330934
2204,29196.169207
2210,27517.884640
2269,26786.862047
2365,26717.085831
2409,26256.162648
2425,25732.861528
2438,25296.057871
2448,25189.348947
2450,25099.501139
2460,22769.472903
2541,22503.131417
2657,22181.468732
2710,21691.759857
2725,20997.784220
2808,19865.605704
2876,19208.941561
3004,18347.348132
3106,18034.636434
3122,16899.473198
3143,14977.324022
3285,14248.715657
3384,14112.833173
3441,13575.419585
3491,13300.668549
3535,12426.022815
3616,12399.095087
3649,11766.453532
3729,11752.131674
3739,11745.812662
3767,11025.786086
3832,10310.327673
3950,9587.387775
4165,9571.401859
4221,9450.546809
4225,9410.212551
4236,8944.876238
4241,8919.166253
4311,8765.475098
4314,8642.468998
4346,8630.615448
4366,8603.336433
4432,8433.910708
4448,8045.291210
4507,7500.694954
4616,7488.345987
4626,7444.435258
4690,7426.679157
4709,7197.002586
4836,6914.534334
4963,6897.377687
4984,6825.077341
5032,6805.431253
5066,6716.655687
5086,6592.577780
5098,6591.122248
5114,6551.671031
5117,6498.507484
5120,5948.936190
5209,5869.371796
5332,5554.496564
5341,5551.842398
5396,5439.021714
5423,5394.805224
5506,5028.530318
5614,4636.288126
5652,4421.585135
5774,4319.747265
5799,4310.851131
5824,4114.896280
5844,3766.833730
5933,3613.769623
6016,3522.246331
6103,3345.562439
6185,3073.244402
6225,3065.992961
6360,2998.508896
6432,2630.635722
6516,2614.364614
6630,2577.020546
6650,2316.744723
6802,2225.000213
6808,2217.426691
6922,2051.420752
7008,1913.812946
7039,1882.446331
7162,1817.742678
7209,1709.070835
7211,1678.412700
7310,1584.362073
7408,1558.498022
7431,1473.449749
7541,1463.096884
7616,1432.398562
7629,1425.382594
7747,1406.625619
7764,1376.662815
7766,1364.684067
7771,1254.504601
7805,1196.073636
7910,1108.887155
8005,1058.981098
8233,1051.696914
8311,1022.307549
8380,973.806650
8439,962.084031
8509,867.770095
8578,814.538081
8742,793.768939
8785,778.928031
8813,763.194547
8918,757.442325
8922,710.878960
8960,674.121430
9104,664.874877
9143,649.950145
9185,631.533965
9252,629.490576
9253,611.370850
9302,561.562491
9409,493.594300
9618,490.765443
9635,489.352607
9642,428.304277
9770,422.485938
10004,413.632549
10010,394.387726
10105,370.427912
10131,369.670881
10315,352.962090
10465,331.236329
10594,319.196318
10707,305.988195
10742,305.481317
10765,300.497106
10903,274.811508
10942,252.629487
11123,223.060367
11263,213.837941
11519,204.714490
11535,189.710040
11774,186.453350
11829,164.681874
11975,156.566535
12068,147.525918
12263,141.579836
12279,128.981609
12387,115.628511
12617,113.587341
12628,109.843412
12789,103.542775
12923,98.769087
13118,92.622442
13207,88.466776
13335,86.915672
13374,84.899866
13419,83.958131
13515,82.971347
13611,76.249430
13759,75.122148
13861,68.346936
14155,68.052677
14164,67.226731
14214,64.428780
14340,62.946984
14414,61.467884
14432,61.151738
14514,61.124738
14577,57.801021
14687,56.601621
14741,55.122932
14795,55.012376
14805,46.667279
