Evaluations,Fitness
1,454.071
3,415.772
40,323.125
52,237.902
53,4.00925
106,3.99327
421,3.87111
427,1.10466
505,1.01632
567,0.999753
597,0.998701
792,0.998615
838,0.99803
918,0.998004
1150,0.998004
1312,0.998004
1520,0.998004
1617,0.998004
1742,0.998004
1844,0.998004
1930,0.998004
2004,0.998004
2136,0.998004
2201,0.998004
2283,0.998004
2444,0.998004
2601,0.998004
2603,0.998004
2813,0.998004
2904,0.998004
3015,0.998004
3061,0.998004
3234,0.998004
3282,0.998004
3463,0.998004
3653,0.998004
3759,0.998004
