Evaluations,Fitness
1,1529.51
5,1416.33
6,850.019
10,70.9692
29,41.54
97,35.5101
99,13.3515
113,12.6103
314,12.1156
316,8.11691
554,8.1004
757,8.01291
796,7.95202
799,7.87576
810,7.85763
853,7.74396
858,6.66315
971,6.65427
1002,6.65286
1102,6.65078
1119,6.37581
1158,6.33882
1312,6.16279
1353,4.80503
1374,3.56726
1506,3.54582
1666,3.49836
1718,3.46649
1749,3.44738
1767,3.40968
1905,3.40094
2022,3.34703
2023,3.09573
2125,3.09161
2277,3.09136
2284,3.06439
2333,3.06411
2419,3.06396
2454,3.00003
2545,3.00002
2932,3.00002
3067,3.00002
3073,3.00002
3204,3.00002
3322,3.00002
3333,3.00002
3428,3.00002
3432,3.00002
3566,3.00002
3623,3.00002
3903,3.00002
3909,3.00002
4042,3.00002
4064,3.00002
4114,3.00002
4137,3.00002
4222,3.00002
4233,3.00002
4249,3.00002
4349,3.00002
4522,3.00002
4946,3.00002
5018,3.00002
5031,3.00002
5040,3.00002
5053,3.00002
5127,3.00002
5274,3.00002
5526,3.00002
5602,3.00002
5686,3.00002
5945,3.00002
6049,3.00002
6118,3.00002
6282,3.00002
6339,3.00002
6472,3.00002
6623,3.00002
6972,3.00002
7223,3.00002
7249,3.00002
7713,3.00002
13164,3.00002
13280,3.00002
13290,3.00002
13321,3.00002
13594,3.00002
13615,3.00002
13766,3.00002
13887,3.00002
14011,3.00002
14030,3.00002
14269,3.00002
14351,3.00002
14482,3.00002
14504,3.00002
14509,3.00002
14558,3.00002
14709,3.00002
14817,3.00002
14851,3.00002
14929,3.00002
