Evaluations,Fitness
1,2373.553686
4,2198.567490
16,1771.723341
240,1736.628916
246,1642.003440
271,1636.534718
310,1619.837517
331,1496.821937
403,1293.267664
519,1245.748719
542,1173.825754
613,1112.807546
623,1053.919659
627,1029.185762
712,1026.125688
745,936.486130
816,932.073006
818,834.349917
850,826.442710
907,816.015380
929,762.198624
1023,746.544787
1048,719.981901
1060,622.008939
1086,558.822893
1253,524.104718
1391,453.123336
1412,444.874482
1547,424.040495
1609,414.655541
1640,364.564166
1732,355.408765
1823,312.777343
1892,298.591215
1904,285.247906
1913,276.507725
2024,251.308193
2061,235.027457
2151,232.670857
2204,209.128285
2426,208.173846
2471,197.316018
2580,191.318517
2587,189.666646
2618,178.860354
2646,176.418759
2686,173.601733
2738,173.137468
2749,172.423898
2759,169.433593
2791,169.033588
2807,166.522004
2825,163.828257
2847,158.183635
2856,152.328587
2901,150.439225
2960,149.263841
3004,148.348079
3006,147.766209
3008,144.541067
3052,141.382286
3061,140.810209
3116,139.880631
3118,136.116718
3136,130.930251
3148,130.273100
3177,128.976410
3260,126.784755
3305,126.045838
3312,125.807501
3313,122.332576
3332,121.883238
3356,120.994685
3381,112.594230
3400,112.585835
3430,104.571749
3563,95.422862
3808,92.911128
3894,91.258658
3897,91.093960
3899,89.926813
3909,88.066537
3934,87.352926
3951,81.119320
4005,79.904069
4116,78.565226
4136,78.168540
4211,75.579043
4369,70.838878
4394,68.642213
4477,65.605499
4554,62.001840
4739,60.603711
4780,59.501955
4786,56.424412
4945,56.061695
5029,55.259093
5121,54.520509
5134,53.942720
5169,53.026162
5216,50.990777
5264,50.734177
5304,50.342729
5317,50.274646
5322,48.083010
5429,44.464163
5531,43.839824
5542,38.831618
5838,35.636476
5931,35.313160
5944,34.339647
6047,34.128220
6068,34.013777
6104,31.785360
6116,31.264660
6186,30.553234
6237,30.008984
6308,26.474409
6405,22.612005
6713,22.561005
6768,22.364132
6834,21.616123
6872,21.551750
6894,20.797383
6913,20.485915
6932,19.886784
7038,18.763797
7111,18.743589
7182,18.434440
7189,18.182737
7265,17.616356
7312,17.487847
7382,17.087888
7431,17.048883
7514,16.962231
7544,16.106509
7603,15.876313
7625,15.840938
7650,15.272952
7808,15.206355
7809,14.804723
7857,14.592049
7911,14.150785
7914,14.107346
7922,13.996142
8004,12.833695
8046,12.640268
8178,11.388914
8398,11.238636
8463,11.053143
8539,10.921530
8564,10.430105
8608,9.892573
8751,9.424916
8929,9.362255
8937,8.734808
8989,8.609273
9110,8.605631
9119,8.604309
9126,8.522380
9154,8.370556
9200,8.175387
9207,7.768866
9402,7.640330
9424,7.608100
9470,7.528002
9490,7.327388
9551,7.114820
9565,7.024404
9596,6.892860
9615,6.880646
9617,6.622687
9655,6.436137
9660,6.260293
9724,6.157964
9854,6.138456
9856,5.919328
9883,5.680236
9945,5.618312
10017,5.528291
10037,5.218991
10095,5.117261
10201,5.087936
10261,5.067443
10311,4.823843
10316,4.702884
10333,4.592514
10513,4.232120
10664,4.130245
10790,3.934369
10867,3.868297
10908,3.655018
11035,3.535961
11204,3.284563
11440,2.990375
11697,2.984071
11709,2.859606
11808,2.825474
11817,2.770226
11911,2.662612
11998,2.632657
12041,2.480642
12096,2.458033
12122,2.409442
12158,2.408092
12266,2.333132
12330,2.302802
12378,2.295534
12423,2.292114
12523,2.267583
12538,2.239647
12605,2.237095
12628,2.204920
12707,2.185757
12711,2.153035
12803,2.131875
12889,2.074061
13104,2.061518
13146,2.039106
13192,2.029146
13329,2.019717
13341,1.991625
13483,1.934916
13485,1.915148
13604,1.903954
13729,1.895050
13761,1.879286
13882,1.822359
13975,1.816286
13989,1.802242
14034,1.770716
14173,1.762138
14352,1.749367
14386,1.719260
14446,1.648635
14597,1.647683
14681,1.638383
14805,1.625147
14813,1.613381
14828,1.612591
14931,1.580337
