Evaluations,Fitness
1,21.234501
2,21.104002
3,20.951210
12,20.863989
66,20.750311
151,20.744290
169,20.657130
288,20.559869
407,20.542197
412,20.529076
431,20.442438
449,20.389963
501,20.245712
583,20.241815
605,20.213862
610,20.151154
617,19.997844
730,19.963746
732,19.458191
816,19.454757
840,19.085161
1200,18.746259
1306,18.714321
1309,18.381451
1507,18.297805
1509,18.268136
1512,17.992862
1629,17.936522
1642,17.873137
1711,17.852828
1714,17.513989
1763,17.503241
1830,17.491564
1847,17.441380
1890,17.408891
1901,17.355911
1915,17.243124
1918,17.162651
2008,17.031735
2041,16.855815
2104,16.801540
2163,16.532243
2223,16.395258
2275,16.227694
2359,15.855357
2394,15.623443
2422,15.530674
2507,15.389031
2630,15.321407
2683,15.089964
2776,14.991000
2814,14.956033
2852,14.859554
2958,14.702584
3008,14.656492
3009,14.610424
3052,14.536141
3112,14.437411
3123,14.102163
3267,13.995574
3413,13.799731
3428,13.334814
3589,13.284415
3735,13.006262
3737,12.960453
3815,12.744135
3820,12.734758
3894,12.522115
3901,12.490323
3954,12.481040
4006,12.431630
4030,12.332143
4077,12.179046
4172,12.155115
4207,11.987382
4239,11.914175
4306,11.906403
4359,11.816873
4372,11.689821
4405,11.541843
4479,11.493614
4525,11.251943
4655,11.134605
4713,10.955466
4805,10.679642
4909,10.656314
4912,10.630342
5026,10.624561
5033,10.544678
5063,10.482804
5106,10.424384
5125,10.348417
5158,10.325155
5186,10.231628
5212,10.197341
5241,10.193608
5301,10.132134
5312,10.088021
5326,9.865810
5420,9.807616
5504,9.641726
5588,9.581058
5631,9.522576
5769,9.454749
5802,9.386715
5817,9.279095
5832,9.260163
5846,9.159558
5920,8.876311
6106,8.760569
6116,8.498223
6308,8.485306
6406,8.424755
6446,8.285385
6549,8.255922
6601,8.067749
6674,8.051768
6702,7.982662
6741,7.977271
6802,7.926540
6821,7.885918
6830,7.833613
6855,7.425785
7118,7.158442
7312,7.069607
7424,7.006332
7492,6.890709
7501,6.884029
7541,6.790941
7561,6.750435
7596,6.693987
7724,6.633810
7733,6.564014
7790,6.430941
7830,6.238876
7907,6.084367
8131,5.996542
8245,5.777067
8285,5.699888
8369,5.532890
8537,5.517435
8665,5.390663
8769,5.302747
8841,5.227805
8936,5.209205
9118,5.126841
9134,5.044592
9163,4.985601
9408,4.917114
9503,4.810377
9577,4.801207
9602,4.665826
9703,4.616260
9905,4.616256
9912,4.414563
10101,4.385675
10195,4.328198
10245,4.225462
10347,4.210488
10510,4.184196
10638,4.128945
10714,4.116342
10752,4.066125
10814,4.057788
10900,4.034362
10953,4.017050
11003,3.983467
11011,3.965550
11035,3.954696
11118,3.886025
11228,3.863736
11276,3.804920
11308,3.761261
11314,3.722045
11405,3.721733
11439,3.710013
11613,3.657242
11637,3.619182
11743,3.571609
11829,3.564977
11907,3.436961
12083,3.430104
12135,3.341943
12348,3.340470
12416,3.288724
12530,3.280432
12611,3.276178
12614,3.261604
12632,3.260394
12694,3.232466
12718,3.227605
12728,3.213734
12891,3.211802
12906,3.207412
12946,3.198137
13041,3.179836
13045,3.178397
13051,3.159811
13071,3.121003
13279,3.099462
13330,3.097918
13333,3.057938
13344,3.056237
13515,3.010783
13640,3.002106
13671,2.918220
13704,2.806335
14225,2.780643
14287,2.752800
14326,2.752058
14428,2.738825
14440,2.730084
14453,2.726929
14511,2.721518
14514,2.692657
14666,2.662643
14670,2.632839
14788,2.591482
14883,2.581035
