Evaluations,Fitness
1,499.900213
2,499.510394
8,495.091860
27,430.590007
68,119.757772
113,114.480720
169,91.659699
203,35.355233
217,34.278074
327,27.008016
386,24.230715
602,12.964748
789,12.887071
832,12.886361
910,12.803849
954,12.312519
1045,12.312430
1127,11.802021
1206,11.720970
1533,11.720748
1632,11.720594
1640,11.720156
1654,11.719732
1714,11.719685
1778,11.719470
1813,11.719279
1921,11.719209
2043,11.719043
2126,11.718855
2205,11.718829
2207,11.718822
2456,11.718733
2575,11.718708
2640,11.718707
2766,11.718707
2788,11.718707
2846,11.718706
3137,11.718706
3224,11.718706
3234,11.718706
3238,11.718706
3274,11.718706
3378,11.718706
3547,11.718706
3646,11.718706
3714,11.718706
3810,11.718706
3908,11.718706
3926,11.718706
4004,11.718706
4005,11.718706
4007,7.392062
4201,6.905651
4434,6.904578
4450,6.904557
4480,6.903346
4481,6.903344
4588,6.903344
4702,6.903342
4851,6.903342
4860,6.903341
4892,6.903340
4917,6.903340
4948,6.903336
5072,6.903336
5138,6.903336
5332,6.903336
5618,6.903336
5682,6.903336
5704,6.903336
5739,6.903336
5803,6.903336
5915,6.903336
6163,6.903336
6171,6.903336
6308,6.903336
6370,6.903336
6413,6.903336
6470,6.903336
6578,6.903336
6615,6.903336
6722,6.903336
6755,6.903336
7077,6.903336
7111,6.903336
7253,6.903336
7317,6.903336
7373,6.903336
7414,6.903336
7418,6.903336
7545,6.903336
7652,6.903336
7665,6.903336
7887,6.903336
7917,6.903336
8138,6.903336
8179,6.903336
8377,6.903336
8572,6.903336
8577,6.903336
8581,6.903336
8617,6.903336
8659,6.903336
8687,6.903336
8712,6.903336
8832,6.903336
8933,6.903336
9006,6.903336
9080,6.903336
9085,6.903336
9232,6.903336
9505,6.903336
9872,6.903336
9940,6.903336
10038,6.903336
10050,6.903336
10104,6.903336
10249,6.903336
10313,6.903336
10342,6.903336
10416,6.903336
10642,6.903336
10699,6.903336
10724,6.903336
10903,6.903336
11097,6.903336
11225,6.903336
