Evaluations,Fitness
1,4028.59
2,3594.49
3,2840.86
5,2636.98
6,2236.61
25,2110.83
28,2042.04
61,1994.48
73,1688.6
77,1633.29
81,1565.27
104,1456.8
108,1310.12
127,1137.8
134,1122.35
136,1049.77
161,880.833
183,708.807
224,696.242
244,580.199
285,570.473
299,551.605
323,504.437
341,501.237
360,437.831
401,424.066
451,382.594
596,376.41
626,367.174
627,354.671
709,342.829
723,331.601
769,296.471
986,291.244
1195,278.27
1308,252.37
1534,250.987
1640,247.2
2373,233.309
2594,230.375
2828,224.968
2844,219.619
3288,214.968
3303,208.878
3318,205.982
3338,188.05
4016,187.004
4364,172.47
4978,168.819
5039,161.729
5579,154.674
6614,149.772
7068,146.705
7307,144.213
7623,140.261
7742,136.679
7977,134.957
8081,134.883
8086,134.71
8447,134.683
8641,134.052
8852,131.393
8890,131.149
9009,130.652
9237,125.941
9351,121.873
9686,121.203
9869,119.795
10031,119.37
10076,116.514
10387,116.457
10492,113.866
10892,111.647
10966,111.398
11050,109.537
11319,109.252
11356,108.138
11426,107.998
11779,107.593
11810,106.82
11883,106.274
11961,106.147
12010,105.993
12042,104.824
12145,104.794
12283,104.638
12314,104.466
12462,104.422
12532,104.35
12611,104.305
12652,104.175
12677,104.122
12692,103.623
12704,103.573
12732,103.422
12764,103.08
12783,102.559
12868,101.52
12902,101.499
13073,101.409
13194,101.33
13196,100.956
13233,100.935
13264,100.534
13269,100.45
13276,100.312
13390,100.187
13463,100.16
13476,100.022
13478,99.7111
13508,99.6254
13533,99.1612
13554,98.863
13579,98.8402
13652,98.716
13674,98.6651
13698,98.6235
13720,98.3203
13752,98.0293
13772,98.0102
13839,98.002
13863,97.9529
13871,97.9472
13901,97.8342
13962,97.561
13984,97.4011
14010,97.365
14048,97.3286
14055,97.2061
14056,96.9019
14111,96.824
14114,96.7935
14124,96.7675
14129,96.6534
14138,96.5894
14172,96.4049
14249,96.3537
14255,96.2536
14268,96.237
14280,96.2068
14282,96.1752
14296,96.1706
14325,96.1291
14329,95.8827
14345,95.8734
14361,95.7939
14379,95.7498
14380,95.6366
14388,95.6067
14391,95.5989
14392,95.5878
14409,95.5734
14411,95.5488
14417,95.548
14422,95.5415
14424,95.5133
14439,95.3756
14455,95.1766
14460,95.1177
14466,95.1127
14472,95.1108
14473,94.9636
14491,94.8731
14513,94.8499
14521,94.8486
14528,94.8266
14535,94.8137
14539,94.7056
14546,94.6665
14547,94.6611
14560,94.6232
14579,94.4328
14586,94.4208
14599,94.4192
14600,94.374
14621,94.2701
14636,94.2247
14639,94.2146
14644,94.2072
14649,94.1901
14653,94.1883
14656,94.0531
14668,94.0514
14669,94.0081
14673,93.9131
14690,93.8838
14691,93.868
14707,93.8454
14710,93.7603
14718,93.7292
14719,93.7285
14720,93.706
14731,93.6598
14738,93.6386
14743,93.6251
14744,93.6204
14746,93.6157
14749,93.5757
14753,93.5523
14755,93.5046
14762,93.48
14791,93.4767
14792,93.4631
14795,93.4502
14797,93.4185
14798,93.4177
14801,93.3942
14805,93.3657
14815,93.3443
14817,93.3317
14819,93.3264
14825,93.3068
14826,93.3027
14827,93.2949
14831,93.281
14834,93.2384
14839,93.2376
14841,93.2327
14843,93.223
14845,93.1994
14852,93.1702
14853,93.1604
14855,93.1542
14856,93.1528
14863,93.1457
14864,93.1275
14873,93.1015
14877,93.097
14878,93.0888
14881,93.0743
14890,93.0664
14894,93.0596
14896,93.0479
14898,93.0263
14909,93.012
14914,93.0076
14915,93.004
14917,92.9799
14923,92.9705
14926,92.9692
14928,92.9637
14931,92.9558
14933,92.954
14934,92.9531
14939,92.9484
14946,92.9468
14947,92.9455
14948,92.9419
14951,92.941
14955,92.9409
14956,92.9374
14960,92.9348
14964,92.9343
14969,92.9322
