Evaluations,Fitness
1,3440.411264
2,2952.947184
3,2852.926116
6,2387.060070
24,2138.254470
56,1992.964305
65,1810.816526
89,1458.233219
105,1307.565913
114,1273.815078
125,1258.343685
136,1059.808481
148,974.077840
178,894.458096
210,856.111249
262,842.804534
264,783.744885
271,775.989019
279,687.404229
283,628.127639
307,587.234776
319,581.924697
330,524.331093
373,521.029724
403,488.757902
466,453.876097
478,445.266690
651,443.514423
692,440.109299
707,423.484889
820,400.807034
1023,391.049426
1046,388.350066
1048,369.167110
1085,367.769130
1133,358.131289
1177,356.855883
1212,355.282821
1214,340.905110
1282,340.270593
1606,318.398952
1666,313.995904
1716,312.780617
1728,302.429481
1790,283.125555
1952,276.522171
1954,255.975657
2122,252.391626
2140,251.251851
2674,250.809145
2777,248.562881
2778,236.275746
2892,234.465591
3102,232.850267
3120,232.605060
3121,213.161215
3123,207.094635
3292,205.576515
3467,197.019879
3627,191.314130
4162,185.955255
4280,178.022526
4471,175.001469
4511,174.373030
5188,172.165538
5433,161.938646
6469,158.429876
6530,147.939910
6578,147.092764
6826,144.924120
6979,141.413237
7021,136.019823
7081,134.828832
7090,124.685965
7293,123.323815
7557,122.421397
7695,121.482441
7872,121.175530
7972,117.861528
8092,112.189844
8413,111.122637
8508,109.173175
8634,107.629112
8646,107.182754
8701,105.312445
8752,104.774185
9049,99.906746
9184,96.675963
9262,94.718370
9446,93.743101
9491,92.046820
9699,91.874441
10145,88.598678
10216,87.507873
10403,86.761901
10466,85.626941
10545,83.665186
10805,82.106273
10975,81.084040
11196,80.949445
11392,80.573988
11467,80.495583
11572,79.895702
11643,79.755942
11755,78.891378
11774,77.083162
11897,77.011122
11977,75.752508
12125,75.266492
12134,75.157063
12139,73.923795
12144,73.221618
12582,72.956359
12586,72.701453
12641,72.555655
12738,72.418139
12770,72.132296
12790,72.033506
12815,71.605114
12818,71.118750
12861,71.050486
12921,70.969423
13022,70.703229
13029,70.148316
13037,70.101076
13038,69.624123
13071,69.514361
13074,69.293304
13107,68.919758
13273,68.866010
13297,68.576918
13324,68.232027
13414,68.142219
13479,67.920841
13516,67.335774
13551,67.173116
13564,67.151698
13567,67.143173
13577,66.988464
13579,66.463915
13589,66.356101
13624,66.146670
13627,65.825531
13629,65.738644
13638,65.387342
13707,65.297131
13748,65.169295
13762,65.042349
13781,64.849561
13802,64.810733
13805,64.591145
13830,64.586367
13831,64.348366
13836,64.327803
13848,64.313516
13862,63.948677
13905,63.763910
13914,63.755920
13924,63.284337
13957,63.007135
13986,62.956069
13990,62.826629
13992,62.780280
14009,62.774258
14014,62.751770
14041,62.582770
14072,62.579870
14083,62.530034
14090,62.438712
14105,62.022953
14141,62.007797
14146,61.859638
14165,61.759409
14166,61.721202
14168,61.696120
14176,61.566438
14200,61.423848
14205,61.307129
14220,61.295219
14221,61.041227
14230,60.944715
14253,60.725464
14270,60.692983
14278,60.630712
14287,60.411007
14299,60.360554
14324,60.141090
14332,60.136368
14334,60.081663
14335,59.940036
14342,59.935326
14355,59.840953
14358,59.837785
14360,59.693203
14369,59.674826
14371,59.581200
14376,59.562559
14378,59.446774
14383,59.409490
14388,59.398754
14394,59.238793
14422,59.109721
14440,58.990448
14450,58.980701
14452,58.837857
14455,58.823338
14458,58.803869
14459,58.751884
14465,58.733264
14470,58.573738
14471,58.497651
14480,58.443109
14482,58.408074
14486,58.338992
14488,58.324307
14490,58.193238
14504,58.152008
14508,58.147936
14512,58.135393
14514,58.066590
14515,58.039806
14518,58.013051
14523,57.993160
14524,57.845426
14529,57.845096
14534,57.722496
14536,57.662802
14544,57.653817
14546,57.611172
14547,57.599645
14551,57.592876
14565,57.412991
14574,57.358400
14582,57.314401
14587,57.297039
14598,57.176537
14607,57.175380
14610,56.824151
14625,56.814210
14627,56.753426
14630,56.737464
14632,56.662724
14643,56.658543
14649,56.548519
14650,56.536278
14651,56.454490
14654,56.436941
14662,56.424244
14672,56.327304
14676,56.307526
14683,56.257395
14686,56.251517
14687,56.244858
14688,56.240221
14689,56.201598
14691,56.198803
14692,56.121225
14703,56.081296
14711,56.061278
14713,55.960128
14730,55.937839
14734,55.916033
14737,55.870966
14738,55.819337
14745,55.779659
14746,55.732656
14752,55.705978
14756,55.623212
14759,55.603760
14762,55.520170
14772,55.515143
14775,55.479740
14777,55.428238
14778,55.373336
14783,55.358019
14784,55.356428
14785,55.347743
14786,55.323021
14787,55.288353
14789,55.203661
14792,55.201488
14793,55.165738
14795,55.145776
14799,55.060417
14800,55.036861
14802,55.018018
14805,54.931056
14811,54.869891
14820,54.868404
14827,54.842170
14831,54.819820
14837,54.745588
14842,54.716355
14847,54.668526
14849,54.632051
14857,54.620589
14859,54.610318
14860,54.605278
14862,54.593552
14864,54.590116
14866,54.513640
14871,54.497621
14872,54.492441
14876,54.472689
14879,54.418262
14882,54.413573
14886,54.407134
14893,54.391206
14898,54.387692
14901,54.359127
14908,54.332097
14912,54.306769
14916,54.282886
14921,54.282271
14923,54.282024
14925,54.279277
14927,54.251937
14931,54.234493
14939,54.212076
14943,54.203231
14944,54.194096
14952,54.189399
14954,54.184118
14961,54.180233
14962,54.178708
14963,54.176944
14964,54.175488
14965,54.174253
14968,54.173896
14970,54.172739
