Evaluations,Fitness
1,9976579.679660
2,8256406.525630
3,6117374.011711
71,5885869.751625
81,5118088.667998
95,4462450.981594
111,4381309.156951
114,4098341.333129
125,3884769.866502
140,3806452.327732
141,3691876.240804
159,3380331.377536
170,3045018.626205
183,2959707.797890
188,2618112.619783
217,2601415.426825
219,2591759.405444
221,2383923.743989
251,2169531.433689
254,2024946.957459
291,1703826.929231
296,1576488.881207
352,1328227.563313
431,1292438.164283
440,1240535.693613
516,1204758.389626
546,1150789.552360
614,1127064.174641
733,1106270.692042
906,1076509.968162
944,1064227.948317
978,1022982.062486
987,1010838.505972
992,991092.754754
1203,958234.543966
1449,940169.282563
1604,933929.556177
1623,911845.290008
1761,886920.445050
2627,866409.257349
2851,850568.578910
3104,839322.716452
3272,836029.477794
3285,799455.209677
3296,791239.483915
4191,745460.996360
4360,731724.828979
4842,731525.138739
5305,703110.439746
6078,689483.170076
6137,660957.588828
6225,653002.280960
6337,651513.562726
6405,651177.085283
6517,626585.606637
7750,622363.162845
8615,621834.995323
8675,620765.629606
8703,619186.155200
9029,617062.667324
9192,614894.941779
9532,613025.804096
9557,603110.260584
9570,597428.967055
9643,596958.920800
9781,595824.892467
9890,594317.685583
10179,594237.968405
10272,593691.830823
10372,590833.627890
10443,583669.993029
10811,583285.146360
10887,582062.767604
10968,577830.855287
11179,575486.563744
11288,571448.609331
11360,569182.851098
11392,567751.763420
11534,565406.501472
11548,564513.686063
11594,561996.480435
11674,558249.999037
11703,557283.302036
11761,556872.214369
11775,556675.045922
11790,555005.423360
11802,553847.818904
11814,550126.410933
11857,548618.981890
11891,543215.175213
11957,538727.682299
12019,538234.210133
12040,535077.628614
12056,534451.915167
12065,532793.653775
12079,532771.134118
12085,526773.805823
12123,525997.939470
12125,522680.635287
12160,521803.991463
12167,520170.886129
12263,514675.074453
12678,513881.420618
12720,513451.966456
12746,513373.977989
12796,512400.248752
12860,511889.690927
12985,509453.569465
13067,509027.803573
13089,508508.431497
13168,508191.689854
13249,507023.957047
13453,505483.482750
13638,505263.496535
13698,504828.203264
13746,504550.794895
13766,504395.501646
13777,504056.784084
13853,503925.028324
13919,503780.166133
13973,503712.517968
13976,503705.808546
13983,503411.697717
14037,503262.386847
14043,503181.734507
14082,503136.956505
14194,502829.751250
14207,502437.943584
14255,502066.331253
14272,501941.210309
14280,501685.180934
14282,501664.737428
14283,501623.980719
14288,501337.534100
14291,501203.732402
14307,501031.200705
14341,500956.590556
14344,500642.980034
14376,500425.052522
14391,500350.116923
14406,500336.426215
14419,500317.462111
14431,500270.227515
14438,500134.309138
14461,500088.105905
14471,500056.456770
14473,499718.592231
14534,499530.463844
14564,499451.521606
14580,499443.455127
14587,499231.850421
14621,499199.512124
14657,498919.788321
14671,498880.963640
14683,498839.151744
14692,498829.517386
14696,498712.257763
14714,498671.424290
14715,498570.588427
14737,498547.520677
14740,498532.209142
14742,498517.799452
14745,498509.943303
14748,498422.345395
14770,498400.724307
14771,498343.770281
14791,498284.434456
14792,498274.247756
14794,498273.557695
14813,498211.527459
14823,498199.031836
14824,498172.347040
14825,498156.597335
14827,498116.928191
14830,498095.795879
14836,498083.451272
14844,498038.950613
14853,498019.239409
14868,497992.923785
14873,497977.280722
14874,497972.323206
14875,497942.481448
14884,497939.730422
14888,497904.798757
14899,497854.883353
14913,497848.044678
14917,497847.139780
14918,497830.311607
14927,497823.532557
14931,497821.862885
14940,497813.057309
14941,497811.119436
14948,497802.723653
14949,497802.553971
14951,497801.637123
14953,497791.150702
14957,497786.306850
14960,497782.712608
14971,497782.247013
14972,497781.891035
