Evaluations,Fitness
1,2802.771568
2,2787.079009
4,2070.150976
93,1848.893927
99,1697.706630
100,1612.475365
108,1383.457667
130,1379.635892
133,1363.224241
143,1175.863647
155,1131.214997
175,1094.965228
183,1067.486549
189,1042.270079
191,1014.837030
197,900.052076
203,800.264409
205,752.376872
233,687.952413
293,656.706035
294,594.981769
299,580.483848
314,442.597782
442,400.136528
516,400.040798
577,372.973388
579,346.255546
679,340.642722
748,338.773824
758,332.179900
851,314.730330
921,304.634886
1028,298.915321
1125,297.289080
1150,283.890810
1183,266.339151
1519,265.761556
1572,255.418042
1599,234.485153
2136,231.369324
2239,224.839575
2387,224.192409
2555,221.157026
2783,217.417933
3000,213.291623
3418,212.475573
3429,204.115267
3647,200.598588
4116,194.328515
4586,194.091917
4722,183.548654
4985,181.266552
5372,178.199256
5406,170.624111
5544,167.180189
6176,166.352321
6219,165.890378
6298,164.666565
6556,157.384896
7142,155.300185
7343,153.349069
7595,153.297935
7722,152.618569
7781,151.107204
7958,149.076363
8196,148.911958
8286,148.568500
8557,144.297954
8701,144.276032
9049,144.123760
9059,140.583860
9192,140.342979
9294,138.741061
9325,137.694375
9526,135.490510
9766,134.274882
9949,132.040255
10028,131.703235
10097,130.452747
10201,128.661545
10545,127.403488
10739,126.287176
10925,125.340941
11115,122.293026
11437,122.183482
11598,122.157993
11622,120.504745
11774,120.294457
12167,118.817875
12295,118.703074
12310,118.619519
12427,117.957199
12461,117.791752
12504,117.579668
12511,117.492178
12550,117.336068
12641,116.941109
12788,116.653940
13052,116.586081
13210,116.424539
13258,116.247694
13261,115.987707
13270,115.742931
13283,115.616159
13288,115.317721
13422,115.245416
13504,115.240653
13638,115.148985
13651,115.112117
13704,115.008799
13754,114.888993
13786,114.741001
13902,114.719553
13905,114.699857
13942,114.640633
14030,114.488781
14033,114.487987
14066,114.411709
14078,114.272310
14097,114.232855
14104,114.190540
14126,114.160088
14166,114.157948
14176,114.037610
14182,113.868395
14190,113.799732
14201,113.669691
14218,113.582616
14241,113.333880
14275,113.284325
14277,113.190185
14281,113.154251
14282,113.128889
14302,113.058296
14329,113.008563
14335,112.874365
14361,112.805339
14395,112.791036
14401,112.713204
14425,112.695224
14429,112.689755
14430,112.532604
14439,112.521178
14444,112.472514
14459,112.430177
14462,112.420360
14463,112.380255
14467,112.339979
14481,112.323214
14483,112.318115
14495,112.316579
14503,112.246577
14520,112.162932
14523,112.098024
14524,112.082299
14533,112.058330
14547,112.033582
14554,111.974609
14556,111.970670
14577,111.897514
14589,111.829469
14598,111.765876
14601,111.739803
14602,111.710656
14611,111.703679
14613,111.675842
14616,111.632088
14618,111.623296
14622,111.548532
14649,111.535119
14659,111.490036
14674,111.443560
14678,111.437083
14682,111.371727
14688,111.339691
14696,111.333145
14702,111.281768
14704,111.252231
14709,111.220892
14716,111.207039
14725,111.193323
14727,111.159684
14728,111.145766
14730,111.105139
14738,111.104189
14742,111.087901
14745,111.035195
14753,111.031728
14757,111.028665
14758,111.015587
14762,110.969674
14775,110.964724
14784,110.934730
14788,110.897298
14791,110.887593
14795,110.884614
14798,110.879756
14800,110.869110
14805,110.856115
14811,110.784072
14820,110.775555
14821,110.751805
14825,110.713940
14835,110.699275
14840,110.696277
14841,110.692046
14842,110.669765
14848,110.650091
14852,110.646495
14853,110.631349
14857,110.619696
14866,110.596355
14872,110.585264
14876,110.584887
14879,110.576166
14881,110.571525
14884,110.567044
14886,110.560955
14888,110.546877
14901,110.538490
14902,110.516926
14906,110.504647
14911,110.503933
14914,110.495622
14924,110.484042
14930,110.483395
14931,110.481524
14933,110.481253
14935,110.479789
14938,110.478730
14943,110.471990
14948,110.467411
14952,110.467027
14953,110.457981
14957,110.454541
14962,110.453475
14965,110.453246
14967,110.451681
14968,110.451349
14975,110.451325
14977,110.451323
14979,110.451322
14981,110.451322
14983,110.451322
14987,110.451322
14989,110.451322
15000,110.451322
