Evaluations,Fitness
1,5.35089e+08
4,4.86578e+08
18,4.83795e+08
48,4.35366e+08
71,3.39029e+08
107,3.07242e+08
128,2.32225e+08
145,2.16738e+08
151,2.01244e+08
155,2.00041e+08
225,1.64845e+08
278,1.4496e+08
328,1.35091e+08
348,1.19927e+08
383,1.07877e+08
472,7.73856e+07
700,7.65123e+07
707,6.72682e+07
880,5.06187e+07
898,3.8797e+07
1047,3.15372e+07
1056,3.00203e+07
1492,2.99261e+07
1561,2.20635e+07
1567,2.15606e+07
1741,2.07247e+07
2006,1.75127e+07
2124,1.34056e+07
2361,1.13748e+07
2441,8.13051e+06
2588,7.73728e+06
2590,5.68645e+06
2607,5.29625e+06
2684,5.24531e+06
2775,4.62195e+06
2839,3.86947e+06
2907,3.77088e+06
3070,3.05586e+06
3693,3.00094e+06
3795,2.95619e+06
3805,2.81581e+06
3835,2.40189e+06
3866,1.96029e+06
3948,1.7656e+06
3961,1.58298e+06
4038,1.39093e+06
4188,1.33454e+06
4354,1.22394e+06
4548,958922
4605,870395
5014,708218
5533,696796
5578,637850
5612,525185
5640,509335
5697,424537
5767,384611
5817,369563
5859,340023
6183,333999
6277,317382
6381,284057
6416,244336
6450,226333
6484,189181
6583,181197
6593,150893
6621,127939
6655,126319
6711,109939
6726,107070
6769,87387.2
6784,80924.3
6860,80180
6930,77266.7
7020,73408.7
7202,61494.1
7407,56901.2
7528,51170
7663,48545.3
7671,44960
7685,41791.6
7727,41537.5
7820,40888.6
7838,37261.5
7882,33971.5
7887,32237.6
8041,32053.1
8060,28311.6
8126,28066.4
8174,25590
8187,24887.2
8195,23943.7
8255,22233.5
8280,21024.3
8314,20892.8
8324,17761.9
8444,17107.2
8565,16107.8
8711,15166.2
8809,14380.6
8817,12709.3
8995,12530.2
9044,12229.2
9086,12015
9105,11952.8
9119,11561.4
9499,11557.4
9537,10655
9638,10320
9654,10055.6
9685,10017.1
9701,9624.47
9742,9207.59
9782,8142.22
9831,7513.97
10055,7488.66
10150,7233.67
10222,7168.29
10230,6974.99
10244,6904.15
10252,6431.69
10318,6341.22
10437,6326.54
10500,6315.23
10501,5905.29
10504,5728.29
10507,5481.77
10543,5455.15
10556,5383.43
10574,4902.5
10603,4747.92
10608,4685.6
10744,4536.32
10896,4340.63
10971,4283.35
10985,4060.15
11340,3846.27
11347,3773.43
11365,3513.72
11392,3441.35
11420,3365.46
11464,3291.75
11500,3217.96
11517,3205.47
11552,3108.81
11588,3046.14
11592,3002.9
11597,2971.68
11620,2927.9
11624,2887.94
11631,2794.17
11635,2774.65
11637,2594.78
11691,2535.71
11697,2426.52
11702,2404.16
11732,2395.48
11776,2388.47
11793,2267.39
11835,2253.86
11853,2207.89
11854,2194.46
11860,2163.35
11899,2073.11
11925,2000.15
11972,1915.1
12008,1885.94
12033,1873.93
12056,1812.57
12096,1768.62
12144,1768.6
12155,1762.82
12178,1728.38
12179,1725.91
12180,1715.38
12196,1713.54
12199,1603.03
12229,1528.86
12265,1526.12
12275,1495.96
12276,1480.09
12279,1454.83
12327,1418.11
12370,1390.22
12387,1323
12439,1311.09
12454,1308.66
12462,1284.81
12475,1250.65
12495,1250.54
12549,1230.09
12556,1220.04
12565,1194.58
12572,1187.98
12581,1159.13
12629,1158.27
12638,1140.02
12653,1129.64
12666,1114.1
12667,1100.25
12682,1058.66
12713,1049.85
12730,1048.39
12734,1038.81
12759,1023.01
12772,1020.81
12781,1001.05
12792,989.887
12822,976.691
12878,954.539
12888,953.018
12905,927.282
12912,912.206
12947,894.948
12984,875.745
13012,873.767
13038,864.051
13068,849.956
13075,843.267
13109,842.115
13129,838.257
13133,825.168
13155,818.724
13164,799.072
13172,798.929
13221,796.936
13257,786.118
13266,784.551
13268,764.675
13270,761.943
13274,753.828
13292,753.589
13307,753.221
13317,751.631
13325,747.973
13331,730.421
13350,722.498
13357,718.532
13377,707.553
13384,703.093
13415,693.751
13439,686.557
13466,685.297
13472,683.82
13493,683.73
13505,678.892
13509,673.468
13519,673.433
13520,671.506
13522,651.221
13530,648.864
13534,643.551
13544,631.931
13561,628.397
13601,611.406
13612,609.637
13623,601.532
13631,598.949
13633,595.988
13638,588.472
13640,588.155
13652,585.816
13669,578.717
13673,577.355
13688,576.264
13698,570.359
13720,564.337
13730,560.203
13741,559.725
13743,557.524
13761,549.202
13793,548.352
13794,542.576
13816,542.095
13821,536.635
13839,529.766
13845,528.718
13860,527.704
13867,527.021
13870,526.161
13872,509.759
13883,505.155
13891,499.801
13899,499.602
13900,496.889
13911,495.317
13920,492.703
13921,490.739
13961,490.232
13966,485.146
13975,483.763
13978,483.713
13989,479.307
13993,475.36
14017,468.396
14041,467.942
14060,467.366
14071,466.115
14076,460.184
14077,460.041
14099,457.155
14111,453.76
14137,451.63
14143,449.296
14147,444.245
14156,443.85
14158,441.415
14166,439.319
14167,437.4
14183,433.786
14195,429.545
14196,428.118
14207,427.272
14222,426.953
14225,426.019
14232,423.964
14233,418.932
14250,417.993
14271,417.022
14274,415.22
14278,414.676
14287,413.816
14296,412.586
14302,410.089
14314,408.808
14318,405.291
14332,403.46
14339,401.921
14343,400.884
14356,399.832
14358,399.112
14362,394.504
14372,390.906
14374,390.345
14377,390.069
14396,388.495
14398,388.243
14401,387.714
14402,387.242
14415,384.955
14423,384.465
14427,384.122
14438,380.142
14441,378.697
14445,378.455
14447,376.619
14451,373.768
14460,372.82
14465,371.697
14470,371.256
14473,369.982
14475,369.521
14478,367.195
14479,365.571
14488,365.532
14493,365.379
14496,364.794
14511,360.724
14519,358.422
14535,357.277
14536,355.516
14543,355.329
14546,355.137
14552,353.028
14564,352.497
14570,351.519
14578,351.132
14581,350.724
14585,350.655
14597,350.284
14601,348.492
14607,346.694
14617,346.345
14626,345.845
14627,345.051
14640,343.729
14650,343.19
14657,341.668
14672,340.81
14676,340.136
14677,338.854
14690,338.346
14696,338.195
14697,337.289
14703,337.285
14706,336.3
14713,336.156
14714,336.028
14717,335.799
14718,335.645
14719,335.316
14724,335.057
14726,335.048
14733,334.87
14734,334.341
14735,334.211
14738,334.201
14741,334.007
14743,333.627
14753,333.518
14759,333.419
14761,332.97
14775,332.773
14782,332.201
14784,332.181
14786,330.765
14796,330.371
14805,330.1
14808,329.998
14809,329.579
14811,329.125
14813,329.043
14816,328.659
14819,328.379
14821,327.993
14829,327.503
14831,327.241
14833,327.222
14835,326.894
14836,326.766
14837,326.568
14847,326.139
14856,325.639
14858,325.533
14865,325.486
14870,325.078
14878,324.861
14879,324.751
14884,324.452
14885,324.311
14895,324.285
14896,324.21
14899,324.209
14900,324.113
14902,324.088
14903,324.029
14907,323.951
14916,323.925
14926,323.814
14931,323.533
14932,323.497
14933,323.444
14935,323.377
14936,323.287
14937,323.171
14938,323.161
14939,323.101
14941,323.094
14942,323.083
14943,323.032
14944,322.988
14948,322.898
14961,322.863
14967,322.851
14972,322.848
14974,322.848
14975,322.848
14976,322.848
