Evaluations,Fitness
1,179337
5,179321
16,162981
65,159998
67,148888
75,148194
80,142032
81,131939
83,113164
113,109793
124,106272
136,100663
144,87734.7
180,85782.6
201,85111.7
205,82432.9
232,78153.6
239,66405.1
254,57484.9
279,52379.4
296,51245.9
302,50894
326,42976.3
345,39521.5
347,35706.9
360,34969.6
394,34064.9
404,33024.1
405,31657
435,27043.9
441,24012.7
464,20350.3
485,15144.1
515,13509.7
531,12924
543,12631.5
554,10334.3
592,9923.34
597,9827.97
640,8433.65
657,7054.38
701,6053.65
722,5728.12
740,5081.75
754,4396.93
802,3730
820,3444.79
827,3069.15
852,2672.94
857,2029.16
893,2020.51
896,1869.37
926,1162.2
943,1131.91
956,1007.9
970,940.773
996,877.571
1001,738.689
1026,728.658
1056,614.78
1061,559.672
1065,556.318
1076,532.048
1078,529.233
1082,469.047
1086,441.325
1098,375.437
1116,273.362
1178,216.754
1183,212.906
1212,201.94
1220,159.112
1224,153.767
1251,151.049
1266,139.278
1275,135.878
1277,134.211
1279,118.867
1283,112.635
1288,99.4206
1300,93.2602
1313,84.3145
1325,81.4152
1330,80.0039
1341,74.6609
1343,53.0328
1401,48.5542
1404,43.3784
1413,36.6202
1427,33.2234
1431,29.5504
1459,28.0068
1485,20.1526
1537,16.6172
1552,14.6102
1567,11.6438
1582,10.5625
1600,10.0425
1601,9.85254
1605,9.26801
1609,8.45481
1612,8.32971
1624,7.41977
1642,6.64064
1646,5.64182
1669,5.22865
1672,5.09807
1686,4.24703
1687,4.16137
1695,4.05276
1702,3.48165
1704,3.46899
1716,3.27938
1721,3.13592
1729,3.07627
1741,2.82522
1752,2.64453
1760,2.56391
1771,2.28868
1783,2.18488
1787,1.95517
1797,1.886
1798,1.82104
1799,1.53374
1822,1.52316
1829,1.51091
1840,1.49019
1847,1.33374
1858,1.30489
1870,1.25897
1877,1.2311
1879,0.839113
1885,0.836271
1905,0.509772
1930,0.501646
1936,0.484682
1948,0.403317
1956,0.391858
1968,0.338298
1981,0.297074
1986,0.22987
2012,0.170915
2063,0.166974
2073,0.13162
2095,0.12948
2105,0.116214
2120,0.0856967
2141,0.0803409
2143,0.07965
2150,0.0613578
2177,0.0550005
2181,0.0516532
2196,0.0502131
2205,0.0458231
2235,0.0420041
2237,0.0389643
2245,0.0349066
2255,0.0322729
2278,0.0270825
2295,0.0252051
2308,0.02381
2326,0.0232243
2331,0.0196532
2340,0.018026
2373,0.017319
2390,0.0155668
2397,0.0116765
2407,0.0111628
2409,0.00935531
2441,0.00835011
2455,0.00754401
2469,0.0069103
2471,0.00653503
2478,0.00592434
2488,0.00479594
2505,0.0043928
2508,0.0031693
2555,0.00228565
2561,0.00212849
2568,0.00193525
2585,0.00182057
2593,0.00160387
2612,0.00158173
2614,0.00128269
2648,0.00111266
2649,0.00108197
2655,0.000942341
2657,0.000792304
2669,0.000675567
2687,0.000545151
2731,0.000504382
2733,0.000481538
2734,0.000476093
2749,0.000443584
2753,0.000403809
2762,0.000317955
2764,0.000247243
2776,0.000199605
2794,0.000191379
2830,0.000161552
2862,0.000158014
2865,0.000141979
2869,0.000141301
2873,0.00012606
2874,0.000123898
2883,0.000121042
2884,0.000108152
2901,0.000101948
2909,9.15478e-05
2910,8.38403e-05
2932,7.90307e-05
2935,7.14279e-05
2936,5.42775e-05
2939,4.36915e-05
2955,3.94271e-05
2966,3.87719e-05
2985,3.29258e-05
2989,3.23465e-05
3008,3.06837e-05
3017,2.61477e-05
3020,1.77317e-05
3037,1.75311e-05
3038,1.73319e-05
3041,1.53945e-05
3047,1.49343e-05
3050,1.27562e-05
3054,1.22173e-05
3057,1.20547e-05
3071,9.45745e-06
3079,8.70817e-06
3086,8.60239e-06
3091,5.88513e-06
3107,5.04626e-06
3116,5.01198e-06
3133,4.9827e-06
3145,4.81156e-06
3147,4.19768e-06
3163,3.87957e-06
3167,3.65871e-06
3184,3.50608e-06
3196,3.49149e-06
3202,3.45118e-06
3207,3.38699e-06
3214,3.14208e-06
3215,2.80955e-06
3216,2.51299e-06
3221,2.38978e-06
3227,2.16297e-06
3240,1.87494e-06
3251,1.52827e-06
3261,1.4973e-06
3284,1.44886e-06
3291,1.24598e-06
3300,1.20032e-06
3304,1.07611e-06
3313,9.08933e-07
3315,8.14947e-07
3321,7.20208e-07
3339,6.76009e-07
3351,6.64298e-07
3355,6.05605e-07
3373,5.75367e-07
3385,5.2111e-07
3402,5.0281e-07
3427,4.07559e-07
3437,3.65055e-07
3452,3.22611e-07
3461,2.95879e-07
3467,2.33093e-07
3475,1.85662e-07
3496,1.84376e-07
3498,1.7733e-07
3514,1.28844e-07
3556,1.10936e-07
3559,1.03222e-07
3560,8.44968e-08
3568,6.45259e-08
3593,6.29562e-08
3598,5.77372e-08
3602,5.48456e-08
3615,4.32675e-08
3626,4.19148e-08
3628,3.57698e-08
3637,3.44335e-08
3638,3.1279e-08
3652,3.06388e-08
3656,3.0074e-08
3663,2.88192e-08
3668,2.16203e-08
3676,2.06618e-08
3680,1.80387e-08
3683,1.78302e-08
3695,1.62359e-08
3696,1.43282e-08
3705,1.22493e-08
3706,1.1449e-08
3713,1.03362e-08
3727,9.75735e-09
3730,9.56282e-09
3733,8.42842e-09
3738,8.2777e-09
3744,7.98775e-09
3749,7.45387e-09
3752,6.31051e-09
3757,4.51305e-09
3776,4.46074e-09
3778,3.87468e-09
3787,3.26094e-09
3800,2.88598e-09
3811,2.69814e-09
3813,2.46298e-09
3819,2.21577e-09
3827,2.07108e-09
3858,1.98778e-09
3859,1.72643e-09
3866,1.69124e-09
3877,1.59335e-09
3887,1.24934e-09
3898,1.22415e-09
3899,1.21181e-09
3905,1.11848e-09
3906,9.14546e-10
3911,8.57759e-10
3934,6.67596e-10
3943,5.56238e-10
3960,5.55521e-10
3963,4.93314e-10
3964,4.00546e-10
3968,3.54989e-10
3984,3.54434e-10
3985,3.17273e-10
3986,3.01253e-10
4001,2.75926e-10
4016,2.62189e-10
4031,2.56568e-10
4037,2.18992e-10
4042,1.89671e-10
4046,1.80616e-10
4055,1.79307e-10
4061,1.54976e-10
4083,1.51081e-10
4086,1.28997e-10
4091,1.11598e-10
4101,1.05839e-10
4103,9.82179e-11
4108,9.81927e-11
4120,8.64938e-11
4122,7.63712e-11
4126,7.2842e-11
4129,6.95994e-11
4148,6.82134e-11
4150,5.78051e-11
4152,5.44234e-11
4153,4.74357e-11
4167,4.55648e-11
4173,4.45546e-11
4176,4.20431e-11
4183,3.80053e-11
4186,3.79318e-11
4189,3.22962e-11
4193,3.16752e-11
4198,3.06928e-11
4202,2.96897e-11
4215,2.4048e-11
4221,2.16573e-11
4230,2.1466e-11
4236,2.06869e-11
4242,1.96773e-11
4245,1.86079e-11
4246,1.85164e-11
4260,1.72391e-11
4262,1.45621e-11
4275,1.4208e-11
4294,1.26057e-11
4301,1.24282e-11
4302,1.23134e-11
4310,1.18562e-11
4311,1.12505e-11
4318,9.9175e-12
4320,9.68649e-12
4323,9.15537e-12
4324,8.68759e-12
4329,7.17993e-12
4343,7.04395e-12
4347,7.01616e-12
4352,6.16569e-12
4355,5.98493e-12
4362,4.83485e-12
4387,4.55093e-12
4389,3.90309e-12
4395,3.31346e-12
4415,2.65251e-12
4429,2.57114e-12
4436,2.22731e-12
4445,2.13115e-12
4446,1.96457e-12
4456,1.94915e-12
4457,1.18283e-12
4476,1.09532e-12
4490,1.01969e-12
4495,7.48951e-13
4511,7.18358e-13
4517,6.78232e-13
4522,6.3276e-13
4523,5.89551e-13
4527,5.61731e-13
4539,4.91418e-13
4547,4.49291e-13
4559,4.48027e-13
4560,3.47497e-13
4569,3.01912e-13
4580,2.84027e-13
4583,2.80113e-13
4590,2.45092e-13
4592,2.26976e-13
4597,1.72954e-13
4603,1.68779e-13
4610,1.64393e-13
4622,1.50503e-13
4625,1.37008e-13
4627,1.13654e-13
4648,1.07243e-13
4652,8.3967e-14
4673,8.26955e-14
4680,8.01122e-14
4681,7.68655e-14
4684,6.13816e-14
4694,5.34997e-14
4723,5.0368e-14
4724,4.86492e-14
4730,4.30654e-14
4737,3.89142e-14
4751,3.22048e-14
4753,3.20523e-14
4763,3.06979e-14
4764,2.94605e-14
4765,2.58314e-14
4773,2.55777e-14
4780,2.28454e-14
4781,2.05169e-14
4795,1.888e-14
4818,1.79516e-14
4820,1.72602e-14
4830,1.71687e-14
4839,1.65811e-14
4840,1.56751e-14
4858,1.26821e-14
4865,1.21412e-14
4873,1.16695e-14
4877,1.1349e-14
4884,1.06224e-14
4885,8.9678e-15
4889,7.84134e-15
4898,7.59155e-15
4900,7.37819e-15
4902,6.73571e-15
4915,6.58822e-15
4916,5.7966e-15
4917,5.44358e-15
4918,4.91165e-15
4926,4.72455e-15
4933,4.11384e-15
4937,4.10876e-15
4945,3.78639e-15
4946,3.48884e-15
4962,3.45096e-15
4969,3.32751e-15
4973,3.16897e-15
4979,2.70343e-15
4984,2.6334e-15
4995,2.33312e-15
5001,2.14667e-15
5008,1.81678e-15
5010,1.80251e-15
5014,1.79487e-15
5015,1.75256e-15
5017,1.59782e-15
5020,1.42466e-15
5022,1.41324e-15
5026,1.38617e-15
5029,1.23504e-15
5039,1.17638e-15
5043,1.12616e-15
5050,1.11553e-15
5054,1.1153e-15
5055,1.08224e-15
5058,9.51672e-16
5061,9.47859e-16
5065,8.54126e-16
5069,7.69967e-16
5079,7.53119e-16
5084,6.96299e-16
5100,6.23511e-16
5109,6.21733e-16
5113,5.9814e-16
5117,5.4234e-16
5118,5.40873e-16
5128,5.38248e-16
5130,4.95384e-16
5139,4.39686e-16
5143,4.06917e-16
5150,3.75324e-16
5160,3.2852e-16
5164,2.92215e-16
5170,2.57905e-16
5188,2.40189e-16
5194,2.3269e-16
5205,1.97986e-16
5210,1.81416e-16
5220,1.81202e-16
5224,1.46817e-16
5241,1.41925e-16
5244,1.22495e-16
5249,1.03033e-16
5258,1.00002e-16
5262,8.5545e-17
5284,7.15081e-17
5308,6.69211e-17
5312,6.47874e-17
5315,5.79272e-17
5317,5.26838e-17
5326,4.93434e-17
5328,4.54523e-17
5331,4.44898e-17
5340,3.94484e-17
5342,3.84239e-17
5346,3.53948e-17
5347,3.33122e-17
5348,3.04885e-17
5349,3.04592e-17
5360,3.02955e-17
5370,2.97269e-17
5371,2.41692e-17
5372,2.2963e-17
5377,2.27239e-17
5378,1.90427e-17
5384,1.67849e-17
5386,1.63303e-17
5391,1.57811e-17
5396,1.21733e-17
5397,1.02368e-17
5405,1.00855e-17
5417,9.98422e-18
5418,9.93021e-18
5420,9.90997e-18
5423,9.07991e-18
5427,8.51799e-18
5429,7.86544e-18
5433,7.71716e-18
5434,6.31127e-18
5438,5.43104e-18
5444,4.75055e-18
5457,4.70395e-18
5469,4.62399e-18
5474,4.49928e-18
5475,4.48757e-18
5476,3.70668e-18
5479,3.67956e-18
5481,3.63775e-18
5485,3.48493e-18
5487,3.23055e-18
5500,2.97351e-18
5515,2.86545e-18
5517,2.81191e-18
5518,2.77901e-18
5527,2.74931e-18
5528,2.45447e-18
5529,2.40385e-18
5533,2.31854e-18
5544,2.06487e-18
5551,1.9441e-18
5557,1.58238e-18
5560,1.56067e-18
5565,1.31188e-18
5566,1.15559e-18
5572,1.15372e-18
5582,1.13918e-18
5584,8.96762e-19
5588,8.95548e-19
5600,8.22685e-19
5603,8.09329e-19
5604,7.1263e-19
5605,7.09197e-19
5609,6.68057e-19
5612,6.67166e-19
5620,6.43963e-19
5621,5.54544e-19
5627,5.30654e-19
5628,4.23199e-19
5637,4.18082e-19
5638,3.66374e-19
5664,3.63151e-19
5667,3.42458e-19
5668,3.32037e-19
5675,2.67739e-19
5678,2.2772e-19
5683,2.18068e-19
5687,2.01941e-19
5689,1.80676e-19
5709,1.73908e-19
5711,1.4179e-19
5725,1.30205e-19
5727,1.21937e-19
5732,1.12468e-19
5741,9.99772e-20
5744,9.66919e-20
5747,9.66902e-20
5762,9.14929e-20
5765,9.09081e-20
5767,8.4555e-20
5768,7.93637e-20
5771,7.79408e-20
5772,7.00977e-20
5774,6.29381e-20
5782,6.02497e-20
5794,5.46204e-20
5799,5.14873e-20
5801,4.01168e-20
5809,3.76961e-20
5811,3.47565e-20
5818,3.38874e-20
5823,2.88602e-20
5828,2.6414e-20
5837,2.61845e-20
5843,2.50873e-20
5846,2.27595e-20
5848,2.03432e-20
5863,1.73697e-20
5872,1.72306e-20
5879,1.6416e-20
5883,1.38219e-20
5889,1.28973e-20
5895,1.11615e-20
5899,9.92633e-21
5904,9.84675e-21
5912,8.42387e-21
5929,8.15646e-21
5932,6.69479e-21
5939,6.49862e-21
5942,6.14714e-21
5943,6.09374e-21
5946,5.99772e-21
5950,5.79381e-21
5961,5.35626e-21
5965,5.14312e-21
5975,4.54783e-21
5978,4.53337e-21
5980,3.0232e-21
6008,2.61838e-21
6010,2.58947e-21
6016,2.13839e-21
6026,1.90712e-21
6036,1.87238e-21
6040,1.78025e-21
6041,1.73141e-21
6062,1.63106e-21
6068,1.55346e-21
6073,1.37831e-21
6078,1.27126e-21
6080,1.24184e-21
6087,1.22504e-21
6088,9.79052e-22
6096,8.36974e-22
6109,7.24027e-22
6126,6.7221e-22
6134,6.0684e-22
6141,4.96848e-22
6154,4.09744e-22
6159,3.7633e-22
6162,3.39054e-22
6166,2.76713e-22
6179,2.43959e-22
6189,2.32339e-22
6199,2.20757e-22
6217,2.09188e-22
6219,1.70556e-22
6221,1.62838e-22
6235,1.53192e-22
6241,1.46663e-22
6243,1.25955e-22
6244,1.05976e-22
6253,9.67894e-23
6264,8.64246e-23
6266,8.55608e-23
6273,7.13125e-23
6282,6.17052e-23
6288,6.02767e-23
6307,5.3137e-23
6311,5.0393e-23
6313,4.65048e-23
6321,4.33139e-23
6326,4.0128e-23
6328,3.86906e-23
6332,3.56791e-23
6339,2.87082e-23
6342,2.69653e-23
6345,2.07546e-23
6361,1.85546e-23
6364,1.53545e-23
6381,1.4613e-23
6384,1.15819e-23
6389,1.11553e-23
6390,9.54436e-24
6399,8.79938e-24
6412,7.71833e-24
6418,7.02885e-24
6421,6.62456e-24
6424,6.52707e-24
6429,5.27088e-24
6444,4.798e-24
6464,4.2655e-24
6473,4.03581e-24
6479,3.85949e-24
6481,3.61616e-24
6485,3.60115e-24
6486,2.49469e-24
6495,2.21585e-24
6500,2.21498e-24
6507,2.09742e-24
6508,1.95788e-24
6511,1.84115e-24
6512,1.55333e-24
6517,1.42261e-24
6519,1.22044e-24
6525,1.16968e-24
6539,1.03646e-24
6545,1.01102e-24
6547,9.76015e-25
6549,9.46823e-25
6551,8.7441e-25
6567,8.40978e-25
6568,8.3169e-25
6569,6.688e-25
6581,6.55934e-25
6583,6.35369e-25
6585,5.8159e-25
6594,5.67482e-25
6596,5.36593e-25
6609,4.93961e-25
6617,3.94245e-25
6632,3.71169e-25
6633,3.49127e-25
6634,3.11352e-25
6635,3.10978e-25
6636,2.55107e-25
6645,2.54884e-25
6652,2.0755e-25
6656,1.86316e-25
6663,1.81556e-25
6664,1.76654e-25
6666,1.61807e-25
6679,1.3704e-25
6681,1.27498e-25
6682,1.1723e-25
6685,1.05786e-25
6694,1.05456e-25
6695,1.0223e-25
6696,8.90684e-26
6701,8.62857e-26
6705,7.53649e-26
6710,7.34675e-26
6719,7.23839e-26
6724,6.71273e-26
6731,6.39897e-26
6750,6.35431e-26
6753,5.40192e-26
6759,5.04559e-26
6761,4.91914e-26
6765,4.79827e-26
6772,4.44283e-26
6777,4.43606e-26
6781,3.89917e-26
6791,3.75388e-26
6794,3.54628e-26
6798,2.81573e-26
6802,2.67874e-26
6809,2.59098e-26
6810,2.15675e-26
6817,2.04454e-26
6823,1.9692e-26
6827,1.87728e-26
6830,1.53739e-26
6839,1.46453e-26
6845,1.40027e-26
6852,1.32835e-26
6863,1.14205e-26
6877,1.07906e-26
6880,1.0076e-26
6887,7.97648e-27
6888,7.81064e-27
6890,7.01977e-27
6897,6.53786e-27
6899,6.2113e-27
6908,6.04705e-27
6914,5.8531e-27
6917,5.65779e-27
6919,5.24065e-27
6926,4.10242e-27
6928,3.68425e-27
6931,3.25431e-27
6936,3.14457e-27
6939,2.88907e-27
6945,2.75573e-27
6947,2.74408e-27
6949,2.51489e-27
6958,2.3898e-27
6960,2.26082e-27
6961,2.00425e-27
6963,2.0011e-27
6965,1.82407e-27
6968,1.80387e-27
6974,1.71006e-27
6981,1.63078e-27
6982,1.54677e-27
6984,1.42095e-27
6987,1.34885e-27
6992,1.13108e-27
7001,1.10824e-27
7007,1.09414e-27
7013,9.72134e-28
7019,9.15446e-28
7022,8.49248e-28
7030,8.16878e-28
7033,7.58484e-28
7035,7.36108e-28
7038,6.83496e-28
7043,6.7627e-28
7044,6.68046e-28
7046,6.52369e-28
7052,5.94817e-28
7061,5.11229e-28
7068,5.07642e-28
7071,4.33847e-28
7085,4.14024e-28
7086,3.8959e-28
7090,3.8171e-28
7095,3.10021e-28
7100,2.73774e-28
7102,2.69199e-28
7106,2.49904e-28
7107,2.38188e-28
7110,2.21628e-28
7117,2.10214e-28
7123,1.99434e-28
7132,1.93878e-28
7136,1.93562e-28
7138,1.89949e-28
7139,1.76072e-28
7151,1.72382e-28
7154,1.56474e-28
7159,1.51394e-28
7161,1.46203e-28
7170,1.45596e-28
7171,1.43735e-28
7174,1.38851e-28
7180,1.34652e-28
7182,1.14337e-28
7184,1.08307e-28
7188,1.05558e-28
7189,1.01319e-28
7191,9.68501e-29
7196,9.3356e-29
7202,7.97453e-29
7209,7.96327e-29
7216,7.13071e-29
7220,6.58849e-29
7224,6.40527e-29
7227,5.65079e-29
7233,5.43219e-29
7237,5.36601e-29
7248,5.1791e-29
7256,4.83361e-29
7257,4.78005e-29
7258,4.6601e-29
7261,3.74973e-29
7265,3.58599e-29
7274,3.30589e-29
7287,3.07436e-29
7295,2.85972e-29
7298,2.66411e-29
7300,2.59518e-29
7303,2.50122e-29
7310,2.29215e-29
7317,2.13782e-29
7323,2.11996e-29
7335,1.68972e-29
7343,1.52389e-29
7350,1.31315e-29
7352,1.29115e-29
7357,1.21607e-29
7366,1.19176e-29
7369,1.09663e-29
7375,1.08187e-29
7379,1.06287e-29
7381,9.91393e-30
7383,9.68008e-30
7387,9.11532e-30
7395,8.52251e-30
7399,8.38863e-30
7401,8.11716e-30
7404,7.75878e-30
7414,7.37804e-30
7415,7.32522e-30
7418,6.8331e-30
7419,6.65815e-30
7421,6.19953e-30
7429,6.11877e-30
7430,5.77499e-30
7431,5.3399e-30
7434,5.2745e-30
7439,4.17732e-30
7460,3.38161e-30
7465,3.15461e-30
7468,3.15393e-30
7471,3.06477e-30
7473,3.05075e-30
7474,2.76339e-30
7475,2.7355e-30
7477,2.73012e-30
7480,2.58629e-30
7482,2.44665e-30
7486,2.36947e-30
7490,2.34375e-30
7491,2.19309e-30
7492,1.98109e-30
7504,1.83155e-30
7505,1.81456e-30
7506,1.76804e-30
7507,1.38584e-30
7514,1.21669e-30
7516,1.15434e-30
7524,1.10625e-30
7531,1.10511e-30
7534,1.04776e-30
7541,1.04736e-30
7544,8.8345e-31
7556,8.71051e-31
7557,7.77886e-31
7562,7.47843e-31
7570,7.43156e-31
7580,7.10243e-31
7581,6.89536e-31
7592,6.80107e-31
7598,6.41127e-31
7600,5.9942e-31
7601,5.95725e-31
7604,5.94874e-31
7608,5.90932e-31
7609,5.70639e-31
7611,5.6042e-31
7621,5.10493e-31
7629,5.0346e-31
7632,4.75083e-31
7634,4.68736e-31
7638,4.42306e-31
7639,4.28751e-31
7641,4.06642e-31
7647,3.72599e-31
7653,3.40107e-31
7655,3.2255e-31
7659,3.05105e-31
7669,3.01534e-31
7670,2.94306e-31
7682,2.83372e-31
7683,2.81475e-31
7690,2.58924e-31
7694,2.56998e-31
7695,2.3208e-31
7701,2.28901e-31
7702,2.20837e-31
7709,2.16245e-31
7713,2.09867e-31
7714,2.04443e-31
7716,1.78029e-31
7725,1.67837e-31
7727,1.44518e-31
7742,1.44396e-31
7743,1.44017e-31
7744,1.28747e-31
7747,1.19988e-31
7752,1.1132e-31
7755,1.08168e-31
7757,1.0255e-31
7759,9.99421e-32
7761,9.93769e-32
7762,8.4992e-32
7763,8.16789e-32
7772,7.53544e-32
7787,7.53327e-32
7792,7.0768e-32
7796,7.05935e-32
7806,6.8031e-32
7807,6.0668e-32
7811,5.67944e-32
7816,5.31088e-32
7820,4.72174e-32
7821,4.63646e-32
7823,4.5047e-32
7824,4.19552e-32
7827,4.07176e-32
7833,3.91012e-32
7838,3.77074e-32
7839,3.4737e-32
7842,2.90546e-32
7849,2.72579e-32
7861,2.28781e-32
7868,2.16218e-32
7872,2.02063e-32
7873,1.97275e-32
7877,1.9477e-32
7879,1.91209e-32
7880,1.86063e-32
7884,1.57864e-32
7888,1.53955e-32
7891,1.51132e-32
7894,1.45811e-32
7901,1.38796e-32
7902,1.31731e-32
7904,1.29439e-32
7906,1.21556e-32
7910,1.14558e-32
7911,9.58515e-33
7915,9.22811e-33
7917,7.66777e-33
7922,6.74622e-33
7923,6.71773e-33
7924,6.59712e-33
7925,6.07344e-33
7926,5.96574e-33
7928,5.26108e-33
7932,4.92797e-33
7938,4.68307e-33
7940,4.42367e-33
7947,3.98864e-33
7949,3.75041e-33
7952,3.31069e-33
7964,2.7353e-33
7972,2.65315e-33
7973,2.59535e-33
7974,2.47493e-33
7976,2.08928e-33
7982,2.03579e-33
7986,1.83561e-33
7992,1.75653e-33
7994,1.60144e-33
7998,1.55898e-33
8006,1.43324e-33
8007,1.39679e-33
8009,1.36791e-33
8010,1.29667e-33
8012,1.21222e-33
8027,1.19599e-33
8031,1.01352e-33
8038,9.96527e-34
8041,9.61771e-34
8048,8.90788e-34
8053,8.6582e-34
8055,8.45755e-34
8058,8.22044e-34
8060,7.34222e-34
8061,7.28494e-34
8064,6.78197e-34
8066,6.56946e-34
8070,6.32191e-34
8084,5.66617e-34
8088,5.27168e-34
8101,4.9891e-34
8110,4.65445e-34
8114,4.42546e-34
8118,4.39959e-34
8122,4.33379e-34
8124,4.31592e-34
8126,3.94836e-34
8127,3.91229e-34
8128,3.80842e-34
8133,3.77007e-34
8137,3.76714e-34
8139,3.73117e-34
8141,3.51486e-34
8144,3.48626e-34
8152,3.07451e-34
8153,2.98525e-34
8156,2.70558e-34
8158,2.70226e-34
8160,2.56234e-34
8172,2.12948e-34
8179,1.86511e-34
8183,1.83281e-34
8187,1.65082e-34
8189,1.52263e-34
8198,1.4432e-34
8203,1.43448e-34
8208,1.36838e-34
8219,1.26553e-34
8228,1.23123e-34
8229,1.21867e-34
8230,1.10298e-34
8240,1.0428e-34
8247,1.00094e-34
8249,9.94348e-35
8254,9.85079e-35
8255,8.96573e-35
8263,8.5373e-35
8265,8.10357e-35
8270,7.10271e-35
8276,7.03729e-35
8277,6.42432e-35
8278,6.24551e-35
8280,5.41918e-35
8289,4.23079e-35
8296,3.555e-35
8301,3.53309e-35
8305,3.41566e-35
8310,3.19739e-35
8320,3.06353e-35
8324,2.59359e-35
8331,2.45544e-35
8333,2.39225e-35
8334,2.3442e-35
8335,2.29613e-35
8343,2.25797e-35
8345,2.05056e-35
8351,1.88498e-35
8360,1.69275e-35
8367,1.62451e-35
8372,1.57023e-35
8373,1.53857e-35
8374,1.52713e-35
8376,1.36515e-35
8383,1.36014e-35
8385,1.28338e-35
8386,1.24661e-35
8387,1.22397e-35
8388,1.13464e-35
8390,1.07859e-35
8391,1.06136e-35
8396,9.73049e-36
8408,9.70942e-36
8410,9.57275e-36
8414,9.22324e-36
8419,8.43703e-36
8425,8.03948e-36
8426,7.47264e-36
8427,6.34651e-36
8444,5.76371e-36
8450,5.30664e-36
8451,4.88479e-36
8453,4.83846e-36
8455,4.78554e-36
8458,4.56726e-36
8459,4.52483e-36
8463,4.37551e-36
8465,4.07184e-36
8468,3.94258e-36
8472,3.26957e-36
8475,3.25727e-36
8479,2.88177e-36
8485,2.82339e-36
8487,2.82266e-36
8493,2.74055e-36
8501,2.56857e-36
8502,2.55788e-36
8506,2.40072e-36
8512,2.32037e-36
8515,2.13049e-36
8519,2.12403e-36
8521,1.94885e-36
8526,1.919e-36
8529,1.87989e-36
8537,1.84163e-36
8538,1.69781e-36
8544,1.65228e-36
8545,1.58323e-36
8546,1.38711e-36
8558,1.35006e-36
8559,1.2697e-36
8568,1.20114e-36
8571,1.07809e-36
8575,1.01948e-36
8581,1.00031e-36
8583,8.88044e-37
8593,8.24047e-37
8595,8.18521e-37
8599,7.62334e-37
8600,7.26289e-37
8604,7.01236e-37
8612,6.46469e-37
8613,5.99052e-37
8614,5.56691e-37
8625,4.65473e-37
8635,4.52604e-37
8636,4.33997e-37
8639,4.23943e-37
8645,3.91392e-37
8646,3.76708e-37
8649,3.62306e-37
8652,3.56701e-37
8654,3.55935e-37
8656,3.44391e-37
8663,3.22018e-37
8668,2.47063e-37
8680,2.45088e-37
8683,1.94691e-37
8692,1.92716e-37
8697,1.79101e-37
8698,1.7218e-37
8703,1.6604e-37
8706,1.59642e-37
8709,1.46398e-37
8711,1.38145e-37
8714,1.30411e-37
8718,1.25433e-37
8720,1.13426e-37
8727,1.10137e-37
8728,1.05098e-37
8729,1.04194e-37
8733,1.03388e-37
8734,9.08583e-38
8735,8.77673e-38
8739,8.48297e-38
8742,8.35144e-38
8743,7.29348e-38
8750,7.2419e-38
8755,7.0346e-38
8757,6.10561e-38
8781,5.6161e-38
8782,4.64489e-38
8790,4.55431e-38
8794,4.21644e-38
8802,4.20846e-38
8803,4.04006e-38
8804,3.91763e-38
8808,3.70911e-38
8810,3.68918e-38
8815,3.32054e-38
8822,3.14634e-38
8824,3.12435e-38
8826,3.05736e-38
8827,2.9591e-38
8830,2.70034e-38
8832,2.64701e-38
8842,2.61963e-38
8844,2.50624e-38
8845,2.4018e-38
8846,2.2075e-38
8848,2.14266e-38
8853,1.91916e-38
8859,1.88535e-38
8860,1.78859e-38
8861,1.7622e-38
8873,1.70788e-38
8874,1.60224e-38
8876,1.51274e-38
8885,1.4921e-38
8886,1.3641e-38
8890,1.31749e-38
8902,1.31195e-38
8908,1.29517e-38
8909,1.13944e-38
8910,1.02953e-38
8912,9.46767e-39
8922,9.07987e-39
8924,8.35118e-39
8930,8.02266e-39
8932,7.73916e-39
8940,7.08955e-39
8945,7.06953e-39
8947,6.01344e-39
8951,5.71189e-39
8954,5.5416e-39
8955,5.28529e-39
8959,5.10314e-39
8962,4.82617e-39
8965,4.71815e-39
8967,4.52538e-39
8974,4.39031e-39
8976,3.72564e-39
8980,3.59697e-39
8981,3.58419e-39
8986,3.32419e-39
8995,3.26888e-39
8997,2.95482e-39
9001,2.58972e-39
9010,2.56881e-39
9018,2.38992e-39
9021,2.35077e-39
9036,2.34847e-39
9037,2.12466e-39
9040,1.85664e-39
9048,1.84958e-39
9051,1.76589e-39
9064,1.74185e-39
9065,1.68236e-39
9070,1.63764e-39
9071,1.6145e-39
9074,1.5766e-39
9082,1.54619e-39
9083,1.49801e-39
9084,1.43538e-39
9087,1.36291e-39
9090,1.29584e-39
9092,1.22016e-39
9094,1.19267e-39
9098,1.14813e-39
9103,1.13226e-39
9104,1.0683e-39
9106,1.02708e-39
9122,1.01319e-39
9130,1.00007e-39
9133,9.23094e-40
9136,8.44817e-40
9142,8.1168e-40
9151,7.53228e-40
9161,6.2481e-40
9164,6.15332e-40
9167,5.98442e-40
9173,5.83416e-40
9175,5.555e-40
9177,5.40929e-40
9181,5.15381e-40
9182,5.03074e-40
9185,4.75569e-40
9186,4.5747e-40
9192,4.1034e-40
9216,3.68398e-40
9222,3.35482e-40
9229,3.27087e-40
9233,3.08737e-40
9236,3.03767e-40
9238,3.01821e-40
9240,2.95179e-40
9246,2.89776e-40
9248,2.62982e-40
9249,2.4357e-40
9256,2.37452e-40
9259,2.23943e-40
9261,2.23808e-40
9269,2.16403e-40
9274,1.95686e-40
9277,1.95502e-40
9281,1.75823e-40
9284,1.73812e-40
9288,1.61528e-40
9300,1.52822e-40
9302,1.42448e-40
9306,1.41974e-40
9307,1.39521e-40
9322,1.3455e-40
9323,1.30707e-40
9326,1.27682e-40
9327,1.22307e-40
9330,1.20882e-40
9334,1.19069e-40
9341,1.18295e-40
9345,1.15787e-40
9350,1.07059e-40
9351,1.00681e-40
9356,9.76483e-41
9360,8.69315e-41
9368,8.22525e-41
9370,8.14821e-41
9372,8.10243e-41
9377,7.20454e-41
9379,7.18246e-41
9386,6.66851e-41
9388,5.98453e-41
9391,5.91137e-41
9399,5.45236e-41
9400,5.45009e-41
9409,5.37858e-41
9411,5.33267e-41
9415,4.85464e-41
9419,4.81843e-41
9429,4.74436e-41
9430,4.69462e-41
9431,4.31669e-41
9438,4.23223e-41
9444,4.05741e-41
9446,3.8598e-41
9453,3.78238e-41
9454,3.55713e-41
9458,3.55527e-41
9460,3.37205e-41
9463,3.00426e-41
9466,2.91995e-41
9468,2.87939e-41
9471,2.65111e-41
9477,2.62132e-41
9490,2.55818e-41
9496,2.25572e-41
9500,2.08148e-41
9508,1.99927e-41
9511,1.95438e-41
9515,1.95242e-41
9516,1.91788e-41
9520,1.88856e-41
9523,1.87902e-41
9525,1.81428e-41
9526,1.81375e-41
9527,1.80022e-41
9528,1.75814e-41
9530,1.71257e-41
9531,1.66088e-41
9534,1.65462e-41
9536,1.65346e-41
9540,1.61675e-41
9542,1.54106e-41
9546,1.45403e-41
9552,1.36318e-41
9554,1.27526e-41
9557,1.24837e-41
9559,1.22556e-41
9561,1.16299e-41
9567,1.1122e-41
9571,1.06107e-41
9572,1.04535e-41
9575,1.04517e-41
9578,9.6689e-42
9583,8.74325e-42
9590,8.60136e-42
9597,7.75878e-42
9610,7.67339e-42
9613,7.37932e-42
9614,6.92102e-42
9622,6.65673e-42
9624,6.35708e-42
9628,6.32729e-42
9630,5.78402e-42
9640,5.69605e-42
9642,4.81271e-42
9644,4.72608e-42
9645,4.69325e-42
9647,4.61983e-42
9648,4.44847e-42
9649,4.0668e-42
9658,4.01305e-42
9663,3.92788e-42
9671,3.76413e-42
9675,3.50651e-42
9681,3.47407e-42
9682,3.36775e-42
9684,3.2641e-42
9685,3.24103e-42
9686,3.03491e-42
9693,2.75155e-42
9699,2.71241e-42
9701,2.40927e-42
9708,2.4026e-42
9714,2.31645e-42
9715,2.31163e-42
9717,2.08928e-42
9725,1.99247e-42
9727,1.8872e-42
9730,1.84317e-42
9732,1.62405e-42
9738,1.61631e-42
9742,1.51757e-42
9755,1.45474e-42
9769,1.44899e-42
9773,1.37079e-42
9774,1.33041e-42
9783,1.29541e-42
9786,1.27562e-42
9788,1.19449e-42
9792,1.18547e-42
9803,1.09714e-42
9812,1.09628e-42
9813,1.07754e-42
9814,1.06803e-42
9815,8.91779e-43
9831,8.33834e-43
9833,8.19416e-43
9834,7.78699e-43
9841,7.4855e-43
9844,7.28914e-43
9849,7.22672e-43
9851,6.62176e-43
9868,5.98228e-43
9874,5.72786e-43
9882,5.66515e-43
9883,5.55855e-43
9887,5.33907e-43
9893,5.32733e-43
9894,4.93121e-43
9896,4.86847e-43
9897,4.69675e-43
9901,4.30596e-43
9902,4.24974e-43
9911,4.05773e-43
9917,4.00653e-43
9920,3.5084e-43
9923,3.47313e-43
9924,3.46357e-43
9926,3.34906e-43
9928,3.09126e-43
9932,3.01682e-43
9933,2.83102e-43
9939,2.66215e-43
9941,2.46507e-43
9947,2.39899e-43
9950,2.32371e-43
9954,2.04246e-43
9962,1.98405e-43
9970,1.91586e-43
9974,1.90125e-43
9975,1.86269e-43
9980,1.75653e-43
9981,1.72224e-43
9982,1.60766e-43
9989,1.56953e-43
9992,1.4916e-43
9993,1.46444e-43
9995,1.45222e-43
10000,1.37181e-43
10001,1.36617e-43
10002,1.35863e-43
10013,1.2955e-43
10015,1.28186e-43
10017,1.28141e-43
10021,1.17358e-43
10031,1.13476e-43
10033,1.09282e-43
10036,1.08854e-43
10037,1.08441e-43
10038,1.04893e-43
10040,1.01775e-43
10044,9.19124e-44
10047,8.93676e-44
10048,8.51793e-44
10051,8.45172e-44
10055,8.41986e-44
10059,8.03872e-44
10060,7.99367e-44
10061,7.90361e-44
10064,7.30355e-44
10075,6.7299e-44
10078,6.5051e-44
10079,6.40961e-44
10081,6.29352e-44
10085,6.0708e-44
10087,6.04669e-44
10088,5.84038e-44
10091,5.73587e-44
10092,5.66265e-44
10093,5.62473e-44
10094,5.34108e-44
10096,5.3319e-44
10105,5.22012e-44
10106,5.14263e-44
10107,4.84299e-44
10108,4.62003e-44
10112,4.48924e-44
10119,4.44887e-44
10122,4.30648e-44
10127,4.04997e-44
10131,3.88874e-44
10134,3.74764e-44
10137,3.69183e-44
10140,3.4002e-44
10145,3.33188e-44
10154,3.19758e-44
10157,3.15837e-44
10162,3.04561e-44
10166,2.93035e-44
10171,2.78288e-44
10174,2.68107e-44
10177,2.45904e-44
10183,2.43116e-44
10185,2.40998e-44
10188,2.20528e-44
10191,2.05858e-44
10197,1.9893e-44
10198,1.94887e-44
10201,1.82272e-44
10208,1.6503e-44
10209,1.63621e-44
10212,1.56669e-44
10214,1.44432e-44
10220,1.44276e-44
10221,1.43116e-44
10222,1.40958e-44
10224,1.36337e-44
10226,1.32173e-44
10227,1.26239e-44
10233,1.20176e-44
10234,1.18581e-44
10235,1.13556e-44
10240,1.12343e-44
10241,1.05463e-44
10242,9.91369e-45
10252,9.57774e-45
10253,9.26102e-45
10254,9.00714e-45
10258,8.59033e-45
10259,8.26132e-45
10260,8.1053e-45
10264,7.35251e-45
10273,7.11513e-45
10282,7.08403e-45
10285,6.02904e-45
10289,5.85442e-45
10295,5.46069e-45
10299,5.35254e-45
10301,5.33278e-45
10303,5.28064e-45
10304,5.0802e-45
10307,4.77072e-45
10315,4.67394e-45
10328,4.60656e-45
10329,4.55029e-45
10332,4.34911e-45
10336,4.01127e-45
10338,3.91892e-45
10341,3.78148e-45
10343,3.73834e-45
10345,3.5232e-45
10349,3.46309e-45
10354,3.31571e-45
10355,3.29472e-45
10357,3.26424e-45
10363,3.1621e-45
10364,2.98054e-45
10368,2.82659e-45
10376,2.75477e-45
10377,2.65912e-45
10387,2.56776e-45
10390,2.50381e-45
10392,2.44443e-45
10397,2.29071e-45
10398,2.21633e-45
10410,2.21474e-45
10413,2.18725e-45
10414,2.04972e-45
10415,2.0362e-45
10417,2.02557e-45
10420,1.9301e-45
10423,1.841e-45
10429,1.74142e-45
10430,1.68325e-45
10433,1.59204e-45
10434,1.57543e-45
10436,1.46438e-45
10437,1.45729e-45
10442,1.45506e-45
10446,1.43572e-45
10448,1.33344e-45
10455,1.29581e-45
10457,1.25251e-45
10461,1.23943e-45
10464,1.09626e-45
10470,1.09437e-45
10476,1.08253e-45
10477,1.00165e-45
10478,1.00068e-45
10487,9.31052e-46
10492,9.29005e-46
10496,9.19653e-46
10498,8.69824e-46
10500,8.55476e-46
10509,8.39926e-46
10518,8.26205e-46
10520,8.1749e-46
10522,7.73692e-46
10527,7.36106e-46
10530,6.80721e-46
10533,6.73098e-46
10542,6.24773e-46
10545,6.02196e-46
10546,5.81414e-46
10551,5.41325e-46
10560,5.30306e-46
10564,5.04395e-46
10570,5.02515e-46
10573,4.942e-46
10575,4.90874e-46
10578,4.81247e-46
10582,4.34376e-46
10587,4.33025e-46
10589,4.298e-46
10590,4.24201e-46
10591,4.14065e-46
10596,4.0798e-46
10597,3.93625e-46
10598,3.87177e-46
10599,3.82501e-46
10610,3.71232e-46
10614,3.70814e-46
10623,3.61824e-46
10628,3.44886e-46
10636,3.21962e-46
10645,3.03908e-46
10654,2.89675e-46
10655,2.8342e-46
10657,2.71847e-46
10658,2.62302e-46
10662,2.54366e-46
10667,2.44906e-46
10675,2.40964e-46
10681,2.37913e-46
10683,2.16438e-46
10688,2.16138e-46
10689,2.14591e-46
10691,2.09998e-46
10692,1.86781e-46
10697,1.84402e-46
10698,1.82765e-46
10700,1.81871e-46
10704,1.74783e-46
10711,1.68728e-46
10712,1.60301e-46
10715,1.56882e-46
10717,1.51206e-46
10720,1.48128e-46
10725,1.45045e-46
10731,1.41059e-46
10733,1.33662e-46
10736,1.32044e-46
10737,1.222e-46
10746,1.21479e-46
10747,1.18879e-46
10750,1.15562e-46
10755,1.14766e-46
10757,1.0838e-46
10759,1.06442e-46
10762,1.06236e-46
10763,1.04148e-46
10764,1.02935e-46
10765,9.82885e-47
10771,9.20043e-47
10778,9.17109e-47
10780,8.70807e-47
10782,8.54993e-47
10796,8.33197e-47
10798,8.23553e-47
10802,7.51912e-47
10810,7.45648e-47
10812,7.35433e-47
10813,7.32179e-47
10814,6.92187e-47
10816,6.8012e-47
10819,6.52387e-47
10823,6.43326e-47
10826,6.41947e-47
10828,6.14898e-47
10832,5.93216e-47
10834,5.59149e-47
10835,5.58578e-47
10837,5.54516e-47
10840,5.52747e-47
10842,5.45862e-47
10843,5.39875e-47
10844,5.24517e-47
10848,5.14713e-47
10849,5.10953e-47
10851,4.84408e-47
10855,4.78447e-47
10858,4.63476e-47
10861,4.6203e-47
10868,4.4041e-47
10869,4.19968e-47
10872,4.075e-47
10877,3.96262e-47
10879,3.88025e-47
10883,3.71128e-47
10886,3.68276e-47
10888,3.58349e-47
10890,3.43688e-47
10902,3.37877e-47
10909,3.37648e-47
10910,3.31813e-47
10911,3.05908e-47
10913,3.01543e-47
10920,2.93824e-47
10930,2.80276e-47
10940,2.62693e-47
10945,2.4792e-47
10947,2.46849e-47
10959,2.35899e-47
10969,2.25879e-47
10972,2.19586e-47
10975,2.18493e-47
10978,2.16011e-47
10984,2.12093e-47
10985,2.05002e-47
10986,1.95202e-47
10993,1.93029e-47
11002,1.84478e-47
11004,1.82474e-47
11007,1.78069e-47
11008,1.75531e-47
11011,1.72516e-47
11012,1.69052e-47
11017,1.62169e-47
11028,1.60225e-47
11034,1.51282e-47
11040,1.48085e-47
11043,1.46307e-47
11046,1.41954e-47
11053,1.3627e-47
11054,1.26747e-47
11056,1.25633e-47
11058,1.20172e-47
11062,1.18946e-47
11064,1.17311e-47
11069,1.14377e-47
11075,1.11184e-47
11078,1.10973e-47
11079,1.045e-47
11083,1.01204e-47
11086,9.92469e-48
11089,9.83651e-48
11091,9.78596e-48
11093,9.64911e-48
11096,9.44247e-48
11100,9.43566e-48
11108,8.84645e-48
11115,8.36248e-48
11120,8.15347e-48
11123,8.09325e-48
11127,7.62557e-48
11129,7.38621e-48
11130,7.29788e-48
11133,7.27198e-48
11142,7.13551e-48
11144,6.93263e-48
11146,6.71973e-48
11147,6.38872e-48
11149,6.24238e-48
11156,5.96149e-48
11161,5.80431e-48
11165,5.62018e-48
11171,5.44463e-48
11182,5.31338e-48
11183,5.10465e-48
11191,4.92667e-48
11192,4.92108e-48
11196,4.86442e-48
11197,4.86171e-48
11199,4.72979e-48
11202,4.65685e-48
11205,4.51345e-48
11206,4.40087e-48
11212,4.33319e-48
11213,4.29496e-48
11214,4.29313e-48
11215,4.07297e-48
11220,3.91031e-48
11225,3.77391e-48
11234,3.66154e-48
11237,3.58533e-48
11239,3.43745e-48
11244,3.39379e-48
11247,3.25055e-48
11250,3.18737e-48
11251,3.14667e-48
11255,3.07485e-48
11259,3.04956e-48
11260,2.95175e-48
11261,2.88601e-48
11262,2.87683e-48
11265,2.76221e-48
11266,2.7467e-48
11270,2.72715e-48
11271,2.71502e-48
11274,2.6577e-48
11277,2.56609e-48
11280,2.53753e-48
11283,2.45425e-48
11287,2.30544e-48
11297,2.25872e-48
11300,2.24022e-48
11301,2.11304e-48
11306,2.02417e-48
11312,2.00432e-48
11314,1.99108e-48
11315,1.96403e-48
11316,1.91021e-48
11326,1.81584e-48
11328,1.81308e-48
11329,1.7793e-48
11339,1.66595e-48
11348,1.6445e-48
11355,1.62757e-48
11356,1.60641e-48
11357,1.57073e-48
11359,1.54178e-48
11360,1.52985e-48
11365,1.4853e-48
11368,1.48098e-48
11374,1.45888e-48
11375,1.45504e-48
11378,1.44561e-48
11379,1.42287e-48
11380,1.41682e-48
11382,1.3996e-48
11385,1.34008e-48
11389,1.32396e-48
11396,1.32143e-48
11399,1.30971e-48
11400,1.27608e-48
11404,1.27026e-48
11408,1.21192e-48
11414,1.20589e-48
11417,1.13389e-48
11427,1.07434e-48
11430,1.05472e-48
11434,1.03797e-48
11436,1.0267e-48
11438,1.00563e-48
11440,9.73424e-49
11446,9.50806e-49
11447,8.99508e-49
11448,8.9821e-49
11452,8.71423e-49
11456,8.41549e-49
11458,8.32711e-49
11459,8.06067e-49
11460,7.95555e-49
11462,7.73364e-49
11463,7.64883e-49
11465,7.42522e-49
11467,7.37646e-49
11472,7.36743e-49
11474,7.3619e-49
11475,6.93845e-49
11483,6.88609e-49
11485,6.74219e-49
11486,6.73432e-49
11488,6.54229e-49
11491,6.44208e-49
11498,6.30268e-49
11499,6.06746e-49
11515,6.05592e-49
11517,6.00653e-49
11519,5.97323e-49
11528,5.92784e-49
11530,5.71719e-49
11531,5.6471e-49
11538,5.43315e-49
11546,5.42902e-49
11548,5.23281e-49
11550,5.03393e-49
11555,4.90126e-49
11558,4.86151e-49
11559,4.82763e-49
11560,4.78573e-49
11563,4.76147e-49
11564,4.63985e-49
11567,4.52834e-49
11568,4.51643e-49
11569,4.44205e-49
11571,4.21979e-49
11572,4.14336e-49
11575,4.0589e-49
11579,4.02446e-49
11580,4.01775e-49
11582,3.96192e-49
11583,3.9034e-49
11584,3.82685e-49
11589,3.53819e-49
11599,3.49833e-49
11610,3.34345e-49
11615,3.29924e-49
11620,3.26957e-49
11621,3.18936e-49
11622,3.18716e-49
11624,3.13203e-49
11625,3.12202e-49
11627,3.06522e-49
11628,3.03989e-49
11632,3.02887e-49
11636,2.96071e-49
11637,2.92195e-49
11640,2.87299e-49
11644,2.82864e-49
11645,2.82608e-49
11646,2.7588e-49
11650,2.72159e-49
11652,2.61742e-49
11659,2.60118e-49
11665,2.5981e-49
11667,2.59383e-49
11668,2.57409e-49
11672,2.40837e-49
11674,2.4008e-49
11676,2.36045e-49
11679,2.35021e-49
11680,2.33441e-49
11683,2.21861e-49
11686,2.1381e-49
11693,2.1345e-49
11695,2.08308e-49
11701,2.07282e-49
11703,1.96158e-49
11710,1.91958e-49
11721,1.91102e-49
11722,1.88738e-49
11723,1.84611e-49
11726,1.81891e-49
11727,1.74862e-49
11735,1.62755e-49
11743,1.54812e-49
11746,1.51475e-49
11753,1.47388e-49
11755,1.45503e-49
11757,1.43361e-49
11763,1.38929e-49
11764,1.32786e-49
11767,1.32236e-49
11768,1.30953e-49
11770,1.29875e-49
11773,1.24471e-49
11778,1.22987e-49
11779,1.22736e-49
11782,1.22444e-49
11783,1.19724e-49
11790,1.17816e-49
11793,1.16203e-49
11794,1.14186e-49
11800,1.13479e-49
11801,1.13229e-49
11805,1.12923e-49
11808,1.08015e-49
11812,1.06952e-49
11821,1.04353e-49
11824,1.03368e-49
11825,9.78855e-50
11826,9.78728e-50
11828,9.69324e-50
11840,9.4614e-50
11847,9.43725e-50
11848,9.39778e-50
11849,9.02236e-50
11853,8.94534e-50
11854,8.88717e-50
11858,8.81203e-50
11871,8.73306e-50
11873,8.67835e-50
11876,8.64903e-50
11877,8.49103e-50
11881,8.29107e-50
11886,8.19577e-50
11892,8.10703e-50
11894,7.76294e-50
11902,7.68371e-50
11903,7.66401e-50
11904,7.34754e-50
11909,6.97572e-50
11913,6.83271e-50
11918,6.55911e-50
11921,6.48549e-50
11926,6.36571e-50
11930,6.22329e-50
11936,6.14806e-50
11940,6.06758e-50
11941,5.99932e-50
11942,5.9662e-50
11945,5.91342e-50
11947,5.80985e-50
11955,5.65259e-50
11956,5.6283e-50
11958,5.50166e-50
11961,5.40509e-50
11962,5.40469e-50
11968,5.18652e-50
11970,5.10235e-50
11975,5.08585e-50
11976,5.00357e-50
11977,4.93251e-50
11978,4.7449e-50
11981,4.74345e-50
11987,4.60697e-50
11990,4.52484e-50
11994,4.49045e-50
11995,4.372e-50
11996,4.34654e-50
11998,4.24818e-50
12007,4.18686e-50
12008,4.17993e-50
12010,4.10606e-50
12015,4.08036e-50
12021,4.07801e-50
12022,4.05168e-50
12025,3.94634e-50
12028,3.88673e-50
12034,3.88365e-50
12037,3.77609e-50
12039,3.74755e-50
12041,3.726e-50
12043,3.72317e-50
12044,3.65918e-50
12050,3.63721e-50
12051,3.61851e-50
12053,3.52078e-50
12054,3.44796e-50
12055,3.39239e-50
12065,3.35159e-50
12070,3.34842e-50
12071,3.26117e-50
12074,3.17553e-50
12079,3.16073e-50
12083,3.12419e-50
12084,3.0774e-50
12087,3.04204e-50
12090,2.93203e-50
12092,2.92569e-50
12093,2.85774e-50
12099,2.80685e-50
12104,2.75958e-50
12108,2.75714e-50
12109,2.63259e-50
12113,2.57983e-50
12116,2.5739e-50
12117,2.46437e-50
12130,2.4576e-50
12133,2.45506e-50
12138,2.45102e-50
12141,2.44399e-50
12142,2.31916e-50
12146,2.25536e-50
12149,2.24542e-50
12150,2.22175e-50
12151,2.18892e-50
12152,2.13741e-50
12159,2.13565e-50
12166,2.06001e-50
12171,2.01005e-50
12179,1.9818e-50
12182,1.94694e-50
12183,1.89588e-50
12207,1.89368e-50
12211,1.88226e-50
12212,1.87783e-50
12214,1.83385e-50
12215,1.77716e-50
12222,1.7516e-50
12226,1.70224e-50
12242,1.615e-50
12253,1.54861e-50
12256,1.53414e-50
12261,1.46829e-50
12265,1.43538e-50
12279,1.43534e-50
12280,1.39923e-50
12286,1.37861e-50
12287,1.35408e-50
12289,1.35375e-50
12290,1.35075e-50
12293,1.34166e-50
12295,1.32619e-50
12302,1.27043e-50
12307,1.24902e-50
12310,1.21258e-50
12316,1.20225e-50
12318,1.18214e-50
12319,1.18188e-50
12320,1.13326e-50
12327,1.11173e-50
12328,1.09678e-50
12344,1.06923e-50
12346,1.05453e-50
12347,1.04607e-50
12351,1.03696e-50
12353,1.02103e-50
12361,1.02062e-50
12362,1.01714e-50
12369,1.01384e-50
12371,9.91601e-51
12377,9.76392e-51
12382,9.60211e-51
12384,9.54979e-51
12388,9.13502e-51
12394,8.74668e-51
12397,8.74576e-51
12398,8.63638e-51
12402,8.58287e-51
12403,8.47848e-51
12407,8.3605e-51
12417,8.27491e-51
12418,8.17505e-51
12429,8.13104e-51
12430,8.10335e-51
12433,8.08743e-51
12435,8.0475e-51
12436,7.8366e-51
12439,7.74999e-51
12442,7.71914e-51
12446,7.47015e-51
12449,7.22209e-51
12457,7.12099e-51
12460,7.06284e-51
12461,6.9663e-51
12465,6.76573e-51
12469,6.69391e-51
12470,6.62039e-51
12479,6.4856e-51
12482,6.42912e-51
12483,6.39768e-51
12485,6.23841e-51
12487,6.16987e-51
12490,6.00965e-51
12492,5.99368e-51
12494,5.94219e-51
12496,5.94061e-51
12497,5.92275e-51
12498,5.85208e-51
12501,5.70022e-51
12506,5.63266e-51
12512,5.62378e-51
12514,5.59135e-51
12515,5.35286e-51
12518,5.2914e-51
12519,5.24427e-51
12525,5.24309e-51
12531,5.22883e-51
12532,5.20623e-51
12535,5.19229e-51
12536,5.17589e-51
12538,5.13031e-51
12540,5.03329e-51
12542,4.92296e-51
12553,4.88091e-51
12559,4.84191e-51
12561,4.8304e-51
12562,4.68421e-51
12564,4.66424e-51
12569,4.61168e-51
12572,4.48882e-51
12573,4.48596e-51
12577,4.442e-51
12578,4.41675e-51
12579,4.23454e-51
12590,4.21725e-51
12596,4.09229e-51
12602,4.02492e-51
12603,3.98409e-51
12604,3.96956e-51
12608,3.91813e-51
12612,3.86265e-51
12617,3.86099e-51
12618,3.82785e-51
12626,3.80977e-51
12630,3.79235e-51
12631,3.78297e-51
12637,3.7355e-51
12646,3.59905e-51
12651,3.59795e-51
12654,3.54767e-51
12658,3.53729e-51
12659,3.53127e-51
12662,3.51482e-51
12663,3.47272e-51
12665,3.42595e-51
12669,3.3956e-51
12675,3.3044e-51
12688,3.28265e-51
12692,3.24348e-51
12693,3.2004e-51
12696,3.1938e-51
12698,3.16597e-51
12704,3.10655e-51
12706,3.09744e-51
12707,3.08382e-51
12710,3.08312e-51
12711,3.00974e-51
12714,3.00069e-51
12718,2.98372e-51
12720,2.90146e-51
12725,2.8979e-51
12729,2.8558e-51
12732,2.84046e-51
12734,2.80851e-51
12735,2.77661e-51
12739,2.75581e-51
12740,2.7488e-51
12742,2.70462e-51
12743,2.66204e-51
12745,2.66044e-51
12746,2.61926e-51
12753,2.6189e-51
12754,2.59327e-51
12756,2.55932e-51
12757,2.51975e-51
12760,2.51106e-51
12763,2.46676e-51
12766,2.4176e-51
12775,2.40404e-51
12781,2.36543e-51
12784,2.33532e-51
12786,2.3248e-51
12787,2.27521e-51
12788,2.26887e-51
12789,2.2085e-51
12795,2.19951e-51
12798,2.16977e-51
12799,2.14593e-51
12800,2.12631e-51
12802,2.12612e-51
12803,2.07099e-51
12804,2.05958e-51
12809,2.04079e-51
12815,1.99399e-51
12817,1.98665e-51
12819,1.95168e-51
12824,1.94409e-51
12825,1.94161e-51
12826,1.93276e-51
12827,1.90966e-51
12831,1.90272e-51
12832,1.87871e-51
12835,1.85236e-51
12836,1.82359e-51
12837,1.80273e-51
12838,1.791e-51
12839,1.77179e-51
12841,1.76504e-51
12843,1.76069e-51
12844,1.73455e-51
12848,1.69473e-51
12852,1.67943e-51
12854,1.67821e-51
12858,1.6647e-51
12860,1.63009e-51
12861,1.62874e-51
12864,1.59494e-51
12870,1.52931e-51
12880,1.49189e-51
12882,1.47677e-51
12884,1.45474e-51
12885,1.43603e-51
12889,1.41899e-51
12893,1.41214e-51
12895,1.40761e-51
12897,1.36052e-51
12899,1.3484e-51
12903,1.31867e-51
12905,1.29799e-51
12913,1.2923e-51
12914,1.27011e-51
12916,1.26265e-51
12923,1.24827e-51
12931,1.23637e-51
12933,1.2276e-51
12937,1.21569e-51
12938,1.20632e-51
12943,1.19049e-51
12945,1.18365e-51
12952,1.13437e-51
12955,1.13274e-51
12957,1.12598e-51
12958,1.10601e-51
12962,1.07723e-51
12968,1.06577e-51
12970,1.06532e-51
12972,1.0421e-51
12974,1.0247e-51
12975,1.02112e-51
12980,1.01287e-51
12983,1.00763e-51
12984,9.81896e-52
12987,9.79072e-52
12989,9.68575e-52
12990,9.66194e-52
12991,9.51726e-52
12996,9.48204e-52
12998,9.4727e-52
13004,9.31154e-52
13006,9.24711e-52
13008,9.08697e-52
13014,8.9373e-52
13017,8.84589e-52
13025,8.82943e-52
13029,8.74598e-52
13033,8.38872e-52
13042,8.3483e-52
13047,8.30214e-52
13049,8.13047e-52
13061,8.09609e-52
13063,8.04211e-52
13064,7.97068e-52
13071,7.96041e-52
13076,7.86836e-52
13080,7.78611e-52
13083,7.65554e-52
13086,7.58488e-52
13092,7.56926e-52
13094,7.52799e-52
13095,7.52094e-52
13098,7.29752e-52
13102,7.28566e-52
13103,7.25019e-52
13109,7.18618e-52
13112,7.12977e-52
13115,6.97349e-52
13120,6.83535e-52
13121,6.81698e-52
13127,6.80901e-52
13129,6.75945e-52
13130,6.75866e-52
13131,6.64653e-52
13136,6.59461e-52
13139,6.50096e-52
13140,6.4996e-52
13142,6.41889e-52
13146,6.41729e-52
13147,6.39957e-52
13149,6.33838e-52
13152,6.29071e-52
13158,6.24958e-52
13169,6.22066e-52
13171,6.13666e-52
13178,6.08645e-52
13180,6.01734e-52
13184,5.99919e-52
13190,5.92303e-52
13191,5.85586e-52
13194,5.73291e-52
13197,5.71762e-52
13205,5.68559e-52
13206,5.67906e-52
13208,5.58759e-52
13209,5.47841e-52
13215,5.46425e-52
13216,5.43718e-52
13217,5.29022e-52
13229,5.22724e-52
13230,5.22185e-52
13233,5.14615e-52
13234,5.10497e-52
13235,5.08393e-52
13240,5.05166e-52
13241,4.99528e-52
13245,4.99354e-52
13246,4.93453e-52
13249,4.87646e-52
13256,4.85713e-52
13259,4.79185e-52
13263,4.73359e-52
13269,4.68327e-52
13274,4.65053e-52
13277,4.62951e-52
13281,4.60493e-52
13283,4.54476e-52
13293,4.44903e-52
13298,4.41625e-52
13299,4.3674e-52
13303,4.30577e-52
13310,4.25837e-52
13311,4.22007e-52
13312,4.20353e-52
13314,4.1339e-52
13316,4.09687e-52
13320,4.08033e-52
13321,4.04476e-52
13326,4.04345e-52
13328,3.94494e-52
13342,3.93333e-52
13343,3.90357e-52
13345,3.84837e-52
13353,3.80212e-52
13359,3.78369e-52
13361,3.77925e-52
13366,3.75343e-52
13370,3.74067e-52
13373,3.73431e-52
13375,3.67996e-52
13378,3.65003e-52
13381,3.6266e-52
13386,3.59945e-52
13388,3.58327e-52
13395,3.56219e-52
13398,3.52889e-52
13399,3.49154e-52
13400,3.47656e-52
13403,3.45932e-52
13405,3.45552e-52
13409,3.42562e-52
13413,3.41562e-52
13415,3.37326e-52
13416,3.36637e-52
13417,3.36144e-52
13420,3.33554e-52
13424,3.33121e-52
13428,3.27374e-52
13432,3.2347e-52
13442,3.19963e-52
13448,3.17297e-52
13450,3.17256e-52
13451,3.16071e-52
13457,3.08357e-52
13461,3.06759e-52
13466,3.06273e-52
13467,3.04765e-52
13470,3.04145e-52
13474,3.0321e-52
13475,3.03185e-52
13476,3.03175e-52
13477,3.02793e-52
13480,3.01406e-52
13482,3.00354e-52
13486,2.96827e-52
13488,2.96778e-52
13490,2.92103e-52
13491,2.8912e-52
13496,2.87661e-52
13499,2.85571e-52
13502,2.81165e-52
13508,2.77595e-52
13509,2.76639e-52
13511,2.74434e-52
13514,2.73226e-52
13516,2.71927e-52
13518,2.68419e-52
13528,2.67538e-52
13529,2.664e-52
13531,2.62728e-52
13535,2.60421e-52
13538,2.5854e-52
13539,2.5582e-52
13542,2.53376e-52
13547,2.52681e-52
13548,2.49604e-52
13552,2.46847e-52
13557,2.44555e-52
13558,2.42601e-52
13564,2.38858e-52
13568,2.34122e-52
13569,2.32938e-52
13572,2.30629e-52
13574,2.28771e-52
13580,2.26609e-52
13583,2.2364e-52
13584,2.22327e-52
13588,2.22242e-52
13590,2.18287e-52
13600,2.17448e-52
13605,2.1573e-52
13607,2.1566e-52
13620,2.14646e-52
13621,2.12602e-52
13624,2.09733e-52
13626,2.05017e-52
13634,2.02053e-52
13635,2.00388e-52
13640,2.00378e-52
13643,1.9996e-52
13644,1.99894e-52
13645,1.9755e-52
13652,1.94648e-52
13657,1.93622e-52
13659,1.93605e-52
13662,1.9176e-52
13663,1.90251e-52
13666,1.90097e-52
13671,1.89763e-52
13672,1.88625e-52
13673,1.87997e-52
13676,1.85296e-52
13679,1.84853e-52
13680,1.84259e-52
13682,1.80679e-52
13685,1.80552e-52
13686,1.79719e-52
13687,1.79665e-52
13688,1.79378e-52
13695,1.76642e-52
13702,1.74528e-52
13703,1.73969e-52
13706,1.72416e-52
13710,1.7236e-52
13715,1.71991e-52
13716,1.71046e-52
13725,1.68264e-52
13736,1.67889e-52
13738,1.66773e-52
13739,1.65868e-52
13740,1.6559e-52
13744,1.646e-52
13746,1.64401e-52
13748,1.63212e-52
13754,1.62438e-52
13758,1.60005e-52
13764,1.59517e-52
13768,1.58845e-52
13770,1.58612e-52
13773,1.58134e-52
13776,1.56609e-52
13784,1.55854e-52
13785,1.54629e-52
13786,1.54338e-52
13792,1.53031e-52
13799,1.50881e-52
13802,1.50395e-52
13805,1.49308e-52
13813,1.48814e-52
13814,1.48212e-52
13821,1.47316e-52
13824,1.46241e-52
13830,1.46191e-52
13831,1.45338e-52
13832,1.44208e-52
13838,1.42491e-52
13845,1.41893e-52
13847,1.40898e-52
13849,1.39757e-52
13854,1.38698e-52
13859,1.38564e-52
13862,1.38161e-52
13864,1.37215e-52
13866,1.36288e-52
13870,1.35616e-52
13871,1.35544e-52
13875,1.33994e-52
13879,1.33831e-52
13883,1.3256e-52
13886,1.32153e-52
13889,1.30388e-52
13894,1.30109e-52
13895,1.30079e-52
13896,1.29639e-52
13899,1.29043e-52
13901,1.2835e-52
13904,1.28254e-52
13909,1.27664e-52
13917,1.26508e-52
13919,1.26495e-52
13920,1.25957e-52
13925,1.24854e-52
13928,1.23082e-52
13933,1.22974e-52
13936,1.2293e-52
13937,1.21025e-52
13943,1.20977e-52
13947,1.20484e-52
13958,1.20436e-52
13959,1.20287e-52
13963,1.20106e-52
13965,1.19938e-52
13967,1.19904e-52
13968,1.19553e-52
13972,1.19493e-52
13974,1.19465e-52
13975,1.19077e-52
13976,1.18471e-52
13977,1.16587e-52
13986,1.16157e-52
13987,1.14576e-52
13993,1.142e-52
13994,1.14017e-52
13995,1.13353e-52
13998,1.12706e-52
14004,1.11952e-52
14007,1.11216e-52
14008,1.1074e-52
14011,1.09787e-52
14012,1.09636e-52
14015,1.08364e-52
14022,1.07498e-52
14029,1.06673e-52
14032,1.06402e-52
14033,1.06309e-52
14034,1.0506e-52
14036,1.0489e-52
14038,1.04881e-52
14041,1.04831e-52
14042,1.04107e-52
14044,1.03547e-52
14046,1.03334e-52
14048,1.02491e-52
14049,1.0213e-52
14054,1.01407e-52
14063,1.013e-52
14064,1.00458e-52
14067,9.96702e-53
14073,9.95994e-53
14078,9.94623e-53
14083,9.93568e-53
14084,9.9156e-53
14085,9.83625e-53
14088,9.81781e-53
14089,9.77524e-53
14091,9.76347e-53
14094,9.69489e-53
14095,9.66466e-53
14097,9.59205e-53
14109,9.52178e-53
14111,9.51897e-53
14113,9.50264e-53
14117,9.49724e-53
14119,9.48488e-53
14121,9.48478e-53
14122,9.36992e-53
14126,9.34552e-53
14128,9.32744e-53
14130,9.32711e-53
14131,9.24312e-53
14132,9.22427e-53
14139,9.20917e-53
14141,9.19281e-53
14145,9.14588e-53
14152,9.12804e-53
14155,9.07657e-53
14156,9.06467e-53
14159,9.0548e-53
14161,8.96221e-53
14166,8.92759e-53
14169,8.86092e-53
14173,8.81902e-53
14175,8.80801e-53
14178,8.67279e-53
14182,8.66609e-53
14184,8.61839e-53
14185,8.53623e-53
14189,8.51733e-53
14190,8.50817e-53
14191,8.4732e-53
14194,8.44404e-53
14199,8.35528e-53
14209,8.3118e-53
14211,8.30453e-53
14216,8.24859e-53
14217,8.24749e-53
14219,8.23218e-53
14221,8.18077e-53
14225,8.14507e-53
14230,8.12299e-53
14232,8.12123e-53
14236,8.09549e-53
14239,8.07061e-53
14243,8.01371e-53
14248,7.98602e-53
14250,7.98018e-53
14253,7.93847e-53
14259,7.93091e-53
14263,7.91625e-53
14266,7.90746e-53
14268,7.8633e-53
14269,7.84028e-53
14273,7.80988e-53
14274,7.80608e-53
14280,7.73595e-53
14282,7.71239e-53
14284,7.68533e-53
14289,7.6764e-53
14292,7.65928e-53
14295,7.65433e-53
14297,7.55998e-53
14300,7.55997e-53
14303,7.52767e-53
14305,7.51543e-53
14307,7.49176e-53
14315,7.46311e-53
14316,7.45648e-53
14317,7.42765e-53
14318,7.38395e-53
14321,7.35682e-53
14325,7.35153e-53
14328,7.31733e-53
14331,7.28848e-53
14336,7.28481e-53
14340,7.26744e-53
14347,7.25196e-53
14349,7.24014e-53
14351,7.23306e-53
14356,7.23212e-53
14359,7.20281e-53
14361,7.19292e-53
14367,7.19161e-53
14368,7.16907e-53
14375,7.1574e-53
14376,7.13908e-53
14381,7.13802e-53
14382,7.09818e-53
14384,7.07732e-53
14391,7.0762e-53
14392,7.06191e-53
14396,7.04621e-53
14400,7.00388e-53
14403,6.9966e-53
14407,6.98027e-53
14410,6.94302e-53
14415,6.92737e-53
14418,6.89778e-53
14427,6.89078e-53
14429,6.88915e-53
14431,6.839e-53
14433,6.83694e-53
14434,6.82298e-53
14437,6.81113e-53
14440,6.8008e-53
14445,6.79766e-53
14446,6.78357e-53
14449,6.78044e-53
14450,6.77994e-53
14452,6.75688e-53
14454,6.73664e-53
14456,6.72559e-53
14463,6.70153e-53
14465,6.69444e-53
14467,6.69034e-53
14468,6.68402e-53
14469,6.66773e-53
14472,6.65876e-53
14477,6.65115e-53
14480,6.62055e-53
14483,6.60796e-53
14485,6.60583e-53
14487,6.58547e-53
14492,6.55064e-53
14494,6.54602e-53
14497,6.52558e-53
14501,6.49151e-53
14504,6.47786e-53
14505,6.46173e-53
14506,6.44022e-53
14516,6.4334e-53
14517,6.41842e-53
14529,6.40376e-53
14532,6.38007e-53
14533,6.37717e-53
14534,6.37297e-53
14535,6.36401e-53
14536,6.36181e-53
14540,6.34547e-53
14542,6.32654e-53
14543,6.3119e-53
14546,6.27781e-53
14553,6.24629e-53
14558,6.24487e-53
14559,6.23972e-53
14561,6.2338e-53
14568,6.22947e-53
14569,6.21363e-53
14572,6.19904e-53
14575,6.19214e-53
14576,6.17483e-53
14579,6.16096e-53
14580,6.15554e-53
14582,6.14862e-53
14583,6.13341e-53
14588,6.12841e-53
14590,6.11625e-53
14594,6.11273e-53
14595,6.10905e-53
14596,6.09406e-53
14600,6.0791e-53
14603,6.04122e-53
14606,6.03058e-53
14611,6.00073e-53
14620,5.98731e-53
14625,5.94923e-53
14626,5.94748e-53
14633,5.92822e-53
14636,5.90938e-53
14638,5.90892e-53
14646,5.88699e-53
14647,5.88473e-53
14652,5.87717e-53
14655,5.87446e-53
14657,5.87324e-53
14660,5.85704e-53
14663,5.83048e-53
14670,5.81622e-53
14673,5.81577e-53
14675,5.80578e-53
14677,5.78509e-53
14686,5.78051e-53
14687,5.76834e-53
14689,5.76661e-53
14692,5.76284e-53
14693,5.74385e-53
14694,5.74081e-53
14698,5.73643e-53
14702,5.72898e-53
14704,5.71371e-53
14710,5.70756e-53
14711,5.69725e-53
14718,5.68547e-53
14723,5.67631e-53
14727,5.67216e-53
14728,5.66838e-53
14730,5.66381e-53
14737,5.659e-53
14739,5.64587e-53
14742,5.62733e-53
14747,5.6222e-53
14751,5.60707e-53
14754,5.593e-53
14764,5.58569e-53
14774,5.56717e-53
14780,5.56178e-53
14783,5.55915e-53
14787,5.55683e-53
14789,5.5516e-53
14790,5.54937e-53
14793,5.54839e-53
14794,5.54566e-53
14797,5.54033e-53
14798,5.52928e-53
14802,5.52811e-53
14803,5.52549e-53
14804,5.52383e-53
14805,5.52228e-53
14807,5.5199e-53
14813,5.51849e-53
14814,5.50845e-53
14820,5.50431e-53
14822,5.50029e-53
14823,5.49563e-53
14824,5.49093e-53
14825,5.48842e-53
14828,5.48562e-53
14829,5.48399e-53
14833,5.48335e-53
14834,5.48229e-53
14835,5.48036e-53
14837,5.47993e-53
14838,5.47192e-53
14841,5.46752e-53
14845,5.46054e-53
14848,5.46052e-53
14850,5.45081e-53
14852,5.44948e-53
14854,5.44934e-53
14859,5.44544e-53
14863,5.44238e-53
14867,5.44211e-53
14869,5.43911e-53
14875,5.43847e-53
14878,5.43781e-53
14880,5.43363e-53
14883,5.43009e-53
14886,5.42796e-53
14887,5.42715e-53
14888,5.42015e-53
14891,5.41432e-53
14896,5.41271e-53
14897,5.40972e-53
14899,5.40839e-53
14905,5.40171e-53
14911,5.40115e-53
14912,5.39405e-53
14915,5.39367e-53
14918,5.39293e-53
14919,5.39194e-53
14921,5.39138e-53
14923,5.38904e-53
14927,5.38678e-53
14929,5.38291e-53
14935,5.37979e-53
14940,5.37919e-53
14945,5.37808e-53
14947,5.37776e-53
14950,5.37593e-53
14955,5.37501e-53
14957,5.3742e-53
14959,5.37176e-53
14969,5.37052e-53
