Evaluations,Fitness
1,195048.728343
8,162637.983533
9,159175.020376
14,151938.524043
29,148175.644828
89,143123.768012
92,121960.780513
115,120641.989982
141,117338.535822
147,111068.892376
150,105747.995914
171,97985.565924
184,90828.289509
196,85625.618740
201,81718.967737
215,58058.385170
227,49440.185577
264,48566.490811
284,47361.610725
291,43621.418320
301,42911.268760
302,24942.896761
388,24829.258819
397,24549.533297
401,23884.847998
402,20932.235293
455,17103.137373
461,16850.889261
485,14527.893497
487,13854.683795
489,13299.513906
534,10487.461176
568,9695.331664
608,8952.613085
643,7988.587296
652,6403.035632
691,5738.465405
707,5135.823725
716,4292.163423
739,3332.426853
779,3321.930238
788,2582.649188
791,2192.135638
820,2127.474325
844,1670.612366
874,1473.945545
880,1399.374614
910,1178.808612
923,920.137093
926,876.081937
942,861.627240
954,711.880943
970,683.215243
972,666.591707
979,664.405786
984,572.714735
992,536.406381
1019,513.997502
1030,475.227829
1042,432.021833
1050,399.333267
1080,357.403442
1110,310.764691
1129,292.230126
1141,288.643423
1147,282.105251
1159,245.104222
1177,244.734306
1181,222.707295
1196,191.766190
1202,168.781912
1216,132.408321
1251,104.263697
1259,93.808631
1276,83.643902
1312,77.495077
1321,54.694170
1339,43.240291
1369,39.564219
1373,38.187781
1391,33.223999
1419,31.780031
1421,26.862051
1438,24.013874
1455,23.029117
1458,21.992449
1472,21.603386
1476,21.467069
1479,19.667987
1483,17.980313
1506,17.009531
1510,13.997447
1532,12.777643
1540,11.640932
1549,11.126957
1554,11.100292
1557,10.936235
1571,10.783644
1586,8.161905
1605,7.596481
1616,6.417321
1648,6.228027
1649,6.100625
1656,5.842970
1661,5.538902
1663,5.175619
1666,4.721758
1678,3.912617
1707,3.762161
1716,3.505679
1727,2.811632
1730,2.749120
1738,2.715991
1748,2.651625
1762,2.192905
1766,2.143114
1767,1.962864
1783,1.683621
1792,1.657333
1798,1.411278
1805,1.240783
1819,0.939468
1827,0.836010
1830,0.653795
1832,0.636276
1860,0.601973
1868,0.585504
1892,0.573846
1918,0.492874
1925,0.367880
1955,0.317878
1958,0.282775
1984,0.265699
1990,0.229189
1998,0.194121
2009,0.167569
2032,0.126682
2046,0.126611
2068,0.103016
2080,0.091995
2087,0.091931
2093,0.085548
2099,0.070896
2104,0.050394
2133,0.028796
2134,0.026483
2167,0.024913
2171,0.014527
2225,0.012181
2229,0.010758
2255,0.006801
2276,0.006581
2314,0.005654
2316,0.005443
2317,0.004356
2345,0.004324
2346,0.003681
2363,0.002820
2382,0.002319
2423,0.002129
2437,0.001926
2446,0.001527
2453,0.001441
2470,0.001395
2484,0.001307
2490,0.001036
2497,0.000761
2514,0.000720
2520,0.000650
2531,0.000509
2545,0.000461
2561,0.000383
2579,0.000378
2584,0.000351
2587,0.000333
2597,0.000274
2623,0.000273
2633,0.000245
2644,0.000239
2653,0.000235
2658,0.000216
2665,0.000191
2676,0.000172
2692,0.000168
2696,0.000140
2715,0.000137
2721,0.000112
2733,0.000098
2738,0.000084
2758,0.000080
2773,0.000078
2781,0.000077
2792,0.000066
2798,0.000063
2815,0.000060
2822,0.000050
2826,0.000049
2839,0.000046
2842,0.000042
2850,0.000031
2853,0.000021
2883,0.000020
2891,0.000019
2892,0.000018
2905,0.000016
2916,0.000014
2918,0.000013
2927,0.000011
2950,0.000010
2953,0.000010
2958,0.000010
2960,0.000010
2970,0.000009
2979,0.000009
2983,0.000007
2988,0.000007
3008,0.000005
3009,0.000005
3015,0.000005
3018,0.000004
3024,0.000004
3038,0.000004
3050,0.000004
3051,0.000003
3069,0.000003
3072,0.000003
3073,0.000003
3093,0.000002
3109,0.000002
3127,0.000002
3128,0.000001
3133,0.000001
3145,0.000001
3162,0.000001
3165,0.000001
3184,0.000001
3188,0.000001
3194,0.000001
3195,0.000001
3196,0.000001
3218,0.000001
3220,0.000001
3225,0.000001
3230,0.000001
3231,0.000000
3246,0.000000
3248,0.000000
3257,0.000000
3265,0.000000
3283,0.000000
3288,0.000000
3291,0.000000
3295,0.000000
3314,0.000000
3324,0.000000
3325,0.000000
3332,0.000000
3334,0.000000
3361,0.000000
3362,0.000000
3369,0.000000
3376,0.000000
3391,0.000000
3407,0.000000
3411,0.000000
3414,0.000000
3418,0.000000
3435,0.000000
3441,0.000000
3448,0.000000
3478,0.000000
3495,0.000000
3498,0.000000
3518,0.000000
3522,0.000000
3523,0.000000
3527,0.000000
3552,0.000000
3554,0.000000
3595,0.000000
3601,0.000000
3609,0.000000
3615,0.000000
3619,0.000000
3635,0.000000
3642,0.000000
3648,0.000000
3658,0.000000
3665,0.000000
3675,0.000000
3679,0.000000
3685,0.000000
3693,0.000000
3701,0.000000
3706,0.000000
3708,0.000000
3727,0.000000
3731,0.000000
3748,0.000000
3750,0.000000
3757,0.000000
3759,0.000000
3775,0.000000
3777,0.000000
3780,0.000000
3788,0.000000
3791,0.000000
3800,0.000000
3820,0.000000
3821,0.000000
3830,0.000000
3839,0.000000
3841,0.000000
3844,0.000000
3865,0.000000
3871,0.000000
3874,0.000000
3876,0.000000
3881,0.000000
3888,0.000000
3909,0.000000
3918,0.000000
3930,0.000000
3940,0.000000
3948,0.000000
3971,0.000000
3979,0.000000
4003,0.000000
4009,0.000000
4022,0.000000
4029,0.000000
4042,0.000000
4046,0.000000
4049,0.000000
4060,0.000000
4061,0.000000
4071,0.000000
4084,0.000000
4095,0.000000
4096,0.000000
4116,0.000000
4126,0.000000
4128,0.000000
4140,0.000000
4152,0.000000
4170,0.000000
4183,0.000000
4190,0.000000
4192,0.000000
4195,0.000000
4198,0.000000
4201,0.000000
4215,0.000000
4231,0.000000
4234,0.000000
4235,0.000000
4236,0.000000
4238,0.000000
4251,0.000000
4257,0.000000
4259,0.000000
4261,0.000000
4268,0.000000
4279,0.000000
4282,0.000000
4290,0.000000
4291,0.000000
4295,0.000000
4298,0.000000
4299,0.000000
4304,0.000000
4312,0.000000
4320,0.000000
4321,0.000000
4330,0.000000
4334,0.000000
4341,0.000000
4351,0.000000
4356,0.000000
4357,0.000000
4376,0.000000
4387,0.000000
4403,0.000000
4414,0.000000
4415,0.000000
4416,0.000000
4417,0.000000
4434,0.000000
4446,0.000000
4464,0.000000
4467,0.000000
4487,0.000000
4491,0.000000
4493,0.000000
4494,0.000000
4495,0.000000
4501,0.000000
4504,0.000000
4505,0.000000
4525,0.000000
4531,0.000000
4536,0.000000
4542,0.000000
4551,0.000000
4553,0.000000
4583,0.000000
4585,0.000000
4588,0.000000
4593,0.000000
4618,0.000000
4620,0.000000
4624,0.000000
4634,0.000000
4636,0.000000
4639,0.000000
4651,0.000000
4655,0.000000
4664,0.000000
4666,0.000000
4670,0.000000
4673,0.000000
4674,0.000000
4682,0.000000
4685,0.000000
4686,0.000000
4688,0.000000
4701,0.000000
4703,0.000000
4705,0.000000
4712,0.000000
4714,0.000000
4716,0.000000
4722,0.000000
4727,0.000000
4734,0.000000
4742,0.000000
4748,0.000000
4761,0.000000
4763,0.000000
4771,0.000000
4774,0.000000
4777,0.000000
4780,0.000000
4782,0.000000
4783,0.000000
4792,0.000000
4800,0.000000
4801,0.000000
4812,0.000000
4823,0.000000
4830,0.000000
4834,0.000000
4850,0.000000
4864,0.000000
4867,0.000000
4879,0.000000
4880,0.000000
4905,0.000000
4911,0.000000
4914,0.000000
4927,0.000000
4931,0.000000
4935,0.000000
4940,0.000000
4945,0.000000
4952,0.000000
4964,0.000000
4975,0.000000
4976,0.000000
4997,0.000000
5000,0.000000
5001,0.000000
5006,0.000000
5016,0.000000
5030,0.000000
5034,0.000000
5053,0.000000
5054,0.000000
5071,0.000000
5073,0.000000
5083,0.000000
5084,0.000000
5089,0.000000
5094,0.000000
5096,0.000000
5101,0.000000
5121,0.000000
5127,0.000000
5139,0.000000
5144,0.000000
5146,0.000000
5167,0.000000
5168,0.000000
5170,0.000000
5176,0.000000
5178,0.000000
5181,0.000000
5185,0.000000
5196,0.000000
5212,0.000000
5216,0.000000
5224,0.000000
5226,0.000000
5234,0.000000
5244,0.000000
5259,0.000000
5264,0.000000
5274,0.000000
5282,0.000000
5285,0.000000
5292,0.000000
5298,0.000000
5308,0.000000
5319,0.000000
5327,0.000000
5329,0.000000
5334,0.000000
5339,0.000000
5346,0.000000
5349,0.000000
5365,0.000000
5370,0.000000
5377,0.000000
5395,0.000000
5400,0.000000
5403,0.000000
5405,0.000000
5426,0.000000
5436,0.000000
5439,0.000000
5442,0.000000
5445,0.000000
5456,0.000000
5465,0.000000
5467,0.000000
5476,0.000000
5479,0.000000
5482,0.000000
5498,0.000000
5506,0.000000
5511,0.000000
5512,0.000000
5517,0.000000
5518,0.000000
5524,0.000000
5543,0.000000
5544,0.000000
5548,0.000000
5561,0.000000
5573,0.000000
5577,0.000000
5581,0.000000
5587,0.000000
5589,0.000000
5604,0.000000
5612,0.000000
5618,0.000000
5626,0.000000
5629,0.000000
5633,0.000000
5635,0.000000
5659,0.000000
5664,0.000000
5670,0.000000
5678,0.000000
5679,0.000000
5683,0.000000
5689,0.000000
5697,0.000000
5701,0.000000
5704,0.000000
5709,0.000000
5719,0.000000
5723,0.000000
5725,0.000000
5737,0.000000
5749,0.000000
5754,0.000000
5758,0.000000
5762,0.000000
5769,0.000000
5774,0.000000
5777,0.000000
5781,0.000000
5794,0.000000
5797,0.000000
5799,0.000000
5811,0.000000
5822,0.000000
5837,0.000000
5852,0.000000
5853,0.000000
5856,0.000000
5858,0.000000
5859,0.000000
5863,0.000000
5866,0.000000
5871,0.000000
5877,0.000000
5878,0.000000
5894,0.000000
5901,0.000000
5924,0.000000
5926,0.000000
5928,0.000000
5930,0.000000
5932,0.000000
5934,0.000000
5940,0.000000
5942,0.000000
5944,0.000000
5947,0.000000
5957,0.000000
5961,0.000000
5964,0.000000
5965,0.000000
5966,0.000000
5967,0.000000
5979,0.000000
5985,0.000000
5994,0.000000
6004,0.000000
6010,0.000000
6019,0.000000
6025,0.000000
6050,0.000000
6054,0.000000
6059,0.000000
6070,0.000000
6074,0.000000
6075,0.000000
6080,0.000000
6084,0.000000
6094,0.000000
6102,0.000000
6104,0.000000
6106,0.000000
6107,0.000000
6110,0.000000
6113,0.000000
6114,0.000000
6130,0.000000
6134,0.000000
6136,0.000000
6144,0.000000
6148,0.000000
6153,0.000000
6154,0.000000
6161,0.000000
6164,0.000000
6166,0.000000
6185,0.000000
6188,0.000000
6190,0.000000
6191,0.000000
6203,0.000000
6206,0.000000
6207,0.000000
6221,0.000000
6226,0.000000
6231,0.000000
6237,0.000000
6241,0.000000
6248,0.000000
6249,0.000000
6272,0.000000
6283,0.000000
6285,0.000000
6286,0.000000
6292,0.000000
6303,0.000000
6310,0.000000
6313,0.000000
6316,0.000000
6318,0.000000
6321,0.000000
6325,0.000000
6334,0.000000
6335,0.000000
6336,0.000000
6340,0.000000
6350,0.000000
6351,0.000000
6360,0.000000
6366,0.000000
6374,0.000000
6375,0.000000
6380,0.000000
6390,0.000000
6392,0.000000
6393,0.000000
6395,0.000000
6401,0.000000
6402,0.000000
6414,0.000000
6417,0.000000
6422,0.000000
6436,0.000000
6447,0.000000
6461,0.000000
6468,0.000000
6474,0.000000
6476,0.000000
6482,0.000000
6487,0.000000
6492,0.000000
6495,0.000000
6496,0.000000
6497,0.000000
6501,0.000000
6504,0.000000
6517,0.000000
6524,0.000000
6531,0.000000
6540,0.000000
6547,0.000000
6549,0.000000
6551,0.000000
6555,0.000000
6568,0.000000
6571,0.000000
6577,0.000000
6584,0.000000
6585,0.000000
6587,0.000000
6590,0.000000
6593,0.000000
6594,0.000000
6595,0.000000
6597,0.000000
6600,0.000000
6606,0.000000
6611,0.000000
6623,0.000000
6629,0.000000
6636,0.000000
6641,0.000000
6642,0.000000
6650,0.000000
6661,0.000000
6668,0.000000
6669,0.000000
6674,0.000000
6675,0.000000
6676,0.000000
6678,0.000000
6682,0.000000
6690,0.000000
6693,0.000000
6697,0.000000
6711,0.000000
6715,0.000000
6720,0.000000
6723,0.000000
6725,0.000000
6728,0.000000
6744,0.000000
6746,0.000000
6762,0.000000
6769,0.000000
6771,0.000000
6785,0.000000
6789,0.000000
6791,0.000000
6794,0.000000
6797,0.000000
6798,0.000000
6801,0.000000
6804,0.000000
6812,0.000000
6828,0.000000
6829,0.000000
6847,0.000000
6854,0.000000
6857,0.000000
6862,0.000000
6876,0.000000
6881,0.000000
6883,0.000000
6884,0.000000
6890,0.000000
6893,0.000000
6896,0.000000
6900,0.000000
6902,0.000000
6908,0.000000
6911,0.000000
6912,0.000000
6922,0.000000
6926,0.000000
6930,0.000000
6931,0.000000
6932,0.000000
6936,0.000000
6938,0.000000
6945,0.000000
6971,0.000000
6974,0.000000
6975,0.000000
6976,0.000000
6979,0.000000
6983,0.000000
6994,0.000000
6996,0.000000
7001,0.000000
7006,0.000000
7017,0.000000
7018,0.000000
7021,0.000000
7034,0.000000
7042,0.000000
7046,0.000000
7059,0.000000
7066,0.000000
7067,0.000000
7069,0.000000
7081,0.000000
7089,0.000000
7090,0.000000
7091,0.000000
7101,0.000000
7104,0.000000
7106,0.000000
7109,0.000000
7111,0.000000
7112,0.000000
7113,0.000000
7116,0.000000
7119,0.000000
7120,0.000000
7125,0.000000
7129,0.000000
7140,0.000000
7143,0.000000
7146,0.000000
7147,0.000000
7158,0.000000
7160,0.000000
7166,0.000000
7174,0.000000
7175,0.000000
7185,0.000000
7186,0.000000
7190,0.000000
7195,0.000000
7205,0.000000
7211,0.000000
7212,0.000000
7219,0.000000
7221,0.000000
7225,0.000000
7229,0.000000
7232,0.000000
7233,0.000000
7235,0.000000
7237,0.000000
7244,0.000000
7245,0.000000
7253,0.000000
7257,0.000000
7265,0.000000
7271,0.000000
7276,0.000000
7279,0.000000
7281,0.000000
7283,0.000000
7288,0.000000
7289,0.000000
7290,0.000000
7292,0.000000
7304,0.000000
7305,0.000000
7311,0.000000
7315,0.000000
7316,0.000000
7320,0.000000
7323,0.000000
7325,0.000000
7341,0.000000
7342,0.000000
7345,0.000000
7348,0.000000
7355,0.000000
7364,0.000000
7369,0.000000
7381,0.000000
7386,0.000000
7396,0.000000
7397,0.000000
7403,0.000000
7406,0.000000
7413,0.000000
7414,0.000000
7419,0.000000
7428,0.000000
7437,0.000000
7444,0.000000
7445,0.000000
7447,0.000000
7456,0.000000
7460,0.000000
7461,0.000000
7464,0.000000
7470,0.000000
7471,0.000000
7472,0.000000
7477,0.000000
7487,0.000000
7508,0.000000
7509,0.000000
7512,0.000000
7515,0.000000
7522,0.000000
7532,0.000000
7535,0.000000
7539,0.000000
7544,0.000000
7554,0.000000
7555,0.000000
7561,0.000000
7562,0.000000
7565,0.000000
7568,0.000000
7576,0.000000
7581,0.000000
7582,0.000000
7585,0.000000
7592,0.000000
7596,0.000000
7597,0.000000
7600,0.000000
7607,0.000000
7616,0.000000
7621,0.000000
7623,0.000000
7627,0.000000
7629,0.000000
7631,0.000000
7632,0.000000
7633,0.000000
7636,0.000000
7637,0.000000
7652,0.000000
7653,0.000000
7655,0.000000
7665,0.000000
7668,0.000000
7669,0.000000
7678,0.000000
7679,0.000000
7681,0.000000
7698,0.000000
7701,0.000000
7704,0.000000
7712,0.000000
7714,0.000000
7719,0.000000
7722,0.000000
7728,0.000000
7733,0.000000
7752,0.000000
7755,0.000000
7757,0.000000
7758,0.000000
7760,0.000000
7761,0.000000
7764,0.000000
7772,0.000000
7774,0.000000
7776,0.000000
7777,0.000000
7782,0.000000
7788,0.000000
7790,0.000000
7797,0.000000
7799,0.000000
7803,0.000000
7806,0.000000
7817,0.000000
7820,0.000000
7821,0.000000
7822,0.000000
7836,0.000000
7839,0.000000
7841,0.000000
7851,0.000000
7852,0.000000
7853,0.000000
7856,0.000000
7857,0.000000
7858,0.000000
7870,0.000000
7879,0.000000
7889,0.000000
7903,0.000000
7905,0.000000
7910,0.000000
7917,0.000000
7922,0.000000
7932,0.000000
7938,0.000000
7939,0.000000
7942,0.000000
7943,0.000000
7944,0.000000
7946,0.000000
7949,0.000000
7952,0.000000
7954,0.000000
7966,0.000000
7968,0.000000
7969,0.000000
7971,0.000000
7981,0.000000
7982,0.000000
7984,0.000000
7993,0.000000
7997,0.000000
7999,0.000000
8002,0.000000
8003,0.000000
8007,0.000000
8014,0.000000
8019,0.000000
8029,0.000000
8033,0.000000
8050,0.000000
8052,0.000000
8054,0.000000
8060,0.000000
8065,0.000000
8067,0.000000
8068,0.000000
8078,0.000000
8082,0.000000
8093,0.000000
8114,0.000000
8118,0.000000
8123,0.000000
8125,0.000000
8127,0.000000
8132,0.000000
8142,0.000000
8144,0.000000
8145,0.000000
8148,0.000000
8150,0.000000
8151,0.000000
8159,0.000000
8163,0.000000
8165,0.000000
8173,0.000000
8174,0.000000
8176,0.000000
8177,0.000000
8186,0.000000
8198,0.000000
8205,0.000000
8210,0.000000
8215,0.000000
8221,0.000000
8230,0.000000
8236,0.000000
8244,0.000000
8245,0.000000
8252,0.000000
8254,0.000000
8257,0.000000
8268,0.000000
8273,0.000000
8282,0.000000
8287,0.000000
8289,0.000000
8291,0.000000
8300,0.000000
8302,0.000000
8306,0.000000
8308,0.000000
8309,0.000000
8314,0.000000
8315,0.000000
8317,0.000000
8320,0.000000
8323,0.000000
8324,0.000000
8331,0.000000
8332,0.000000
8333,0.000000
8338,0.000000
8339,0.000000
8341,0.000000
8345,0.000000
8346,0.000000
8347,0.000000
8352,0.000000
8363,0.000000
8364,0.000000
8365,0.000000
8366,0.000000
8370,0.000000
8371,0.000000
8375,0.000000
8382,0.000000
8389,0.000000
8393,0.000000
8394,0.000000
8399,0.000000
8401,0.000000
8402,0.000000
8406,0.000000
8416,0.000000
8422,0.000000
8423,0.000000
8425,0.000000
8426,0.000000
8427,0.000000
8428,0.000000
8432,0.000000
8433,0.000000
8435,0.000000
8439,0.000000
8440,0.000000
8444,0.000000
8446,0.000000
8447,0.000000
8450,0.000000
8454,0.000000
8468,0.000000
8475,0.000000
8487,0.000000
8488,0.000000
8489,0.000000
8497,0.000000
8500,0.000000
8513,0.000000
8515,0.000000
8517,0.000000
8518,0.000000
8520,0.000000
8521,0.000000
8525,0.000000
8528,0.000000
8530,0.000000
8538,0.000000
8540,0.000000
8545,0.000000
8550,0.000000
8564,0.000000
8568,0.000000
8570,0.000000
8573,0.000000
8577,0.000000
8587,0.000000
8588,0.000000
8597,0.000000
8599,0.000000
8604,0.000000
8605,0.000000
8610,0.000000
8621,0.000000
8625,0.000000
8626,0.000000
8627,0.000000
8637,0.000000
8641,0.000000
8647,0.000000
8650,0.000000
8653,0.000000
8654,0.000000
8661,0.000000
8673,0.000000
8675,0.000000
8678,0.000000
8687,0.000000
8688,0.000000
8690,0.000000
8691,0.000000
8701,0.000000
8702,0.000000
8706,0.000000
8708,0.000000
8709,0.000000
8712,0.000000
8715,0.000000
8717,0.000000
8721,0.000000
8724,0.000000
8725,0.000000
8730,0.000000
8738,0.000000
8740,0.000000
8743,0.000000
8745,0.000000
8751,0.000000
8760,0.000000
8764,0.000000
8766,0.000000
8777,0.000000
8784,0.000000
8786,0.000000
8792,0.000000
8798,0.000000
8799,0.000000
8801,0.000000
8806,0.000000
8807,0.000000
8813,0.000000
8815,0.000000
8826,0.000000
8829,0.000000
8838,0.000000
8842,0.000000
8846,0.000000
8847,0.000000
8854,0.000000
8855,0.000000
8860,0.000000
8864,0.000000
8868,0.000000
8871,0.000000
8875,0.000000
8876,0.000000
8879,0.000000
8880,0.000000
8881,0.000000
8892,0.000000
8894,0.000000
8895,0.000000
8900,0.000000
8905,0.000000
8906,0.000000
8907,0.000000
8910,0.000000
8915,0.000000
8917,0.000000
8923,0.000000
8926,0.000000
8934,0.000000
8937,0.000000
8945,0.000000
8948,0.000000
8950,0.000000
8952,0.000000
8957,0.000000
8971,0.000000
8972,0.000000
8974,0.000000
8977,0.000000
8982,0.000000
8989,0.000000
8990,0.000000
8991,0.000000
9002,0.000000
9006,0.000000
9007,0.000000
9011,0.000000
9012,0.000000
9015,0.000000
9016,0.000000
9023,0.000000
9027,0.000000
9030,0.000000
9035,0.000000
9041,0.000000
9046,0.000000
9054,0.000000
9056,0.000000
9062,0.000000
9063,0.000000
9064,0.000000
9068,0.000000
9080,0.000000
9087,0.000000
9094,0.000000
9100,0.000000
9103,0.000000
9104,0.000000
9105,0.000000
9112,0.000000
9114,0.000000
9118,0.000000
9123,0.000000
9129,0.000000
9132,0.000000
9134,0.000000
9136,0.000000
9137,0.000000
9145,0.000000
9149,0.000000
9155,0.000000
9157,0.000000
9158,0.000000
9159,0.000000
9163,0.000000
9172,0.000000
9179,0.000000
9180,0.000000
9184,0.000000
9193,0.000000
9202,0.000000
9209,0.000000
9211,0.000000
9216,0.000000
9219,0.000000
9222,0.000000
9230,0.000000
9233,0.000000
9237,0.000000
9240,0.000000
9245,0.000000
9248,0.000000
9253,0.000000
9255,0.000000
9256,0.000000
9263,0.000000
9265,0.000000
9266,0.000000
9273,0.000000
9277,0.000000
9278,0.000000
9281,0.000000
9282,0.000000
9286,0.000000
9292,0.000000
9294,0.000000
9295,0.000000
9298,0.000000
9299,0.000000
9301,0.000000
9306,0.000000
9310,0.000000
9311,0.000000
9312,0.000000
9317,0.000000
9326,0.000000
9329,0.000000
9330,0.000000
9332,0.000000
9333,0.000000
9344,0.000000
9345,0.000000
9349,0.000000
9352,0.000000
9357,0.000000
9359,0.000000
9361,0.000000
9368,0.000000
9371,0.000000
9373,0.000000
9379,0.000000
9388,0.000000
9391,0.000000
9399,0.000000
9400,0.000000
9402,0.000000
9404,0.000000
9405,0.000000
9408,0.000000
9412,0.000000
9417,0.000000
9422,0.000000
9424,0.000000
9425,0.000000
9428,0.000000
9430,0.000000
9436,0.000000
9437,0.000000
9443,0.000000
9445,0.000000
9446,0.000000
9451,0.000000
9456,0.000000
9457,0.000000
9468,0.000000
9472,0.000000
9473,0.000000
9476,0.000000
9477,0.000000
9482,0.000000
9485,0.000000
9489,0.000000
9490,0.000000
9496,0.000000
9512,0.000000
9514,0.000000
9516,0.000000
9517,0.000000
9522,0.000000
9529,0.000000
9533,0.000000
9537,0.000000
9541,0.000000
9543,0.000000
9549,0.000000
9550,0.000000
9556,0.000000
9559,0.000000
9564,0.000000
9570,0.000000
9573,0.000000
9583,0.000000
9586,0.000000
9587,0.000000
9589,0.000000
9593,0.000000
9595,0.000000
9597,0.000000
9599,0.000000
9602,0.000000
9604,0.000000
9613,0.000000
9617,0.000000
9632,0.000000
9633,0.000000
9637,0.000000
9640,0.000000
9641,0.000000
9650,0.000000
9654,0.000000
9655,0.000000
9658,0.000000
9659,0.000000
9663,0.000000
9665,0.000000
9671,0.000000
9676,0.000000
9679,0.000000
9683,0.000000
9684,0.000000
9686,0.000000
9688,0.000000
9691,0.000000
9698,0.000000
9702,0.000000
9703,0.000000
9708,0.000000
9711,0.000000
9713,0.000000
9717,0.000000
9718,0.000000
9728,0.000000
9729,0.000000
9744,0.000000
9749,0.000000
9750,0.000000
9756,0.000000
9762,0.000000
9768,0.000000
9776,0.000000
9778,0.000000
9779,0.000000
9784,0.000000
9787,0.000000
9788,0.000000
9796,0.000000
9798,0.000000
9800,0.000000
9803,0.000000
9805,0.000000
9811,0.000000
9814,0.000000
9819,0.000000
9820,0.000000
9824,0.000000
9829,0.000000
9832,0.000000
9833,0.000000
9835,0.000000
9841,0.000000
9842,0.000000
9846,0.000000
9847,0.000000
9851,0.000000
9853,0.000000
9855,0.000000
9858,0.000000
9859,0.000000
9860,0.000000
9861,0.000000
9864,0.000000
9865,0.000000
9869,0.000000
9874,0.000000
9875,0.000000
9882,0.000000
9883,0.000000
9886,0.000000
9889,0.000000
9890,0.000000
9892,0.000000
9895,0.000000
9897,0.000000
9899,0.000000
9903,0.000000
9909,0.000000
9913,0.000000
9918,0.000000
9919,0.000000
9920,0.000000
9921,0.000000
9922,0.000000
9923,0.000000
9933,0.000000
9935,0.000000
9939,0.000000
9940,0.000000
9941,0.000000
9943,0.000000
9945,0.000000
9946,0.000000
9947,0.000000
9951,0.000000
9957,0.000000
9959,0.000000
9960,0.000000
9963,0.000000
9967,0.000000
9969,0.000000
9970,0.000000
9978,0.000000
9980,0.000000
9982,0.000000
9985,0.000000
9994,0.000000
10005,0.000000
10007,0.000000
10008,0.000000
10013,0.000000
10017,0.000000
10018,0.000000
10021,0.000000
10032,0.000000
10033,0.000000
10038,0.000000
10043,0.000000
10048,0.000000
10056,0.000000
10062,0.000000
10065,0.000000
10066,0.000000
10072,0.000000
10078,0.000000
10090,0.000000
10091,0.000000
10094,0.000000
10099,0.000000
10100,0.000000
10103,0.000000
10114,0.000000
10115,0.000000
10122,0.000000
10126,0.000000
10128,0.000000
10130,0.000000
10131,0.000000
10140,0.000000
10145,0.000000
10154,0.000000
10159,0.000000
10161,0.000000
10172,0.000000
10177,0.000000
10186,0.000000
10187,0.000000
10189,0.000000
10195,0.000000
10198,0.000000
10200,0.000000
10201,0.000000
10204,0.000000
10205,0.000000
10206,0.000000
10213,0.000000
10217,0.000000
10218,0.000000
10220,0.000000
10221,0.000000
10224,0.000000
10226,0.000000
10230,0.000000
10239,0.000000
10242,0.000000
10248,0.000000
10249,0.000000
10251,0.000000
10252,0.000000
10255,0.000000
10256,0.000000
10262,0.000000
10263,0.000000
10269,0.000000
10273,0.000000
10275,0.000000
10287,0.000000
10296,0.000000
10298,0.000000
10305,0.000000
10308,0.000000
10314,0.000000
10316,0.000000
10323,0.000000
10324,0.000000
10331,0.000000
10335,0.000000
10337,0.000000
10340,0.000000
10345,0.000000
10346,0.000000
10358,0.000000
10362,0.000000
10366,0.000000
10369,0.000000
10378,0.000000
10382,0.000000
10383,0.000000
10388,0.000000
10393,0.000000
10397,0.000000
10399,0.000000
10400,0.000000
10405,0.000000
10406,0.000000
10407,0.000000
10410,0.000000
10414,0.000000
10416,0.000000
10421,0.000000
10425,0.000000
10429,0.000000
10430,0.000000
10436,0.000000
10438,0.000000
10441,0.000000
10444,0.000000
10449,0.000000
10452,0.000000
10455,0.000000
10458,0.000000
10459,0.000000
10463,0.000000
10468,0.000000
10476,0.000000
10480,0.000000
10484,0.000000
10487,0.000000
10490,0.000000
10491,0.000000
10498,0.000000
10501,0.000000
10506,0.000000
10514,0.000000
10515,0.000000
10520,0.000000
10524,0.000000
10525,0.000000
10536,0.000000
10538,0.000000
10539,0.000000
10540,0.000000
10548,0.000000
10549,0.000000
10550,0.000000
10554,0.000000
10556,0.000000
10559,0.000000
10562,0.000000
10567,0.000000
10569,0.000000
10575,0.000000
10576,0.000000
10578,0.000000
10590,0.000000
10591,0.000000
10595,0.000000
10599,0.000000
10601,0.000000
10605,0.000000
10613,0.000000
10621,0.000000
10628,0.000000
10630,0.000000
10631,0.000000
10636,0.000000
10638,0.000000
10642,0.000000
10651,0.000000
10654,0.000000
10656,0.000000
10662,0.000000
10664,0.000000
10666,0.000000
10669,0.000000
10672,0.000000
10675,0.000000
10679,0.000000
10683,0.000000
10690,0.000000
10698,0.000000
10704,0.000000
10709,0.000000
10712,0.000000
10724,0.000000
10725,0.000000
10727,0.000000
10734,0.000000
10740,0.000000
10746,0.000000
10754,0.000000
10765,0.000000
10766,0.000000
10767,0.000000
10771,0.000000
10775,0.000000
10776,0.000000
10777,0.000000
10779,0.000000
10783,0.000000
10786,0.000000
10788,0.000000
10793,0.000000
10796,0.000000
10797,0.000000
10800,0.000000
10801,0.000000
10808,0.000000
10809,0.000000
10819,0.000000
10820,0.000000
10823,0.000000
10826,0.000000
10829,0.000000
10834,0.000000
10849,0.000000
10853,0.000000
10854,0.000000
10868,0.000000
10869,0.000000
10870,0.000000
10873,0.000000
10874,0.000000
10877,0.000000
10879,0.000000
10883,0.000000
10884,0.000000
10898,0.000000
10902,0.000000
10903,0.000000
10905,0.000000
10909,0.000000
10915,0.000000
10922,0.000000
10923,0.000000
10926,0.000000
10929,0.000000
10932,0.000000
10935,0.000000
10949,0.000000
10951,0.000000
10952,0.000000
10957,0.000000
10959,0.000000
10961,0.000000
10962,0.000000
10964,0.000000
10968,0.000000
10973,0.000000
10976,0.000000
10979,0.000000
10980,0.000000
10981,0.000000
10982,0.000000
10983,0.000000
10984,0.000000
10987,0.000000
10988,0.000000
11000,0.000000
11005,0.000000
11009,0.000000
11012,0.000000
11013,0.000000
11016,0.000000
11018,0.000000
11019,0.000000
11020,0.000000
11022,0.000000
11027,0.000000
11028,0.000000
11036,0.000000
11037,0.000000
11038,0.000000
11049,0.000000
11055,0.000000
11060,0.000000
11061,0.000000
11067,0.000000
11072,0.000000
11073,0.000000
11075,0.000000
11082,0.000000
11083,0.000000
11086,0.000000
11087,0.000000
11092,0.000000
11096,0.000000
11100,0.000000
11101,0.000000
11106,0.000000
11113,0.000000
11119,0.000000
11123,0.000000
11126,0.000000
11129,0.000000
11135,0.000000
11137,0.000000
11146,0.000000
11149,0.000000
11151,0.000000
11152,0.000000
11168,0.000000
11172,0.000000
11173,0.000000
11174,0.000000
11176,0.000000
11177,0.000000
11183,0.000000
11190,0.000000
11191,0.000000
11196,0.000000
11199,0.000000
11201,0.000000
11204,0.000000
11206,0.000000
11213,0.000000
11215,0.000000
11216,0.000000
11221,0.000000
11230,0.000000
11231,0.000000
11237,0.000000
11240,0.000000
11244,0.000000
11249,0.000000
11250,0.000000
11252,0.000000
11253,0.000000
11254,0.000000
11258,0.000000
11269,0.000000
11271,0.000000
11273,0.000000
11276,0.000000
11281,0.000000
11283,0.000000
11291,0.000000
11298,0.000000
11306,0.000000
11312,0.000000
11313,0.000000
11316,0.000000
11317,0.000000
11319,0.000000
11320,0.000000
11329,0.000000
11340,0.000000
11341,0.000000
11345,0.000000
11346,0.000000
11351,0.000000
11353,0.000000
11364,0.000000
11372,0.000000
11373,0.000000
11375,0.000000
11378,0.000000
11379,0.000000
11380,0.000000
11383,0.000000
11384,0.000000
11386,0.000000
11387,0.000000
11391,0.000000
11393,0.000000
11394,0.000000
11397,0.000000
11401,0.000000
11404,0.000000
11407,0.000000
11412,0.000000
11416,0.000000
11418,0.000000
11421,0.000000
11425,0.000000
11426,0.000000
11429,0.000000
11430,0.000000
11437,0.000000
11443,0.000000
11452,0.000000
11457,0.000000
11459,0.000000
11463,0.000000
11470,0.000000
11473,0.000000
11478,0.000000
11488,0.000000
11493,0.000000
11495,0.000000
11497,0.000000
11498,0.000000
11503,0.000000
11505,0.000000
11512,0.000000
11519,0.000000
11527,0.000000
11529,0.000000
11531,0.000000
11535,0.000000
11537,0.000000
11541,0.000000
11542,0.000000
11544,0.000000
11552,0.000000
11555,0.000000
11556,0.000000
11557,0.000000
11561,0.000000
11562,0.000000
11567,0.000000
11569,0.000000
11575,0.000000
11577,0.000000
11579,0.000000
11580,0.000000
11582,0.000000
11589,0.000000
11590,0.000000
11594,0.000000
11602,0.000000
11606,0.000000
11609,0.000000
11614,0.000000
11615,0.000000
11618,0.000000
11625,0.000000
11627,0.000000
11629,0.000000
11633,0.000000
11635,0.000000
11639,0.000000
11650,0.000000
11651,0.000000
11653,0.000000
11655,0.000000
11661,0.000000
11662,0.000000
11665,0.000000
11671,0.000000
11675,0.000000
11677,0.000000
11679,0.000000
11682,0.000000
11683,0.000000
11689,0.000000
11691,0.000000
11693,0.000000
11697,0.000000
11699,0.000000
11700,0.000000
11705,0.000000
11712,0.000000
11719,0.000000
11723,0.000000
11725,0.000000
11730,0.000000
11734,0.000000
11739,0.000000
11742,0.000000
11745,0.000000
11750,0.000000
11755,0.000000
11757,0.000000
11760,0.000000
11763,0.000000
11766,0.000000
11769,0.000000
11771,0.000000
11776,0.000000
11778,0.000000
11779,0.000000
11792,0.000000
11794,0.000000
11803,0.000000
11805,0.000000
11806,0.000000
11813,0.000000
11814,0.000000
11817,0.000000
11818,0.000000
11819,0.000000
11822,0.000000
11827,0.000000
11831,0.000000
11837,0.000000
11845,0.000000
11848,0.000000
11854,0.000000
11858,0.000000
11867,0.000000
11871,0.000000
11873,0.000000
11874,0.000000
11877,0.000000
11882,0.000000
11886,0.000000
11887,0.000000
11894,0.000000
11898,0.000000
11905,0.000000
11911,0.000000
11913,0.000000
11915,0.000000
11919,0.000000
11920,0.000000
11926,0.000000
11930,0.000000
11931,0.000000
11933,0.000000
11934,0.000000
11937,0.000000
11939,0.000000
11940,0.000000
11945,0.000000
11947,0.000000
11962,0.000000
11965,0.000000
11967,0.000000
11969,0.000000
11970,0.000000
11972,0.000000
11975,0.000000
11976,0.000000
11981,0.000000
11983,0.000000
11988,0.000000
11993,0.000000
11994,0.000000
11995,0.000000
11996,0.000000
12000,0.000000
12005,0.000000
12010,0.000000
12014,0.000000
12019,0.000000
12027,0.000000
12028,0.000000
12037,0.000000
12038,0.000000
12042,0.000000
12050,0.000000
12055,0.000000
12056,0.000000
12060,0.000000
12062,0.000000
12065,0.000000
12072,0.000000
12074,0.000000
12082,0.000000
12085,0.000000
12089,0.000000
12091,0.000000
12092,0.000000
12093,0.000000
12096,0.000000
12097,0.000000
12099,0.000000
12100,0.000000
12102,0.000000
12104,0.000000
12105,0.000000
12109,0.000000
12113,0.000000
12120,0.000000
12122,0.000000
12125,0.000000
12130,0.000000
12132,0.000000
12133,0.000000
12134,0.000000
12136,0.000000
12138,0.000000
12143,0.000000
12146,0.000000
12151,0.000000
12160,0.000000
12162,0.000000
12164,0.000000
12168,0.000000
12170,0.000000
12171,0.000000
12172,0.000000
12176,0.000000
12177,0.000000
12190,0.000000
12191,0.000000
12193,0.000000
12198,0.000000
12203,0.000000
12208,0.000000
12209,0.000000
12214,0.000000
12219,0.000000
12220,0.000000
12222,0.000000
12223,0.000000
12224,0.000000
12228,0.000000
12232,0.000000
12238,0.000000
12242,0.000000
12243,0.000000
12248,0.000000
12249,0.000000
12252,0.000000
12255,0.000000
12256,0.000000
12260,0.000000
12269,0.000000
12270,0.000000
12279,0.000000
12284,0.000000
12286,0.000000
12288,0.000000
12289,0.000000
12292,0.000000
12299,0.000000
12303,0.000000
12310,0.000000
12314,0.000000
12315,0.000000
12316,0.000000
12323,0.000000
12331,0.000000
12332,0.000000
12335,0.000000
12339,0.000000
12341,0.000000
12342,0.000000
12345,0.000000
12351,0.000000
12354,0.000000
12358,0.000000
12363,0.000000
12367,0.000000
12370,0.000000
12371,0.000000
12388,0.000000
12391,0.000000
12393,0.000000
12397,0.000000
12406,0.000000
12411,0.000000
12413,0.000000
12426,0.000000
12427,0.000000
12428,0.000000
12436,0.000000
12440,0.000000
12442,0.000000
12443,0.000000
12446,0.000000
12450,0.000000
12452,0.000000
12456,0.000000
12460,0.000000
12463,0.000000
12464,0.000000
12467,0.000000
12470,0.000000
12472,0.000000
12482,0.000000
12488,0.000000
12490,0.000000
12491,0.000000
12493,0.000000
12495,0.000000
12496,0.000000
12505,0.000000
12507,0.000000
12509,0.000000
12511,0.000000
12512,0.000000
12514,0.000000
12528,0.000000
12532,0.000000
12533,0.000000
12536,0.000000
12538,0.000000
12542,0.000000
12545,0.000000
12550,0.000000
12555,0.000000
12559,0.000000
12564,0.000000
12568,0.000000
12573,0.000000
12574,0.000000
12576,0.000000
12580,0.000000
12590,0.000000
12599,0.000000
12601,0.000000
12602,0.000000
12604,0.000000
12607,0.000000
12609,0.000000
12611,0.000000
12615,0.000000
12619,0.000000
12621,0.000000
12629,0.000000
12634,0.000000
12645,0.000000
12646,0.000000
12649,0.000000
12651,0.000000
12652,0.000000
12657,0.000000
12659,0.000000
12667,0.000000
12674,0.000000
12677,0.000000
12679,0.000000
12681,0.000000
12686,0.000000
12687,0.000000
12688,0.000000
12696,0.000000
12700,0.000000
12706,0.000000
12707,0.000000
12711,0.000000
12712,0.000000
12715,0.000000
12724,0.000000
12725,0.000000
12736,0.000000
12739,0.000000
12740,0.000000
12743,0.000000
12744,0.000000
12753,0.000000
12755,0.000000
12756,0.000000
12758,0.000000
12759,0.000000
12762,0.000000
12765,0.000000
12767,0.000000
12774,0.000000
12780,0.000000
12781,0.000000
12785,0.000000
12789,0.000000
12793,0.000000
12795,0.000000
12798,0.000000
12802,0.000000
12803,0.000000
12805,0.000000
12807,0.000000
12808,0.000000
12809,0.000000
12812,0.000000
12813,0.000000
12815,0.000000
12818,0.000000
12819,0.000000
12823,0.000000
12826,0.000000
12831,0.000000
12833,0.000000
12834,0.000000
12839,0.000000
12843,0.000000
12844,0.000000
12845,0.000000
12847,0.000000
12851,0.000000
12853,0.000000
12857,0.000000
12859,0.000000
12866,0.000000
12874,0.000000
12881,0.000000
12887,0.000000
12889,0.000000
12899,0.000000
12903,0.000000
12907,0.000000
12908,0.000000
12911,0.000000
12912,0.000000
12914,0.000000
12916,0.000000
12918,0.000000
12919,0.000000
12920,0.000000
12924,0.000000
12925,0.000000
12927,0.000000
12930,0.000000
12933,0.000000
12937,0.000000
12940,0.000000
12942,0.000000
12944,0.000000
12947,0.000000
12953,0.000000
12955,0.000000
12960,0.000000
12963,0.000000
12965,0.000000
12966,0.000000
12967,0.000000
12972,0.000000
12973,0.000000
12974,0.000000
12978,0.000000
12979,0.000000
12981,0.000000
12984,0.000000
12985,0.000000
12986,0.000000
12987,0.000000
12989,0.000000
12992,0.000000
12994,0.000000
12998,0.000000
13001,0.000000
13002,0.000000
13004,0.000000
13005,0.000000
13007,0.000000
13008,0.000000
13011,0.000000
13014,0.000000
13017,0.000000
13018,0.000000
13022,0.000000
13025,0.000000
13027,0.000000
13029,0.000000
13032,0.000000
13034,0.000000
13039,0.000000
13040,0.000000
13044,0.000000
13046,0.000000
13052,0.000000
13055,0.000000
13062,0.000000
13063,0.000000
13067,0.000000
13068,0.000000
13071,0.000000
13079,0.000000
13080,0.000000
13081,0.000000
13083,0.000000
13091,0.000000
13092,0.000000
13095,0.000000
13096,0.000000
13097,0.000000
13100,0.000000
13107,0.000000
13110,0.000000
13113,0.000000
13119,0.000000
13121,0.000000
13123,0.000000
13124,0.000000
13127,0.000000
13128,0.000000
13136,0.000000
13137,0.000000
13138,0.000000
13142,0.000000
13144,0.000000
13147,0.000000
13157,0.000000
13165,0.000000
13166,0.000000
13172,0.000000
13175,0.000000
13176,0.000000
13186,0.000000
13187,0.000000
13195,0.000000
13200,0.000000
13201,0.000000
13204,0.000000
13207,0.000000
13208,0.000000
13211,0.000000
13212,0.000000
13218,0.000000
13222,0.000000
13223,0.000000
13231,0.000000
13232,0.000000
13235,0.000000
13242,0.000000
13246,0.000000
13250,0.000000
13252,0.000000
13254,0.000000
13256,0.000000
13261,0.000000
13268,0.000000
13273,0.000000
13274,0.000000
13275,0.000000
13278,0.000000
13281,0.000000
13283,0.000000
13284,0.000000
13292,0.000000
13298,0.000000
13301,0.000000
13303,0.000000
13308,0.000000
13310,0.000000
13313,0.000000
13315,0.000000
13316,0.000000
13317,0.000000
13324,0.000000
13332,0.000000
13334,0.000000
13337,0.000000
13339,0.000000
13343,0.000000
13344,0.000000
13345,0.000000
13349,0.000000
13354,0.000000
13355,0.000000
13358,0.000000
13362,0.000000
13363,0.000000
13365,0.000000
13366,0.000000
13368,0.000000
13378,0.000000
13380,0.000000
13384,0.000000
13387,0.000000
13388,0.000000
13391,0.000000
13393,0.000000
13395,0.000000
13397,0.000000
13399,0.000000
13401,0.000000
13403,0.000000
13405,0.000000
13409,0.000000
13416,0.000000
13419,0.000000
13424,0.000000
13429,0.000000
13448,0.000000
13451,0.000000
13453,0.000000
13454,0.000000
13460,0.000000
13467,0.000000
13469,0.000000
13470,0.000000
13478,0.000000
13481,0.000000
13482,0.000000
13483,0.000000
13487,0.000000
13489,0.000000
13491,0.000000
13494,0.000000
13497,0.000000
13498,0.000000
13500,0.000000
13505,0.000000
13506,0.000000
13508,0.000000
13509,0.000000
13512,0.000000
13515,0.000000
13516,0.000000
13517,0.000000
13518,0.000000
13520,0.000000
13522,0.000000
13527,0.000000
13532,0.000000
13533,0.000000
13536,0.000000
13538,0.000000
13539,0.000000
13542,0.000000
13543,0.000000
13544,0.000000
13545,0.000000
13546,0.000000
13547,0.000000
13548,0.000000
13549,0.000000
13550,0.000000
13551,0.000000
13553,0.000000
13554,0.000000
13555,0.000000
13557,0.000000
13562,0.000000
13565,0.000000
13570,0.000000
13577,0.000000
13581,0.000000
13583,0.000000
13588,0.000000
13591,0.000000
13592,0.000000
13596,0.000000
13603,0.000000
13606,0.000000
13607,0.000000
13615,0.000000
13616,0.000000
13617,0.000000
13622,0.000000
13633,0.000000
13634,0.000000
13635,0.000000
13636,0.000000
13637,0.000000
13638,0.000000
13640,0.000000
13647,0.000000
13648,0.000000
13649,0.000000
13653,0.000000
13655,0.000000
13659,0.000000
13661,0.000000
13664,0.000000
13668,0.000000
13676,0.000000
13682,0.000000
13686,0.000000
13689,0.000000
13692,0.000000
13694,0.000000
13699,0.000000
13703,0.000000
13708,0.000000
13709,0.000000
13718,0.000000
13720,0.000000
13721,0.000000
13724,0.000000
13730,0.000000
13731,0.000000
13742,0.000000
13743,0.000000
13744,0.000000
13745,0.000000
13751,0.000000
13754,0.000000
13758,0.000000
13761,0.000000
13766,0.000000
13767,0.000000
13769,0.000000
13771,0.000000
13776,0.000000
13779,0.000000
13780,0.000000
13786,0.000000
13788,0.000000
13790,0.000000
13791,0.000000
13793,0.000000
13795,0.000000
13802,0.000000
13803,0.000000
13804,0.000000
13812,0.000000
13819,0.000000
13825,0.000000
13827,0.000000
13829,0.000000
13835,0.000000
13840,0.000000
13845,0.000000
13849,0.000000
13850,0.000000
13857,0.000000
13859,0.000000
13863,0.000000
13865,0.000000
13875,0.000000
13876,0.000000
13885,0.000000
13887,0.000000
13888,0.000000
13893,0.000000
13896,0.000000
13900,0.000000
13902,0.000000
13909,0.000000
13910,0.000000
13911,0.000000
13912,0.000000
13914,0.000000
13915,0.000000
13916,0.000000
13919,0.000000
13920,0.000000
13921,0.000000
13923,0.000000
13929,0.000000
13937,0.000000
13938,0.000000
13943,0.000000
13945,0.000000
13946,0.000000
13947,0.000000
13949,0.000000
13950,0.000000
13954,0.000000
13960,0.000000
13964,0.000000
13966,0.000000
13973,0.000000
13974,0.000000
13975,0.000000
13977,0.000000
13979,0.000000
13980,0.000000
13993,0.000000
13995,0.000000
13997,0.000000
14006,0.000000
14008,0.000000
14011,0.000000
14012,0.000000
14013,0.000000
14014,0.000000
14015,0.000000
14017,0.000000
14023,0.000000
14025,0.000000
14029,0.000000
14039,0.000000
14041,0.000000
14043,0.000000
14047,0.000000
14051,0.000000
14055,0.000000
14059,0.000000
14062,0.000000
14070,0.000000
14075,0.000000
14076,0.000000
14083,0.000000
14085,0.000000
14093,0.000000
14094,0.000000
14095,0.000000
14106,0.000000
14112,0.000000
14113,0.000000
14115,0.000000
14117,0.000000
14118,0.000000
14120,0.000000
14123,0.000000
14125,0.000000
14126,0.000000
14129,0.000000
14131,0.000000
14132,0.000000
14134,0.000000
14137,0.000000
14138,0.000000
14142,0.000000
14143,0.000000
14146,0.000000
14151,0.000000
14156,0.000000
14159,0.000000
14166,0.000000
14167,0.000000
14168,0.000000
14169,0.000000
14171,0.000000
14175,0.000000
14177,0.000000
14179,0.000000
14183,0.000000
14184,0.000000
14187,0.000000
14190,0.000000
14195,0.000000
14197,0.000000
14205,0.000000
14209,0.000000
14211,0.000000
14218,0.000000
14222,0.000000
14228,0.000000
14229,0.000000
14231,0.000000
14233,0.000000
14236,0.000000
14239,0.000000
14248,0.000000
14254,0.000000
14255,0.000000
14257,0.000000
14258,0.000000
14259,0.000000
14262,0.000000
14264,0.000000
14267,0.000000
14270,0.000000
14274,0.000000
14277,0.000000
14280,0.000000
14282,0.000000
14287,0.000000
14290,0.000000
14292,0.000000
14294,0.000000
14295,0.000000
14302,0.000000
14304,0.000000
14307,0.000000
14309,0.000000
14310,0.000000
14312,0.000000
14315,0.000000
14322,0.000000
14325,0.000000
14326,0.000000
14330,0.000000
14331,0.000000
14333,0.000000
14338,0.000000
14340,0.000000
14341,0.000000
14345,0.000000
14348,0.000000
14349,0.000000
14351,0.000000
14354,0.000000
14355,0.000000
14356,0.000000
14362,0.000000
14363,0.000000
14364,0.000000
14365,0.000000
14368,0.000000
14369,0.000000
14372,0.000000
14381,0.000000
14382,0.000000
14383,0.000000
14392,0.000000
14397,0.000000
14401,0.000000
14404,0.000000
14406,0.000000
14409,0.000000
14416,0.000000
14429,0.000000
14431,0.000000
14440,0.000000
14444,0.000000
14449,0.000000
14459,0.000000
14460,0.000000
14461,0.000000
14463,0.000000
14467,0.000000
14472,0.000000
14475,0.000000
14477,0.000000
14482,0.000000
14483,0.000000
14486,0.000000
14488,0.000000
14490,0.000000
14496,0.000000
14499,0.000000
14504,0.000000
14505,0.000000
14509,0.000000
14510,0.000000
14514,0.000000
14517,0.000000
14522,0.000000
14523,0.000000
14529,0.000000
14530,0.000000
14531,0.000000
14538,0.000000
14539,0.000000
14541,0.000000
14544,0.000000
14547,0.000000
14548,0.000000
14550,0.000000
14551,0.000000
14553,0.000000
14559,0.000000
14562,0.000000
14566,0.000000
14567,0.000000
14569,0.000000
14570,0.000000
14575,0.000000
14583,0.000000
14584,0.000000
14591,0.000000
14593,0.000000
14595,0.000000
14596,0.000000
14601,0.000000
14602,0.000000
14604,0.000000
14613,0.000000
14617,0.000000
14619,0.000000
14623,0.000000
14628,0.000000
14630,0.000000
14635,0.000000
14640,0.000000
14643,0.000000
14645,0.000000
14648,0.000000
14650,0.000000
14651,0.000000
14652,0.000000
14653,0.000000
14655,0.000000
14657,0.000000
14661,0.000000
14664,0.000000
14670,0.000000
14674,0.000000
14681,0.000000
14684,0.000000
14688,0.000000
14691,0.000000
14693,0.000000
14697,0.000000
14698,0.000000
14701,0.000000
14702,0.000000
14704,0.000000
14708,0.000000
14709,0.000000
14711,0.000000
14713,0.000000
14715,0.000000
14723,0.000000
14724,0.000000
14728,0.000000
14730,0.000000
14731,0.000000
14733,0.000000
14737,0.000000
14742,0.000000
14743,0.000000
14744,0.000000
14745,0.000000
14755,0.000000
14759,0.000000
14760,0.000000
14765,0.000000
14767,0.000000
14773,0.000000
14776,0.000000
14781,0.000000
14782,0.000000
14788,0.000000
14798,0.000000
14799,0.000000
14800,0.000000
14805,0.000000
14806,0.000000
14807,0.000000
14811,0.000000
14812,0.000000
14813,0.000000
14816,0.000000
14822,0.000000
14832,0.000000
14836,0.000000
14841,0.000000
14845,0.000000
14847,0.000000
14849,0.000000
14859,0.000000
14863,0.000000
14864,0.000000
14869,0.000000
14873,0.000000
14875,0.000000
14879,0.000000
14880,0.000000
14885,0.000000
14887,0.000000
14889,0.000000
14891,0.000000
14892,0.000000
14895,0.000000
14899,0.000000
14901,0.000000
14902,0.000000
14907,0.000000
14913,0.000000
14920,0.000000
14925,0.000000
14926,0.000000
14931,0.000000
14934,0.000000
14937,0.000000
14939,0.000000
14945,0.000000
14948,0.000000
14953,0.000000
14956,0.000000
14958,0.000000
14962,0.000000
14967,0.000000
14968,0.000000
14969,0.000000
