Evaluations,Fitness
1,2.70932e+09
2,2.38729e+09
4,1.00554e+09
76,8.83671e+08
83,7.54668e+08
86,7.53441e+08
97,7.12852e+08
102,6.82774e+08
122,5.90725e+08
130,5.3894e+08
134,4.90659e+08
151,4.88606e+08
177,4.6499e+08
200,4.28708e+08
202,3.96864e+08
212,3.70471e+08
240,3.5861e+08
243,3.45879e+08
249,3.01429e+08
260,2.84868e+08
340,2.82646e+08
421,2.37596e+08
461,2.17515e+08
524,1.90091e+08
624,1.70485e+08
702,1.49414e+08
890,1.39693e+08
928,1.29008e+08
953,1.25708e+08
971,1.22131e+08
986,9.58471e+07
1587,9.36559e+07
1822,8.21152e+07
1993,7.56199e+07
2003,7.03233e+07
2335,6.808e+07
2384,6.62759e+07
2603,6.45075e+07
2623,6.14631e+07
2779,6.07951e+07
2857,5.91242e+07
3015,5.61505e+07
3396,5.41672e+07
3824,5.34491e+07
3948,5.07443e+07
4458,4.6787e+07
4919,4.6715e+07
4955,4.17462e+07
5240,4.12119e+07
5453,4.09387e+07
5862,4.07624e+07
6893,3.83431e+07
7352,3.77412e+07
7637,3.67074e+07
7652,3.44646e+07
8082,3.34295e+07
8477,3.31637e+07
8586,3.30938e+07
8644,3.29262e+07
8650,3.14414e+07
8831,3.10099e+07
8883,3.05199e+07
8897,3.01425e+07
9096,2.96231e+07
9490,2.89814e+07
9597,2.83659e+07
9688,2.76113e+07
10018,2.74581e+07
10101,2.74458e+07
10342,2.72269e+07
10517,2.71023e+07
10547,2.60254e+07
10657,2.53748e+07
10768,2.53644e+07
11016,2.49924e+07
11265,2.48214e+07
11335,2.47247e+07
11654,2.45542e+07
11792,2.43691e+07
11810,2.42635e+07
11950,2.42149e+07
12135,2.4153e+07
12182,2.34781e+07
12809,2.33929e+07
12901,2.31441e+07
13270,2.29291e+07
13516,2.28628e+07
13783,2.283e+07
13826,2.27828e+07
13923,2.27029e+07
14095,2.26406e+07
14136,2.26371e+07
14167,2.26095e+07
14246,2.25864e+07
14259,2.25757e+07
14271,2.25693e+07
14290,2.25641e+07
14297,2.25345e+07
14386,2.2494e+07
14496,2.24912e+07
14520,2.24882e+07
14539,2.24756e+07
14563,2.24608e+07
14567,2.24565e+07
14609,2.24272e+07
14652,2.24266e+07
14654,2.24155e+07
14676,2.23956e+07
14677,2.23882e+07
14721,2.23832e+07
14734,2.2377e+07
14735,2.23733e+07
14742,2.23731e+07
14744,2.23709e+07
14774,2.23619e+07
14814,2.23526e+07
14858,2.23493e+07
14865,2.23461e+07
14869,2.23406e+07
14880,2.23396e+07
14884,2.23355e+07
14893,2.23342e+07
14899,2.23328e+07
14903,2.23311e+07
14905,2.233e+07
14908,2.23287e+07
14911,2.23276e+07
14912,2.23275e+07
14923,2.2327e+07
14926,2.23237e+07
14927,2.23231e+07
14935,2.23209e+07
14937,2.23206e+07
14943,2.23206e+07
14946,2.23187e+07
14953,2.23186e+07
14954,2.23164e+07
14965,2.2316e+07
14969,2.2315e+07
