Evaluations,Fitness
1,233664.283300
2,229605.630316
3,177748.047651
8,165583.440489
38,162933.761231
66,137686.645143
69,132679.959231
89,129484.879478
106,128075.667141
108,126786.907105
111,81414.656755
142,80822.388064
146,76966.312489
158,67674.903150
171,55980.338192
202,54543.511343
206,54431.069959
210,51683.394244
215,43942.706433
249,32486.733659
279,26463.475466
320,26374.911330
335,26263.853055
341,23732.977790
351,23169.929823
367,14761.908000
381,14513.693741
388,13377.590455
397,12976.087924
409,11854.728658
424,11407.540123
432,11374.959444
446,8165.898307
469,7600.024140
514,6411.713606
516,5014.727125
546,4667.596191
553,4520.197714
576,4210.879398
607,3576.430487
609,3402.300448
639,3089.696880
652,2947.356369
657,2655.692147
700,2305.668713
712,1831.244012
738,1825.746748
739,1675.772982
742,1602.600231
749,1264.192707
769,1099.040686
798,1095.945436
810,876.154762
838,866.652471
870,836.747324
886,797.358651
896,743.156242
923,741.303885
928,640.837584
947,615.148118
963,485.449736
976,420.072035
1007,362.780246
1019,312.416723
1038,297.745366
1064,279.095211
1072,246.903308
1080,160.696129
1110,156.509167
1111,142.006226
1129,140.200944
1148,124.500798
1174,122.133653
1178,90.305057
1189,87.710578
1195,69.414248
1219,63.346725
1225,54.911356
1251,48.532390
1264,47.088263
1266,40.946336
1288,37.398410
1293,36.846153
1294,36.015907
1298,32.116600
1306,31.480942
1318,27.456699
1324,23.666295
1338,23.419446
1354,22.232991
1355,19.019708
1378,17.843452
1390,16.942953
1392,16.273318
1395,16.139511
1408,14.483661
1416,13.374979
1421,12.985257
1450,11.406021
1451,9.133013
1465,9.117636
1475,6.226047
1494,5.963009
1514,5.435271
1558,5.319672
1563,4.931369
1565,4.184848
1569,3.810714
1589,3.351788
1599,3.123843
1601,2.709517
1619,2.613650
1626,2.446115
1640,2.260188
1659,2.028245
1670,1.601539
1691,1.600226
1698,1.184508
1725,1.106656
1735,0.904172
1762,0.853530
1766,0.720008
1771,0.623318
1774,0.543375
1791,0.532571
1792,0.492703
1806,0.431662
1823,0.398062
1826,0.334352
1849,0.300076
1853,0.260846
1870,0.164321
1900,0.131309
1916,0.112303
1928,0.095889
1960,0.085069
1970,0.083736
1977,0.083444
1985,0.080782
2006,0.064645
2013,0.058208
2024,0.057313
2037,0.054677
2048,0.053837
2049,0.043215
2068,0.038290
2069,0.035437
2079,0.024617
2123,0.022751
2129,0.017172
2172,0.016686
2173,0.016270
2195,0.014123
2208,0.013454
2215,0.012450
2216,0.011816
2217,0.011336
2230,0.008631
2240,0.008300
2249,0.007972
2252,0.007723
2255,0.007121
2258,0.006498
2265,0.006187
2270,0.004895
2282,0.004692
2289,0.004185
2304,0.003947
2309,0.003881
2311,0.003505
2319,0.003242
2342,0.003134
2345,0.002794
2356,0.002219
2357,0.002213
2359,0.001827
2373,0.001421
2387,0.001362
2403,0.001197
2406,0.001167
2423,0.000933
2471,0.000931
2472,0.000707
2484,0.000703
2485,0.000628
2487,0.000624
2505,0.000450
2514,0.000442
2515,0.000394
2517,0.000381
2538,0.000361
2545,0.000351
2564,0.000336
2565,0.000307
2589,0.000282
2597,0.000273
2601,0.000222
2609,0.000161
2615,0.000157
2624,0.000154
2639,0.000106
2665,0.000092
2669,0.000087
2695,0.000080
2713,0.000079
2724,0.000072
2727,0.000071
2731,0.000064
2743,0.000042
2759,0.000041
2762,0.000041
2769,0.000032
2792,0.000032
2794,0.000028
2799,0.000025
2801,0.000022
2815,0.000021
2829,0.000019
2833,0.000017
2844,0.000016
2855,0.000016
2857,0.000016
2860,0.000014
2878,0.000014
2885,0.000013
2886,0.000013
2893,0.000012
2896,0.000009
2914,0.000009
2916,0.000006
2922,0.000006
2946,0.000005
2970,0.000005
2978,0.000004
2981,0.000004
3004,0.000003
3011,0.000003
3034,0.000003
3042,0.000003
3045,0.000002
3052,0.000002
3083,0.000002
3107,0.000002
3108,0.000002
3110,0.000001
3127,0.000001
3136,0.000001
3140,0.000001
3141,0.000001
3142,0.000001
3157,0.000001
3166,0.000001
3196,0.000001
3201,0.000001
3207,0.000001
3211,0.000001
3213,0.000001
3218,0.000001
3227,0.000000
3228,0.000000
3251,0.000000
3252,0.000000
3253,0.000000
3258,0.000000
3266,0.000000
3292,0.000000
3294,0.000000
3302,0.000000
3314,0.000000
3317,0.000000
3333,0.000000
3339,0.000000
3340,0.000000
3345,0.000000
3361,0.000000
3363,0.000000
3366,0.000000
3374,0.000000
3383,0.000000
3385,0.000000
3391,0.000000
3401,0.000000
3421,0.000000
3434,0.000000
3435,0.000000
3469,0.000000
3484,0.000000
3487,0.000000
3499,0.000000
3504,0.000000
3518,0.000000
3527,0.000000
3548,0.000000
3557,0.000000
3566,0.000000
3572,0.000000
3578,0.000000
3582,0.000000
3590,0.000000
3596,0.000000
3600,0.000000
3603,0.000000
3608,0.000000
3619,0.000000
3620,0.000000
3627,0.000000
3643,0.000000
3658,0.000000
3664,0.000000
3666,0.000000
3673,0.000000
3679,0.000000
3680,0.000000
3700,0.000000
3709,0.000000
3739,0.000000
3745,0.000000
3748,0.000000
3767,0.000000
3772,0.000000
3778,0.000000
3781,0.000000
3811,0.000000
3821,0.000000
3824,0.000000
3830,0.000000
3836,0.000000
3841,0.000000
3849,0.000000
3861,0.000000
3863,0.000000
3895,0.000000
3896,0.000000
3900,0.000000
3903,0.000000
3909,0.000000
3925,0.000000
3930,0.000000
3933,0.000000
3943,0.000000
3948,0.000000
3951,0.000000
3963,0.000000
3985,0.000000
3987,0.000000
3991,0.000000
3998,0.000000
4003,0.000000
4007,0.000000
4021,0.000000
4030,0.000000
4039,0.000000
4044,0.000000
4067,0.000000
4087,0.000000
4091,0.000000
4097,0.000000
4110,0.000000
4115,0.000000
4116,0.000000
4127,0.000000
4145,0.000000
4148,0.000000
4162,0.000000
4167,0.000000
4188,0.000000
4196,0.000000
4198,0.000000
4200,0.000000
4205,0.000000
4213,0.000000
4224,0.000000
4237,0.000000
4245,0.000000
4250,0.000000
4256,0.000000
4260,0.000000
4275,0.000000
4282,0.000000
4293,0.000000
4307,0.000000
4308,0.000000
4310,0.000000
4324,0.000000
4335,0.000000
4340,0.000000
4345,0.000000
4355,0.000000
4362,0.000000
4372,0.000000
4378,0.000000
4387,0.000000
4399,0.000000
4403,0.000000
4406,0.000000
4407,0.000000
4412,0.000000
4417,0.000000
4425,0.000000
4433,0.000000
4439,0.000000
4442,0.000000
4444,0.000000
4446,0.000000
4447,0.000000
4452,0.000000
4466,0.000000
4476,0.000000
4482,0.000000
4504,0.000000
4511,0.000000
4512,0.000000
4519,0.000000
4521,0.000000
4528,0.000000
4530,0.000000
4541,0.000000
4546,0.000000
4549,0.000000
4550,0.000000
4558,0.000000
4559,0.000000
4562,0.000000
4571,0.000000
4572,0.000000
4588,0.000000
4590,0.000000
4595,0.000000
4599,0.000000
4603,0.000000
4605,0.000000
4618,0.000000
4623,0.000000
4634,0.000000
4638,0.000000
4647,0.000000
4660,0.000000
4661,0.000000
4662,0.000000
4664,0.000000
4672,0.000000
4675,0.000000
4683,0.000000
4690,0.000000
4705,0.000000
4709,0.000000
4727,0.000000
4728,0.000000
4740,0.000000
4747,0.000000
4751,0.000000
4761,0.000000
4781,0.000000
4787,0.000000
4789,0.000000
4791,0.000000
4811,0.000000
4822,0.000000
4823,0.000000
4842,0.000000
4847,0.000000
4858,0.000000
4860,0.000000
4862,0.000000
4877,0.000000
4892,0.000000
4904,0.000000
4911,0.000000
4921,0.000000
4927,0.000000
4937,0.000000
4951,0.000000
4957,0.000000
4960,0.000000
4966,0.000000
4971,0.000000
4987,0.000000
4989,0.000000
4993,0.000000
4998,0.000000
5000,0.000000
5003,0.000000
5007,0.000000
5015,0.000000
5022,0.000000
5023,0.000000
5033,0.000000
5045,0.000000
5049,0.000000
5050,0.000000
5069,0.000000
5071,0.000000
5073,0.000000
5085,0.000000
5088,0.000000
5094,0.000000
5101,0.000000
5103,0.000000
5110,0.000000
5127,0.000000
5129,0.000000
5131,0.000000
5132,0.000000
5137,0.000000
5140,0.000000
5141,0.000000
5152,0.000000
5159,0.000000
5161,0.000000
5165,0.000000
5178,0.000000
5187,0.000000
5194,0.000000
5199,0.000000
5227,0.000000
5229,0.000000
5233,0.000000
5234,0.000000
5239,0.000000
5249,0.000000
5250,0.000000
5254,0.000000
5259,0.000000
5263,0.000000
5265,0.000000
5272,0.000000
5285,0.000000
5286,0.000000
5292,0.000000
5293,0.000000
5296,0.000000
5297,0.000000
5314,0.000000
5327,0.000000
5335,0.000000
5344,0.000000
5355,0.000000
5359,0.000000
5360,0.000000
5365,0.000000
5372,0.000000
5379,0.000000
5380,0.000000
5403,0.000000
5405,0.000000
5412,0.000000
5415,0.000000
5416,0.000000
5431,0.000000
5448,0.000000
5452,0.000000
5460,0.000000
5461,0.000000
5468,0.000000
5473,0.000000
5480,0.000000
5491,0.000000
5498,0.000000
5501,0.000000
5515,0.000000
5520,0.000000
5524,0.000000
5526,0.000000
5530,0.000000
5547,0.000000
5556,0.000000
5557,0.000000
5561,0.000000
5564,0.000000
5569,0.000000
5577,0.000000
5578,0.000000
5579,0.000000
5581,0.000000
5594,0.000000
5599,0.000000
5601,0.000000
5605,0.000000
5617,0.000000
5624,0.000000
5636,0.000000
5644,0.000000
5645,0.000000
5658,0.000000
5666,0.000000
5673,0.000000
5679,0.000000
5681,0.000000
5683,0.000000
5689,0.000000
5702,0.000000
5704,0.000000
5713,0.000000
5716,0.000000
5741,0.000000
5747,0.000000
5748,0.000000
5749,0.000000
5753,0.000000
5767,0.000000
5771,0.000000
5777,0.000000
5782,0.000000
5785,0.000000
5792,0.000000
5801,0.000000
5805,0.000000
5806,0.000000
5808,0.000000
5815,0.000000
5822,0.000000
5836,0.000000
5842,0.000000
5846,0.000000
5855,0.000000
5858,0.000000
5859,0.000000
5864,0.000000
5865,0.000000
5870,0.000000
5872,0.000000
5877,0.000000
5879,0.000000
5893,0.000000
5894,0.000000
5895,0.000000
5897,0.000000
5901,0.000000
5903,0.000000
5904,0.000000
5910,0.000000
5928,0.000000
5940,0.000000
5952,0.000000
5957,0.000000
5959,0.000000
5961,0.000000
5965,0.000000
5967,0.000000
5976,0.000000
5986,0.000000
5989,0.000000
5990,0.000000
5996,0.000000
5997,0.000000
6007,0.000000
6016,0.000000
6020,0.000000
6032,0.000000
6034,0.000000
6038,0.000000
6041,0.000000
6046,0.000000
6066,0.000000
6068,0.000000
6074,0.000000
6080,0.000000
6085,0.000000
6099,0.000000
6101,0.000000
6105,0.000000
6109,0.000000
6118,0.000000
6136,0.000000
6137,0.000000
6140,0.000000
6148,0.000000
6153,0.000000
6160,0.000000
6161,0.000000
6168,0.000000
6171,0.000000
6178,0.000000
6183,0.000000
6189,0.000000
6191,0.000000
6202,0.000000
6204,0.000000
6205,0.000000
6215,0.000000
6218,0.000000
6225,0.000000
6230,0.000000
6239,0.000000
6248,0.000000
6253,0.000000
6256,0.000000
6258,0.000000
6282,0.000000
6291,0.000000
6305,0.000000
6311,0.000000
6313,0.000000
6319,0.000000
6321,0.000000
6325,0.000000
6335,0.000000
6338,0.000000
6346,0.000000
6359,0.000000
6361,0.000000
6369,0.000000
6378,0.000000
6381,0.000000
6389,0.000000
6393,0.000000
6395,0.000000
6397,0.000000
6406,0.000000
6412,0.000000
6413,0.000000
6426,0.000000
6427,0.000000
6433,0.000000
6442,0.000000
6451,0.000000
6458,0.000000
6462,0.000000
6465,0.000000
6468,0.000000
6476,0.000000
6482,0.000000
6484,0.000000
6491,0.000000
6492,0.000000
6496,0.000000
6501,0.000000
6504,0.000000
6509,0.000000
6522,0.000000
6524,0.000000
6526,0.000000
6531,0.000000
6538,0.000000
6545,0.000000
6549,0.000000
6553,0.000000
6556,0.000000
6558,0.000000
6561,0.000000
6562,0.000000
6570,0.000000
6571,0.000000
6579,0.000000
6589,0.000000
6596,0.000000
6605,0.000000
6622,0.000000
6628,0.000000
6632,0.000000
6633,0.000000
6639,0.000000
6641,0.000000
6647,0.000000
6650,0.000000
6661,0.000000
6663,0.000000
6665,0.000000
6666,0.000000
6670,0.000000
6672,0.000000
6681,0.000000
6682,0.000000
6695,0.000000
6696,0.000000
6697,0.000000
6698,0.000000
6702,0.000000
6715,0.000000
6718,0.000000
6723,0.000000
6727,0.000000
6730,0.000000
6746,0.000000
6749,0.000000
6758,0.000000
6765,0.000000
6769,0.000000
6772,0.000000
6778,0.000000
6780,0.000000
6786,0.000000
6787,0.000000
6794,0.000000
6798,0.000000
6801,0.000000
6803,0.000000
6808,0.000000
6810,0.000000
6813,0.000000
6819,0.000000
6822,0.000000
6827,0.000000
6829,0.000000
6832,0.000000
6834,0.000000
6837,0.000000
6845,0.000000
6852,0.000000
6857,0.000000
6867,0.000000
6869,0.000000
6870,0.000000
6876,0.000000
6880,0.000000
6883,0.000000
6884,0.000000
6900,0.000000
6903,0.000000
6906,0.000000
6913,0.000000
6920,0.000000
6922,0.000000
6930,0.000000
6932,0.000000
6939,0.000000
6951,0.000000
6960,0.000000
6962,0.000000
6963,0.000000
6971,0.000000
6973,0.000000
6975,0.000000
6977,0.000000
6979,0.000000
6981,0.000000
6983,0.000000
6990,0.000000
6992,0.000000
6993,0.000000
7004,0.000000
7009,0.000000
7012,0.000000
7028,0.000000
7029,0.000000
7035,0.000000
7042,0.000000
7055,0.000000
7059,0.000000
7060,0.000000
7066,0.000000
7069,0.000000
7070,0.000000
7075,0.000000
7078,0.000000
7079,0.000000
7088,0.000000
7090,0.000000
7093,0.000000
7104,0.000000
7105,0.000000
7107,0.000000
7109,0.000000
7112,0.000000
7114,0.000000
7117,0.000000
7121,0.000000
7125,0.000000
7131,0.000000
7138,0.000000
7142,0.000000
7144,0.000000
7145,0.000000
7147,0.000000
7160,0.000000
7161,0.000000
7171,0.000000
7178,0.000000
7181,0.000000
7183,0.000000
7186,0.000000
7187,0.000000
7196,0.000000
7200,0.000000
7204,0.000000
7215,0.000000
7221,0.000000
7224,0.000000
7227,0.000000
7229,0.000000
7232,0.000000
7237,0.000000
7243,0.000000
7245,0.000000
7250,0.000000
7253,0.000000
7258,0.000000
7259,0.000000
7264,0.000000
7266,0.000000
7277,0.000000
7280,0.000000
7286,0.000000
7291,0.000000
7292,0.000000
7295,0.000000
7297,0.000000
7306,0.000000
7312,0.000000
7316,0.000000
7320,0.000000
7332,0.000000
7334,0.000000
7335,0.000000
7341,0.000000
7342,0.000000
7346,0.000000
7348,0.000000
7352,0.000000
7356,0.000000
7358,0.000000
7364,0.000000
7366,0.000000
7370,0.000000
7373,0.000000
7376,0.000000
7383,0.000000
7387,0.000000
7391,0.000000
7403,0.000000
7413,0.000000
7414,0.000000
7415,0.000000
7417,0.000000
7419,0.000000
7426,0.000000
7427,0.000000
7436,0.000000
7442,0.000000
7444,0.000000
7446,0.000000
7449,0.000000
7462,0.000000
7474,0.000000
7480,0.000000
7483,0.000000
7486,0.000000
7487,0.000000
7491,0.000000
7494,0.000000
7498,0.000000
7504,0.000000
7505,0.000000
7511,0.000000
7512,0.000000
7519,0.000000
7521,0.000000
7523,0.000000
7526,0.000000
7528,0.000000
7529,0.000000
7536,0.000000
7543,0.000000
7544,0.000000
7549,0.000000
7562,0.000000
7567,0.000000
7573,0.000000
7576,0.000000
7581,0.000000
7585,0.000000
7590,0.000000
7599,0.000000
7600,0.000000
7604,0.000000
7605,0.000000
7607,0.000000
7617,0.000000
7621,0.000000
7624,0.000000
7629,0.000000
7632,0.000000
7637,0.000000
7639,0.000000
7658,0.000000
7662,0.000000
7669,0.000000
7678,0.000000
7680,0.000000
7683,0.000000
7688,0.000000
7690,0.000000
7691,0.000000
7705,0.000000
7708,0.000000
7709,0.000000
7713,0.000000
7714,0.000000
7719,0.000000
7722,0.000000
7723,0.000000
7726,0.000000
7733,0.000000
7738,0.000000
7749,0.000000
7750,0.000000
7752,0.000000
7755,0.000000
7756,0.000000
7757,0.000000
7758,0.000000
7761,0.000000
7771,0.000000
7772,0.000000
7779,0.000000
7781,0.000000
7784,0.000000
7788,0.000000
7790,0.000000
7794,0.000000
7798,0.000000
7803,0.000000
7804,0.000000
7806,0.000000
7808,0.000000
7816,0.000000
7817,0.000000
7820,0.000000
7826,0.000000
7832,0.000000
7833,0.000000
7837,0.000000
7839,0.000000
7842,0.000000
7852,0.000000
7853,0.000000
7856,0.000000
7863,0.000000
7865,0.000000
7868,0.000000
7872,0.000000
7878,0.000000
7879,0.000000
7881,0.000000
7883,0.000000
7896,0.000000
7902,0.000000
7907,0.000000
7909,0.000000
7915,0.000000
7920,0.000000
7922,0.000000
7923,0.000000
7924,0.000000
7926,0.000000
7940,0.000000
7942,0.000000
7943,0.000000
7953,0.000000
7954,0.000000
7955,0.000000
7957,0.000000
7958,0.000000
7964,0.000000
7968,0.000000
7981,0.000000
7989,0.000000
7995,0.000000
7997,0.000000
7999,0.000000
8001,0.000000
8007,0.000000
8010,0.000000
8014,0.000000
8019,0.000000
8025,0.000000
8026,0.000000
8029,0.000000
8032,0.000000
8033,0.000000
8034,0.000000
8039,0.000000
8046,0.000000
8047,0.000000
8050,0.000000
8051,0.000000
8062,0.000000
8076,0.000000
8080,0.000000
8083,0.000000
8084,0.000000
8087,0.000000
8089,0.000000
8092,0.000000
8104,0.000000
8105,0.000000
8107,0.000000
8110,0.000000
8112,0.000000
8114,0.000000
8120,0.000000
8126,0.000000
8130,0.000000
8131,0.000000
8133,0.000000
8149,0.000000
8165,0.000000
8169,0.000000
8171,0.000000
8172,0.000000
8174,0.000000
8176,0.000000
8177,0.000000
8178,0.000000
8180,0.000000
8181,0.000000
8182,0.000000
8187,0.000000
8191,0.000000
8197,0.000000
8206,0.000000
8209,0.000000
8215,0.000000
8217,0.000000
8219,0.000000
8230,0.000000
8239,0.000000
8240,0.000000
8244,0.000000
8248,0.000000
8250,0.000000
8252,0.000000
8253,0.000000
8254,0.000000
8257,0.000000
8268,0.000000
8273,0.000000
8274,0.000000
8278,0.000000
8279,0.000000
8290,0.000000
8299,0.000000
8301,0.000000
8302,0.000000
8303,0.000000
8305,0.000000
8310,0.000000
8314,0.000000
8316,0.000000
8322,0.000000
8329,0.000000
8331,0.000000
8333,0.000000
8334,0.000000
8338,0.000000
8346,0.000000
8347,0.000000
8355,0.000000
8356,0.000000
8364,0.000000
8365,0.000000
8371,0.000000
8375,0.000000
8378,0.000000
8383,0.000000
8384,0.000000
8389,0.000000
8391,0.000000
8393,0.000000
8394,0.000000
8400,0.000000
8403,0.000000
8406,0.000000
8409,0.000000
8411,0.000000
8412,0.000000
8415,0.000000
8418,0.000000
8427,0.000000
8436,0.000000
8441,0.000000
8442,0.000000
8444,0.000000
8449,0.000000
8450,0.000000
8458,0.000000
8464,0.000000
8465,0.000000
8468,0.000000
8482,0.000000
8484,0.000000
8488,0.000000
8489,0.000000
8496,0.000000
8500,0.000000
8501,0.000000
8505,0.000000
8507,0.000000
8511,0.000000
8520,0.000000
8525,0.000000
8526,0.000000
8528,0.000000
8531,0.000000
8535,0.000000
8540,0.000000
8541,0.000000
8542,0.000000
8543,0.000000
8547,0.000000
8562,0.000000
8573,0.000000
8576,0.000000
8582,0.000000
8588,0.000000
8589,0.000000
8600,0.000000
8603,0.000000
8604,0.000000
8609,0.000000
8615,0.000000
8619,0.000000
8621,0.000000
8626,0.000000
8627,0.000000
8630,0.000000
8635,0.000000
8638,0.000000
8640,0.000000
8641,0.000000
8643,0.000000
8646,0.000000
8654,0.000000
8663,0.000000
8667,0.000000
8669,0.000000
8674,0.000000
8678,0.000000
8681,0.000000
8685,0.000000
8687,0.000000
8689,0.000000
8693,0.000000
8699,0.000000
8701,0.000000
8702,0.000000
8704,0.000000
8709,0.000000
8714,0.000000
8727,0.000000
8734,0.000000
8741,0.000000
8745,0.000000
8746,0.000000
8750,0.000000
8751,0.000000
8753,0.000000
8754,0.000000
8764,0.000000
8770,0.000000
8776,0.000000
8777,0.000000
8784,0.000000
8795,0.000000
8807,0.000000
8808,0.000000
8812,0.000000
8814,0.000000
8815,0.000000
8816,0.000000
8823,0.000000
8826,0.000000
8828,0.000000
8829,0.000000
8834,0.000000
8837,0.000000
8843,0.000000
8844,0.000000
8852,0.000000
8853,0.000000
8854,0.000000
8857,0.000000
8864,0.000000
8866,0.000000
8871,0.000000
8873,0.000000
8874,0.000000
8879,0.000000
8888,0.000000
8891,0.000000
8895,0.000000
8898,0.000000
8899,0.000000
8900,0.000000
8902,0.000000
8903,0.000000
8905,0.000000
8906,0.000000
8913,0.000000
8922,0.000000
8927,0.000000
8933,0.000000
8938,0.000000
8941,0.000000
8944,0.000000
8948,0.000000
8951,0.000000
8955,0.000000
8958,0.000000
8961,0.000000
8962,0.000000
8965,0.000000
8970,0.000000
8974,0.000000
8976,0.000000
8981,0.000000
8986,0.000000
8987,0.000000
8989,0.000000
8991,0.000000
8994,0.000000
9000,0.000000
9003,0.000000
9006,0.000000
9008,0.000000
9013,0.000000
9015,0.000000
9016,0.000000
9025,0.000000
9027,0.000000
9031,0.000000
9033,0.000000
9034,0.000000
9035,0.000000
9036,0.000000
9049,0.000000
9051,0.000000
9054,0.000000
9059,0.000000
9069,0.000000
9075,0.000000
9081,0.000000
9084,0.000000
9087,0.000000
9088,0.000000
9089,0.000000
9105,0.000000
9106,0.000000
9114,0.000000
9116,0.000000
9117,0.000000
9118,0.000000
9126,0.000000
9128,0.000000
9129,0.000000
9132,0.000000
9133,0.000000
9136,0.000000
9139,0.000000
9140,0.000000
9145,0.000000
9146,0.000000
9148,0.000000
9150,0.000000
9155,0.000000
9159,0.000000
9163,0.000000
9167,0.000000
9168,0.000000
9173,0.000000
9179,0.000000
9181,0.000000
9182,0.000000
9184,0.000000
9185,0.000000
9189,0.000000
9195,0.000000
9202,0.000000
9203,0.000000
9209,0.000000
9210,0.000000
9211,0.000000
9213,0.000000
9221,0.000000
9223,0.000000
9234,0.000000
9235,0.000000
9236,0.000000
9242,0.000000
9245,0.000000
9248,0.000000
9253,0.000000
9255,0.000000
9257,0.000000
9258,0.000000
9259,0.000000
9263,0.000000
9265,0.000000
9269,0.000000
9271,0.000000
9272,0.000000
9273,0.000000
9276,0.000000
9277,0.000000
9279,0.000000
9283,0.000000
9284,0.000000
9287,0.000000
9289,0.000000
9290,0.000000
9294,0.000000
9295,0.000000
9297,0.000000
9298,0.000000
9303,0.000000
9309,0.000000
9310,0.000000
9313,0.000000
9318,0.000000
9319,0.000000
9323,0.000000
9328,0.000000
9329,0.000000
9333,0.000000
9337,0.000000
9350,0.000000
9360,0.000000
9361,0.000000
9369,0.000000
9370,0.000000
9371,0.000000
9373,0.000000
9378,0.000000
9386,0.000000
9390,0.000000
9392,0.000000
9396,0.000000
9399,0.000000
9411,0.000000
9414,0.000000
9416,0.000000
9417,0.000000
9418,0.000000
9422,0.000000
9425,0.000000
9428,0.000000
9432,0.000000
9434,0.000000
9443,0.000000
9446,0.000000
9447,0.000000
9452,0.000000
9454,0.000000
9461,0.000000
9463,0.000000
9466,0.000000
9476,0.000000
9477,0.000000
9488,0.000000
9489,0.000000
9492,0.000000
9493,0.000000
9497,0.000000
9498,0.000000
9502,0.000000
9511,0.000000
9513,0.000000
9514,0.000000
9519,0.000000
9524,0.000000
9529,0.000000
9533,0.000000
9535,0.000000
9537,0.000000
9547,0.000000
9550,0.000000
9560,0.000000
9573,0.000000
9583,0.000000
9591,0.000000
9597,0.000000
9599,0.000000
9600,0.000000
9603,0.000000
9604,0.000000
9606,0.000000
9608,0.000000
9613,0.000000
9616,0.000000
9623,0.000000
9625,0.000000
9626,0.000000
9629,0.000000
9631,0.000000
9636,0.000000
9642,0.000000
9655,0.000000
9662,0.000000
9663,0.000000
9667,0.000000
9673,0.000000
9682,0.000000
9683,0.000000
9687,0.000000
9691,0.000000
9701,0.000000
9706,0.000000
9707,0.000000
9709,0.000000
9711,0.000000
9717,0.000000
9718,0.000000
9725,0.000000
9727,0.000000
9729,0.000000
9732,0.000000
9735,0.000000
9743,0.000000
9746,0.000000
9749,0.000000
9760,0.000000
9765,0.000000
9774,0.000000
9776,0.000000
9777,0.000000
9778,0.000000
9781,0.000000
9784,0.000000
9786,0.000000
9788,0.000000
9794,0.000000
9796,0.000000
9797,0.000000
9799,0.000000
9800,0.000000
9804,0.000000
9809,0.000000
9812,0.000000
9813,0.000000
9814,0.000000
9820,0.000000
9824,0.000000
9826,0.000000
9827,0.000000
9830,0.000000
9833,0.000000
9840,0.000000
9842,0.000000
9848,0.000000
9849,0.000000
9854,0.000000
9858,0.000000
9859,0.000000
9865,0.000000
9866,0.000000
9868,0.000000
9869,0.000000
9871,0.000000
9874,0.000000
9875,0.000000
9876,0.000000
9877,0.000000
9878,0.000000
9880,0.000000
9884,0.000000
9895,0.000000
9897,0.000000
9899,0.000000
9905,0.000000
9910,0.000000
9911,0.000000
9919,0.000000
9922,0.000000
9924,0.000000
9926,0.000000
9933,0.000000
9939,0.000000
9940,0.000000
9943,0.000000
9945,0.000000
9946,0.000000
9948,0.000000
9951,0.000000
9953,0.000000
9959,0.000000
9963,0.000000
9965,0.000000
9969,0.000000
9971,0.000000
9974,0.000000
9976,0.000000
9979,0.000000
9981,0.000000
9985,0.000000
9997,0.000000
9998,0.000000
10004,0.000000
10005,0.000000
10006,0.000000
10017,0.000000
10018,0.000000
10020,0.000000
10021,0.000000
10022,0.000000
10024,0.000000
10026,0.000000
10029,0.000000
10032,0.000000
10034,0.000000
10038,0.000000
10042,0.000000
10051,0.000000
10054,0.000000
10058,0.000000
10061,0.000000
10063,0.000000
10067,0.000000
10074,0.000000
10088,0.000000
10090,0.000000
10091,0.000000
10092,0.000000
10095,0.000000
10103,0.000000
10105,0.000000
10106,0.000000
10116,0.000000
10118,0.000000
10120,0.000000
10122,0.000000
10123,0.000000
10124,0.000000
10125,0.000000
10126,0.000000
10128,0.000000
10129,0.000000
10134,0.000000
10137,0.000000
10142,0.000000
10145,0.000000
10146,0.000000
10147,0.000000
10149,0.000000
10150,0.000000
10152,0.000000
10159,0.000000
10161,0.000000
10170,0.000000
10172,0.000000
10175,0.000000
10177,0.000000
10179,0.000000
10185,0.000000
10194,0.000000
10198,0.000000
10207,0.000000
10209,0.000000
10210,0.000000
10212,0.000000
10217,0.000000
10218,0.000000
10221,0.000000
10222,0.000000
10223,0.000000
10228,0.000000
10229,0.000000
10241,0.000000
10242,0.000000
10244,0.000000
10249,0.000000
10251,0.000000
10252,0.000000
10261,0.000000
10262,0.000000
10263,0.000000
10265,0.000000
10267,0.000000
10270,0.000000
10273,0.000000
10275,0.000000
10277,0.000000
10280,0.000000
10286,0.000000
10290,0.000000
10292,0.000000
10293,0.000000
10295,0.000000
10301,0.000000
10305,0.000000
10307,0.000000
10308,0.000000
10314,0.000000
10316,0.000000
10323,0.000000
10327,0.000000
10332,0.000000
10337,0.000000
10350,0.000000
10351,0.000000
10360,0.000000
10362,0.000000
10365,0.000000
10375,0.000000
10379,0.000000
10380,0.000000
10382,0.000000
10390,0.000000
10391,0.000000
10397,0.000000
10399,0.000000
10400,0.000000
10402,0.000000
10407,0.000000
10415,0.000000
10421,0.000000
10429,0.000000
10430,0.000000
10440,0.000000
10442,0.000000
10447,0.000000
10451,0.000000
10453,0.000000
10454,0.000000
10459,0.000000
10465,0.000000
10474,0.000000
10477,0.000000
10482,0.000000
10485,0.000000
10487,0.000000
10489,0.000000
10490,0.000000
10491,0.000000
10496,0.000000
10501,0.000000
10506,0.000000
10508,0.000000
10515,0.000000
10516,0.000000
10521,0.000000
10523,0.000000
10529,0.000000
10533,0.000000
10539,0.000000
10541,0.000000
10542,0.000000
10550,0.000000
10559,0.000000
10560,0.000000
10561,0.000000
10569,0.000000
10573,0.000000
10575,0.000000
10578,0.000000
10579,0.000000
10584,0.000000
10595,0.000000
10596,0.000000
10599,0.000000
10601,0.000000
10605,0.000000
10606,0.000000
10608,0.000000
10617,0.000000
10618,0.000000
10621,0.000000
10626,0.000000
10630,0.000000
10633,0.000000
10638,0.000000
10645,0.000000
10647,0.000000
10650,0.000000
10651,0.000000
10654,0.000000
10659,0.000000
10660,0.000000
10661,0.000000
10662,0.000000
10664,0.000000
10666,0.000000
10669,0.000000
10672,0.000000
10675,0.000000
10681,0.000000
10684,0.000000
10690,0.000000
10693,0.000000
10694,0.000000
10701,0.000000
10703,0.000000
10708,0.000000
10710,0.000000
10711,0.000000
10718,0.000000
10725,0.000000
10726,0.000000
10727,0.000000
10731,0.000000
10735,0.000000
10737,0.000000
10740,0.000000
10746,0.000000
10748,0.000000
10753,0.000000
10769,0.000000
10770,0.000000
10775,0.000000
10779,0.000000
10782,0.000000
10786,0.000000
10788,0.000000
10792,0.000000
10793,0.000000
10806,0.000000
10808,0.000000
10809,0.000000
10813,0.000000
10820,0.000000
10826,0.000000
10829,0.000000
10835,0.000000
10837,0.000000
10845,0.000000
10852,0.000000
10854,0.000000
10855,0.000000
10857,0.000000
10858,0.000000
10859,0.000000
10872,0.000000
10873,0.000000
10876,0.000000
10883,0.000000
10884,0.000000
10888,0.000000
10898,0.000000
10901,0.000000
10905,0.000000
10907,0.000000
10912,0.000000
10913,0.000000
10921,0.000000
10923,0.000000
10924,0.000000
10926,0.000000
10927,0.000000
10928,0.000000
10929,0.000000
10932,0.000000
10935,0.000000
10945,0.000000
10949,0.000000
10957,0.000000
10962,0.000000
10963,0.000000
10968,0.000000
10970,0.000000
10972,0.000000
10973,0.000000
10976,0.000000
10981,0.000000
10983,0.000000
10984,0.000000
10987,0.000000
10988,0.000000
11000,0.000000
11002,0.000000
11003,0.000000
11006,0.000000
11009,0.000000
11012,0.000000
11023,0.000000
11027,0.000000
11028,0.000000
11035,0.000000
11039,0.000000
11044,0.000000
11049,0.000000
11061,0.000000
11070,0.000000
11075,0.000000
11076,0.000000
11082,0.000000
11084,0.000000
11086,0.000000
11087,0.000000
11089,0.000000
11090,0.000000
11097,0.000000
11100,0.000000
11104,0.000000
11107,0.000000
11116,0.000000
11118,0.000000
11120,0.000000
11124,0.000000
11129,0.000000
11132,0.000000
11136,0.000000
11137,0.000000
11138,0.000000
11148,0.000000
11151,0.000000
11152,0.000000
11168,0.000000
11173,0.000000
11174,0.000000
11176,0.000000
11180,0.000000
11183,0.000000
11193,0.000000
11196,0.000000
11199,0.000000
11206,0.000000
11208,0.000000
11219,0.000000
11221,0.000000
11223,0.000000
11227,0.000000
11230,0.000000
11231,0.000000
11232,0.000000
11234,0.000000
11236,0.000000
11237,0.000000
11239,0.000000
11247,0.000000
11249,0.000000
11250,0.000000
11252,0.000000
11254,0.000000
11256,0.000000
11262,0.000000
11269,0.000000
11270,0.000000
11271,0.000000
11273,0.000000
11281,0.000000
11289,0.000000
11291,0.000000
11292,0.000000
11296,0.000000
11303,0.000000
11305,0.000000
11309,0.000000
11315,0.000000
11319,0.000000
11321,0.000000
11326,0.000000
11328,0.000000
11329,0.000000
11330,0.000000
11332,0.000000
11338,0.000000
11341,0.000000
11346,0.000000
11350,0.000000
11352,0.000000
11353,0.000000
11358,0.000000
11359,0.000000
11365,0.000000
11369,0.000000
11373,0.000000
11377,0.000000
11383,0.000000
11391,0.000000
11395,0.000000
11401,0.000000
11402,0.000000
11411,0.000000
11421,0.000000
11425,0.000000
11439,0.000000
11441,0.000000
11443,0.000000
11449,0.000000
11452,0.000000
11455,0.000000
11458,0.000000
11469,0.000000
11472,0.000000
11473,0.000000
11478,0.000000
11480,0.000000
11483,0.000000
11485,0.000000
11486,0.000000
11490,0.000000
11492,0.000000
11494,0.000000
11495,0.000000
11496,0.000000
11503,0.000000
11504,0.000000
11505,0.000000
11511,0.000000
11512,0.000000
11516,0.000000
11519,0.000000
11524,0.000000
11527,0.000000
11528,0.000000
11531,0.000000
11534,0.000000
11535,0.000000
11537,0.000000
11538,0.000000
11540,0.000000
11544,0.000000
11546,0.000000
11549,0.000000
11552,0.000000
11553,0.000000
11556,0.000000
11558,0.000000
11561,0.000000
11563,0.000000
11567,0.000000
11574,0.000000
11578,0.000000
11579,0.000000
11585,0.000000
11587,0.000000
11591,0.000000
11592,0.000000
11598,0.000000
11599,0.000000
11603,0.000000
11604,0.000000
11610,0.000000
11613,0.000000
11616,0.000000
11622,0.000000
11623,0.000000
11628,0.000000
11629,0.000000
11635,0.000000
11639,0.000000
11640,0.000000
11650,0.000000
11654,0.000000
11663,0.000000
11664,0.000000
11666,0.000000
11673,0.000000
11674,0.000000
11675,0.000000
11679,0.000000
11680,0.000000
11681,0.000000
11682,0.000000
11683,0.000000
11685,0.000000
11687,0.000000
11689,0.000000
11691,0.000000
11696,0.000000
11699,0.000000
11700,0.000000
11708,0.000000
11710,0.000000
11711,0.000000
11712,0.000000
11714,0.000000
11719,0.000000
11721,0.000000
11723,0.000000
11724,0.000000
11725,0.000000
11726,0.000000
11730,0.000000
11737,0.000000
11738,0.000000
11739,0.000000
11743,0.000000
11745,0.000000
11750,0.000000
11757,0.000000
11760,0.000000
11762,0.000000
11763,0.000000
11766,0.000000
11769,0.000000
11781,0.000000
11782,0.000000
11786,0.000000
11789,0.000000
11792,0.000000
11793,0.000000
11794,0.000000
11796,0.000000
11801,0.000000
11805,0.000000
11809,0.000000
11813,0.000000
11815,0.000000
11817,0.000000
11818,0.000000
11820,0.000000
11823,0.000000
11827,0.000000
11837,0.000000
11838,0.000000
11841,0.000000
11847,0.000000
11849,0.000000
11854,0.000000
11855,0.000000
11858,0.000000
11864,0.000000
11873,0.000000
11874,0.000000
11881,0.000000
11882,0.000000
11885,0.000000
11887,0.000000
11891,0.000000
11898,0.000000
11900,0.000000
11903,0.000000
11905,0.000000
11910,0.000000
11918,0.000000
11919,0.000000
11923,0.000000
11924,0.000000
11926,0.000000
11930,0.000000
11931,0.000000
11935,0.000000
11938,0.000000
11939,0.000000
11942,0.000000
11944,0.000000
11950,0.000000
11956,0.000000
11958,0.000000
11966,0.000000
11967,0.000000
11976,0.000000
11981,0.000000
11986,0.000000
11988,0.000000
11990,0.000000
11991,0.000000
11997,0.000000
11998,0.000000
12008,0.000000
12014,0.000000
12026,0.000000
12027,0.000000
12031,0.000000
12038,0.000000
12042,0.000000
12043,0.000000
12062,0.000000
12072,0.000000
12074,0.000000
12077,0.000000
12082,0.000000
12087,0.000000
12091,0.000000
12095,0.000000
12097,0.000000
12099,0.000000
12100,0.000000
12102,0.000000
12103,0.000000
12109,0.000000
12116,0.000000
12122,0.000000
12124,0.000000
12125,0.000000
12128,0.000000
12131,0.000000
12133,0.000000
12134,0.000000
12141,0.000000
12148,0.000000
12150,0.000000
12156,0.000000
12160,0.000000
12162,0.000000
12164,0.000000
12168,0.000000
12169,0.000000
12170,0.000000
12172,0.000000
12176,0.000000
12177,0.000000
12188,0.000000
12190,0.000000
12192,0.000000
12193,0.000000
12196,0.000000
12198,0.000000
12203,0.000000
12207,0.000000
12208,0.000000
12212,0.000000
12214,0.000000
12224,0.000000
12225,0.000000
12227,0.000000
12229,0.000000
12230,0.000000
12233,0.000000
12234,0.000000
12236,0.000000
12238,0.000000
12241,0.000000
12245,0.000000
12251,0.000000
12252,0.000000
12255,0.000000
12264,0.000000
12272,0.000000
12276,0.000000
12279,0.000000
12281,0.000000
12282,0.000000
12288,0.000000
12290,0.000000
12297,0.000000
12303,0.000000
12310,0.000000
12314,0.000000
12315,0.000000
12316,0.000000
12319,0.000000
12320,0.000000
12321,0.000000
12323,0.000000
12328,0.000000
12330,0.000000
12331,0.000000
12332,0.000000
12333,0.000000
12335,0.000000
12340,0.000000
12354,0.000000
12360,0.000000
12365,0.000000
12370,0.000000
12371,0.000000
12375,0.000000
12376,0.000000
12378,0.000000
12379,0.000000
12386,0.000000
12388,0.000000
12389,0.000000
12394,0.000000
12396,0.000000
12402,0.000000
12407,0.000000
12411,0.000000
12413,0.000000
12418,0.000000
12424,0.000000
12427,0.000000
12436,0.000000
12440,0.000000
12441,0.000000
12447,0.000000
12448,0.000000
12450,0.000000
12454,0.000000
12455,0.000000
12461,0.000000
12464,0.000000
12470,0.000000
12471,0.000000
12474,0.000000
12480,0.000000
12481,0.000000
12483,0.000000
12489,0.000000
12491,0.000000
12493,0.000000
12501,0.000000
12503,0.000000
12507,0.000000
12511,0.000000
12512,0.000000
12515,0.000000
12521,0.000000
12526,0.000000
12529,0.000000
12531,0.000000
12532,0.000000
12533,0.000000
12534,0.000000
12542,0.000000
12544,0.000000
12550,0.000000
12554,0.000000
12555,0.000000
12561,0.000000
12564,0.000000
12566,0.000000
12572,0.000000
12574,0.000000
12580,0.000000
12583,0.000000
12588,0.000000
12590,0.000000
12591,0.000000
12592,0.000000
12597,0.000000
12598,0.000000
12599,0.000000
12602,0.000000
12605,0.000000
12611,0.000000
12619,0.000000
12623,0.000000
12628,0.000000
12632,0.000000
12638,0.000000
12642,0.000000
12644,0.000000
12645,0.000000
12649,0.000000
12654,0.000000
12659,0.000000
12667,0.000000
12669,0.000000
12670,0.000000
12671,0.000000
12674,0.000000
12678,0.000000
12681,0.000000
12686,0.000000
12688,0.000000
12705,0.000000
12706,0.000000
12711,0.000000
12715,0.000000
12725,0.000000
12727,0.000000
12729,0.000000
12734,0.000000
12741,0.000000
12742,0.000000
12744,0.000000
12746,0.000000
12748,0.000000
12749,0.000000
12751,0.000000
12755,0.000000
12756,0.000000
12762,0.000000
12767,0.000000
12775,0.000000
12780,0.000000
12782,0.000000
12785,0.000000
12787,0.000000
12795,0.000000
12800,0.000000
12802,0.000000
12808,0.000000
12809,0.000000
12810,0.000000
12812,0.000000
12815,0.000000
12818,0.000000
12823,0.000000
12825,0.000000
12828,0.000000
12835,0.000000
12841,0.000000
12847,0.000000
12850,0.000000
12851,0.000000
12854,0.000000
12859,0.000000
12862,0.000000
12864,0.000000
12866,0.000000
12873,0.000000
12877,0.000000
12878,0.000000
12880,0.000000
12881,0.000000
12884,0.000000
12888,0.000000
12892,0.000000
12899,0.000000
12903,0.000000
12907,0.000000
12908,0.000000
12913,0.000000
12916,0.000000
12928,0.000000
12935,0.000000
12936,0.000000
12938,0.000000
12943,0.000000
12944,0.000000
12945,0.000000
12949,0.000000
12951,0.000000
12953,0.000000
12956,0.000000
12963,0.000000
12964,0.000000
12968,0.000000
12972,0.000000
12973,0.000000
12975,0.000000
12979,0.000000
12984,0.000000
12985,0.000000
12986,0.000000
13001,0.000000
13002,0.000000
13007,0.000000
13011,0.000000
13017,0.000000
13021,0.000000
13022,0.000000
13027,0.000000
13030,0.000000
13034,0.000000
13039,0.000000
13040,0.000000
13044,0.000000
13045,0.000000
13046,0.000000
13050,0.000000
13055,0.000000
13059,0.000000
13062,0.000000
13064,0.000000
13066,0.000000
13068,0.000000
13077,0.000000
13081,0.000000
13084,0.000000
13091,0.000000
13092,0.000000
13094,0.000000
13096,0.000000
13097,0.000000
13100,0.000000
13107,0.000000
13108,0.000000
13109,0.000000
13113,0.000000
13115,0.000000
13120,0.000000
13123,0.000000
13128,0.000000
13131,0.000000
13139,0.000000
13144,0.000000
13145,0.000000
13147,0.000000
13149,0.000000
13150,0.000000
13154,0.000000
13157,0.000000
13163,0.000000
13165,0.000000
13167,0.000000
13170,0.000000
13172,0.000000
13173,0.000000
13176,0.000000
13177,0.000000
13185,0.000000
13187,0.000000
13199,0.000000
13204,0.000000
13208,0.000000
13211,0.000000
13212,0.000000
13217,0.000000
13223,0.000000
13226,0.000000
13229,0.000000
13230,0.000000
13231,0.000000
13232,0.000000
13235,0.000000
13238,0.000000
13248,0.000000
13266,0.000000
13268,0.000000
13271,0.000000
13274,0.000000
13275,0.000000
13278,0.000000
13280,0.000000
13283,0.000000
13284,0.000000
13288,0.000000
13290,0.000000
13291,0.000000
13294,0.000000
13298,0.000000
13303,0.000000
13304,0.000000
13306,0.000000
13307,0.000000
13316,0.000000
13318,0.000000
13319,0.000000
13326,0.000000
13327,0.000000
13330,0.000000
13336,0.000000
13337,0.000000
13339,0.000000
13345,0.000000
13349,0.000000
13352,0.000000
13355,0.000000
13357,0.000000
13358,0.000000
13360,0.000000
13363,0.000000
13368,0.000000
13373,0.000000
13378,0.000000
13380,0.000000
13383,0.000000
13387,0.000000
13391,0.000000
13393,0.000000
13397,0.000000
13403,0.000000
13405,0.000000
13408,0.000000
13409,0.000000
13410,0.000000
13411,0.000000
13413,0.000000
13415,0.000000
13419,0.000000
13426,0.000000
13429,0.000000
13432,0.000000
13434,0.000000
13435,0.000000
13444,0.000000
13448,0.000000
13451,0.000000
13453,0.000000
13454,0.000000
13457,0.000000
13463,0.000000
13467,0.000000
13472,0.000000
13473,0.000000
13480,0.000000
13481,0.000000
13482,0.000000
13484,0.000000
13487,0.000000
13489,0.000000
13491,0.000000
13494,0.000000
13498,0.000000
13500,0.000000
13504,0.000000
13509,0.000000
13510,0.000000
13518,0.000000
13520,0.000000
13521,0.000000
13525,0.000000
13527,0.000000
13529,0.000000
13535,0.000000
13537,0.000000
13538,0.000000
13539,0.000000
13541,0.000000
13551,0.000000
13552,0.000000
13559,0.000000
13560,0.000000
13563,0.000000
13565,0.000000
13568,0.000000
13571,0.000000
13577,0.000000
13578,0.000000
13584,0.000000
13587,0.000000
13589,0.000000
13590,0.000000
13592,0.000000
13597,0.000000
13599,0.000000
13606,0.000000
13607,0.000000
13615,0.000000
13619,0.000000
13620,0.000000
13621,0.000000
13623,0.000000
13627,0.000000
13628,0.000000
13629,0.000000
13630,0.000000
13633,0.000000
13634,0.000000
13647,0.000000
13649,0.000000
13660,0.000000
13661,0.000000
13675,0.000000
13676,0.000000
13683,0.000000
13689,0.000000
13691,0.000000
13694,0.000000
13698,0.000000
13700,0.000000
13702,0.000000
13705,0.000000
13707,0.000000
13708,0.000000
13714,0.000000
13720,0.000000
13722,0.000000
13723,0.000000
13724,0.000000
13727,0.000000
13731,0.000000
13735,0.000000
13737,0.000000
13738,0.000000
13742,0.000000
13745,0.000000
13752,0.000000
13754,0.000000
13760,0.000000
13761,0.000000
13764,0.000000
13765,0.000000
13766,0.000000
13770,0.000000
13771,0.000000
13774,0.000000
13776,0.000000
13777,0.000000
13780,0.000000
13783,0.000000
13788,0.000000
13793,0.000000
13798,0.000000
13803,0.000000
13804,0.000000
13808,0.000000
13812,0.000000
13819,0.000000
13823,0.000000
13827,0.000000
13830,0.000000
13834,0.000000
13837,0.000000
13842,0.000000
13843,0.000000
13846,0.000000
13850,0.000000
13852,0.000000
13857,0.000000
13861,0.000000
13865,0.000000
13873,0.000000
13876,0.000000
13885,0.000000
13886,0.000000
13894,0.000000
13897,0.000000
13898,0.000000
13901,0.000000
13903,0.000000
13904,0.000000
13909,0.000000
13910,0.000000
13914,0.000000
13915,0.000000
13917,0.000000
13920,0.000000
13921,0.000000
13922,0.000000
13923,0.000000
13928,0.000000
13929,0.000000
13939,0.000000
13947,0.000000
13953,0.000000
13957,0.000000
13959,0.000000
13964,0.000000
13966,0.000000
13968,0.000000
13972,0.000000
13973,0.000000
13974,0.000000
13982,0.000000
13988,0.000000
13990,0.000000
13992,0.000000
13993,0.000000
13995,0.000000
14001,0.000000
14005,0.000000
14008,0.000000
14010,0.000000
14011,0.000000
14012,0.000000
14017,0.000000
14029,0.000000
14032,0.000000
14033,0.000000
14035,0.000000
14038,0.000000
14043,0.000000
14045,0.000000
14046,0.000000
14047,0.000000
14048,0.000000
14049,0.000000
14051,0.000000
14054,0.000000
14055,0.000000
14056,0.000000
14060,0.000000
14061,0.000000
14063,0.000000
14064,0.000000
14068,0.000000
14070,0.000000
14077,0.000000
14078,0.000000
14081,0.000000
14086,0.000000
14088,0.000000
14092,0.000000
14095,0.000000
14097,0.000000
14099,0.000000
14104,0.000000
14106,0.000000
14112,0.000000
14115,0.000000
14117,0.000000
14119,0.000000
14126,0.000000
14130,0.000000
14132,0.000000
14138,0.000000
14145,0.000000
14146,0.000000
14156,0.000000
14157,0.000000
14162,0.000000
14165,0.000000
14166,0.000000
14169,0.000000
14177,0.000000
14179,0.000000
14183,0.000000
14184,0.000000
14186,0.000000
14187,0.000000
14189,0.000000
14191,0.000000
14195,0.000000
14205,0.000000
14211,0.000000
14218,0.000000
14221,0.000000
14223,0.000000
14233,0.000000
14236,0.000000
14239,0.000000
14241,0.000000
14245,0.000000
14247,0.000000
14254,0.000000
14255,0.000000
14258,0.000000
14262,0.000000
14265,0.000000
14271,0.000000
14274,0.000000
14276,0.000000
14277,0.000000
14282,0.000000
14284,0.000000
14285,0.000000
14286,0.000000
14287,0.000000
14289,0.000000
14290,0.000000
14296,0.000000
14299,0.000000
14302,0.000000
14307,0.000000
14309,0.000000
14310,0.000000
14315,0.000000
14323,0.000000
14327,0.000000
14331,0.000000
14332,0.000000
14333,0.000000
14335,0.000000
14336,0.000000
14337,0.000000
14339,0.000000
14340,0.000000
14341,0.000000
14344,0.000000
14348,0.000000
14349,0.000000
14351,0.000000
14352,0.000000
14355,0.000000
14356,0.000000
14365,0.000000
14368,0.000000
14370,0.000000
14372,0.000000
14379,0.000000
14381,0.000000
14385,0.000000
14392,0.000000
14395,0.000000
14396,0.000000
14398,0.000000
14400,0.000000
14404,0.000000
14405,0.000000
14406,0.000000
14409,0.000000
14413,0.000000
14416,0.000000
14424,0.000000
14429,0.000000
14431,0.000000
14432,0.000000
14434,0.000000
14435,0.000000
14442,0.000000
14445,0.000000
14449,0.000000
14458,0.000000
14460,0.000000
14463,0.000000
14472,0.000000
14474,0.000000
14477,0.000000
14478,0.000000
14482,0.000000
14486,0.000000
14489,0.000000
14496,0.000000
14504,0.000000
14507,0.000000
14510,0.000000
14512,0.000000
14516,0.000000
14517,0.000000
14519,0.000000
14521,0.000000
14522,0.000000
14529,0.000000
14530,0.000000
14532,0.000000
14538,0.000000
14540,0.000000
14541,0.000000
14550,0.000000
14552,0.000000
14553,0.000000
14559,0.000000
14560,0.000000
14561,0.000000
14562,0.000000
14565,0.000000
14566,0.000000
14569,0.000000
14570,0.000000
14580,0.000000
14583,0.000000
14584,0.000000
14588,0.000000
14591,0.000000
14592,0.000000
14595,0.000000
14596,0.000000
14598,0.000000
14599,0.000000
14600,0.000000
14601,0.000000
14602,0.000000
14607,0.000000
14608,0.000000
14612,0.000000
14615,0.000000
14618,0.000000
14623,0.000000
14635,0.000000
14636,0.000000
14640,0.000000
14643,0.000000
14646,0.000000
14648,0.000000
14649,0.000000
14650,0.000000
14651,0.000000
14652,0.000000
14653,0.000000
14655,0.000000
14657,0.000000
14660,0.000000
14664,0.000000
14670,0.000000
14672,0.000000
14674,0.000000
14679,0.000000
14683,0.000000
14684,0.000000
14688,0.000000
14691,0.000000
14693,0.000000
14697,0.000000
14702,0.000000
14705,0.000000
14708,0.000000
14709,0.000000
14714,0.000000
14715,0.000000
14726,0.000000
14730,0.000000
14731,0.000000
14736,0.000000
14737,0.000000
14740,0.000000
14742,0.000000
14749,0.000000
14753,0.000000
14757,0.000000
14759,0.000000
14761,0.000000
14771,0.000000
14773,0.000000
14775,0.000000
14778,0.000000
14779,0.000000
14780,0.000000
14781,0.000000
14782,0.000000
14786,0.000000
14788,0.000000
14789,0.000000
14791,0.000000
14796,0.000000
14797,0.000000
14798,0.000000
14799,0.000000
14807,0.000000
14813,0.000000
14819,0.000000
14822,0.000000
14825,0.000000
14831,0.000000
14836,0.000000
14837,0.000000
14839,0.000000
14847,0.000000
14849,0.000000
14856,0.000000
14857,0.000000
14858,0.000000
14862,0.000000
14863,0.000000
14867,0.000000
14869,0.000000
14875,0.000000
14877,0.000000
14879,0.000000
14880,0.000000
14884,0.000000
14885,0.000000
14886,0.000000
14887,0.000000
14888,0.000000
14889,0.000000
14891,0.000000
14892,0.000000
14894,0.000000
14895,0.000000
14899,0.000000
14901,0.000000
14902,0.000000
14903,0.000000
14906,0.000000
14912,0.000000
14915,0.000000
14919,0.000000
14921,0.000000
14922,0.000000
14923,0.000000
14925,0.000000
14928,0.000000
14929,0.000000
14933,0.000000
14938,0.000000
14939,0.000000
14948,0.000000
14949,0.000000
14953,0.000000
14956,0.000000
14957,0.000000
14964,0.000000
14969,0.000000
14970,0.000000
