Evaluations,Fitness
1,1587.64
3,1407.68
7,1198.23
72,1167.13
76,1148.97
78,1124.84
86,1111.08
106,1069.04
110,1037.15
136,1011.8
152,979.309
179,960.76
184,952.157
267,868.42
288,865.562
333,839.309
372,829.711
417,778.385
430,739.319
921,700.733
1193,690.657
1253,676.941
1308,655.286
1420,651.183
2000,628.832
4048,617.077
4120,598.909
5739,571.49
6468,564.365
6746,554.067
7133,551.561
7177,535.419
7359,491.593
10564,486.879
10593,483.762
11505,482.688
11563,474.93
11647,473.8
11800,464.428
12136,453.648
12139,451.141
12173,450.282
12200,447.81
12203,445.656
12220,432.402
12234,429.964
12454,414.692
12487,411.133
12521,410.582
12537,405.389
12553,399.202
12638,398.605
12736,396.954
13001,390.317
13008,388.1
13153,383.339
13209,380.261
13220,376.797
13440,367.763
13452,362.738
13461,360.74
13475,360.071
13502,359.215
13510,356.458
13604,349.268
13611,347.412
13650,346.578
13710,345.948
13744,333.904
13826,332.677
13835,329.482
13844,329.284
13863,325.401
13928,320.696
13933,320.648
13952,319.468
14025,318.526
14063,316.712
14109,315.573
14111,313.725
14133,311.376
14213,308.986
14280,307.835
14290,307.215
14315,305.343
14319,303.75
14355,302.777
14456,302.24
14468,301.475
14523,301.376
14527,301.323
14546,300.971
14559,299.958
14565,299.469
14570,299.321
14571,299.276
14572,298.472
14587,297.329
14589,297.113
14606,296.943
14611,296.182
14614,294.631
14622,294.288
14624,293.365
14662,293.034
14677,292.228
14694,292.011
14702,291.295
14712,289.57
14732,289.454
14738,289.445
14763,289.142
14793,288.834
14800,288.68
14803,288.664
14809,288.657
14812,288.569
14827,288.432
14830,288.077
14846,288.02
14848,287.99
14850,287.425
14852,287.263
14860,286.997
14866,286.766
14878,286.545
14884,286.342
14891,286.336
14897,286.214
14906,286.171
14912,286.074
14915,285.974
14925,285.957
14930,285.954
14931,285.888
14933,285.79
14937,285.696
14942,285.637
14947,285.618
14948,285.605
14949,285.506
14952,285.477
14956,285.469
14957,285.448
14965,285.398
14967,285.323
