Evaluations,Fitness
1,21.194686
3,21.079484
4,20.774646
79,20.621044
116,20.534592
135,20.531456
138,20.393855
148,20.276721
155,20.180099
158,19.985483
185,19.251766
216,19.190078
221,18.822594
245,18.650846
277,18.639556
305,18.539051
307,17.526091
323,17.360287
350,16.524980
360,16.321746
388,15.641007
401,14.775464
418,14.637702
448,13.222158
478,12.829485
501,12.766772
510,12.485466
541,12.103788
544,11.622506
551,11.555809
556,11.518851
571,10.980224
576,10.747445
587,10.650386
601,10.137162
631,9.407377
647,8.881810
705,8.120378
735,8.067449
738,7.855868
744,7.673104
749,6.767452
779,6.665183
809,6.640828
810,6.425485
811,6.307656
827,5.889938
874,5.608311
906,5.455591
923,5.301602
943,5.033222
957,4.869255
1003,4.483011
1036,4.019603
1066,3.886240
1079,3.844561
1090,3.535528
1111,3.495021
1123,3.124594
1141,3.004751
1152,2.886722
1171,2.761929
1201,2.671707
1234,2.431540
1251,2.251172
1285,2.184720
1294,2.171050
1318,2.164722
1319,2.091321
1342,1.953637
1374,1.843209
1378,1.691552
1411,1.518816
1421,1.305278
1437,1.227385
1443,1.214999
1474,1.026767
1489,1.017515
1497,0.947747
1506,0.812200
1508,0.783143
1510,0.705985
1527,0.659509
1568,0.649566
1571,0.564602
1582,0.561724
1595,0.559998
1610,0.519035
1624,0.472922
1649,0.469476
1651,0.453443
1656,0.408692
1680,0.366015
1690,0.317609
1695,0.303352
1726,0.300524
1727,0.273189
1748,0.246020
1757,0.243387
1764,0.213762
1782,0.182920
1790,0.175539
1797,0.173964
1805,0.156684
1835,0.139709
1859,0.137868
1868,0.128855
1870,0.115033
1882,0.112831
1892,0.096400
1924,0.095884
1938,0.091662
1939,0.089505
1942,0.087646
1953,0.086839
1955,0.079013
1968,0.065179
1987,0.064521
2020,0.058124
2032,0.057131
2036,0.054974
2038,0.052883
2056,0.051285
2067,0.051093
2068,0.043833
2084,0.043371
2089,0.040756
2097,0.040039
2111,0.039512
2134,0.035656
2144,0.034464
2156,0.033243
2181,0.032773
2186,0.027963
2225,0.024859
2231,0.022971
2235,0.022446
2255,0.022064
2256,0.021067
2258,0.020745
2274,0.020376
2293,0.019920
2304,0.019606
2306,0.016279
2328,0.016251
2343,0.016025
2348,0.015004
2349,0.014696
2365,0.013159
2368,0.012915
2376,0.011723
2388,0.011677
2407,0.010903
2417,0.010865
2424,0.010272
2435,0.009878
2442,0.009486
2459,0.009486
2468,0.009053
2472,0.008437
2484,0.007625
2520,0.006129
2545,0.005841
2558,0.005357
2568,0.005271
2584,0.004817
2605,0.004446
2618,0.004321
2631,0.004081
2642,0.003981
2644,0.003856
2662,0.003717
2671,0.003601
2674,0.003429
2689,0.003124
2704,0.002821
2726,0.002667
2744,0.002587
2748,0.002148
2757,0.002095
2762,0.002085
2764,0.002051
2773,0.001960
2787,0.001711
2821,0.001708
2822,0.001632
2825,0.001573
2827,0.001549
2830,0.001397
2834,0.001328
2846,0.001319
2860,0.001275
2864,0.001221
2876,0.001166
2878,0.001148
2888,0.001077
2895,0.001036
2924,0.001022
2932,0.001000
2936,0.000869
2954,0.000859
2963,0.000820
2965,0.000816
2967,0.000771
2993,0.000753
2995,0.000743
2996,0.000739
2997,0.000683
3013,0.000675
3024,0.000618
3031,0.000588
3054,0.000582
3056,0.000574
3060,0.000555
3061,0.000541
3067,0.000488
3090,0.000444
3102,0.000427
3105,0.000424
3108,0.000422
3110,0.000401
3124,0.000389
3136,0.000335
3141,0.000325
3153,0.000318
3156,0.000302
3167,0.000292
3180,0.000254
3194,0.000241
3210,0.000230
3223,0.000222
3224,0.000222
3226,0.000219
3227,0.000200
3228,0.000187
3232,0.000183
3240,0.000178
3242,0.000170
3252,0.000160
3254,0.000132
3258,0.000123
3288,0.000122
3298,0.000116
3303,0.000107
3314,0.000101
3327,0.000094
3335,0.000094
3338,0.000092
3344,0.000090
3354,0.000087
3369,0.000085
3374,0.000085
3382,0.000072
3399,0.000066
3402,0.000063
3415,0.000063
3421,0.000063
3429,0.000061
3431,0.000061
3432,0.000059
3433,0.000049
3438,0.000048
3453,0.000046
3465,0.000040
3483,0.000037
3499,0.000036
3510,0.000035
3514,0.000034
3517,0.000029
3541,0.000026
3549,0.000025
3564,0.000023
3570,0.000021
3571,0.000021
3579,0.000020
3590,0.000020
3595,0.000019
3599,0.000018
3600,0.000018
3601,0.000018
3606,0.000018
3620,0.000017
3630,0.000015
3633,0.000015
3634,0.000015
3636,0.000014
3650,0.000013
3668,0.000012
3669,0.000011
3688,0.000010
3700,0.000010
3707,0.000009
3726,0.000008
3730,0.000008
3737,0.000007
3755,0.000007
3760,0.000007
3775,0.000006
3790,0.000006
3798,0.000006
3815,0.000006
3817,0.000005
3819,0.000005
3841,0.000004
3847,0.000004
3854,0.000004
3875,0.000004
3883,0.000004
3885,0.000004
3891,0.000003
3895,0.000003
3901,0.000003
3909,0.000003
3930,0.000003
3934,0.000003
3940,0.000003
3948,0.000003
3955,0.000002
3978,0.000002
3979,0.000002
3980,0.000002
3999,0.000002
4029,0.000002
4038,0.000002
4060,0.000002
4067,0.000002
4069,0.000002
4073,0.000001
4076,0.000001
4084,0.000001
4090,0.000001
4093,0.000001
4097,0.000001
4099,0.000001
4106,0.000001
4121,0.000001
4128,0.000001
4129,0.000001
4131,0.000001
4132,0.000001
4135,0.000001
4137,0.000001
4159,0.000001
4162,0.000001
4174,0.000001
4183,0.000001
4188,0.000001
4191,0.000001
4199,0.000001
4200,0.000001
4222,0.000001
4230,0.000001
4238,0.000001
4248,0.000000
4251,0.000000
4253,0.000000
4259,0.000000
4283,0.000000
4298,0.000000
4301,0.000000
4304,0.000000
4305,0.000000
4311,0.000000
4312,0.000000
4321,0.000000
4335,0.000000
4351,0.000000
4371,0.000000
4378,0.000000
4380,0.000000
4381,0.000000
4392,0.000000
4395,0.000000
4408,0.000000
4409,0.000000
4418,0.000000
4427,0.000000
4439,0.000000
4452,0.000000
4469,0.000000
4476,0.000000
4482,0.000000
4485,0.000000
4490,0.000000
4511,0.000000
4512,0.000000
4520,0.000000
4524,0.000000
4528,0.000000
4541,0.000000
4545,0.000000
4558,0.000000
4561,0.000000
4562,0.000000
4569,0.000000
4570,0.000000
4571,0.000000
4577,0.000000
4579,0.000000
4596,0.000000
4599,0.000000
4605,0.000000
4607,0.000000
4622,0.000000
4626,0.000000
4633,0.000000
4637,0.000000
4638,0.000000
4652,0.000000
4654,0.000000
4672,0.000000
4678,0.000000
4682,0.000000
4689,0.000000
4695,0.000000
4698,0.000000
4701,0.000000
4709,0.000000
4715,0.000000
4721,0.000000
4725,0.000000
4739,0.000000
4747,0.000000
4760,0.000000
4769,0.000000
4770,0.000000
4777,0.000000
4785,0.000000
4786,0.000000
4790,0.000000
4798,0.000000
4801,0.000000
4806,0.000000
4810,0.000000
4813,0.000000
4817,0.000000
4818,0.000000
4819,0.000000
4831,0.000000
4834,0.000000
4842,0.000000
4845,0.000000
4860,0.000000
4886,0.000000
4889,0.000000
4892,0.000000
4894,0.000000
4907,0.000000
4912,0.000000
4913,0.000000
4916,0.000000
4919,0.000000
4922,0.000000
4925,0.000000
4934,0.000000
4943,0.000000
4944,0.000000
4982,0.000000
4984,0.000000
4986,0.000000
4999,0.000000
5000,0.000000
5003,0.000000
5004,0.000000
5006,0.000000
5016,0.000000
5017,0.000000
5028,0.000000
5042,0.000000
5048,0.000000
5060,0.000000
5071,0.000000
5082,0.000000
5086,0.000000
5091,0.000000
5098,0.000000
5101,0.000000
5109,0.000000
5114,0.000000
5118,0.000000
5121,0.000000
5123,0.000000
5128,0.000000
5150,0.000000
5151,0.000000
5156,0.000000
5158,0.000000
5160,0.000000
5161,0.000000
5170,0.000000
5171,0.000000
5184,0.000000
5186,0.000000
5188,0.000000
5196,0.000000
5197,0.000000
5210,0.000000
5213,0.000000
5218,0.000000
5220,0.000000
5232,0.000000
5246,0.000000
5248,0.000000
5260,0.000000
5265,0.000000
5273,0.000000
5285,0.000000
5296,0.000000
5303,0.000000
5306,0.000000
5329,0.000000
5330,0.000000
5344,0.000000
5345,0.000000
5348,0.000000
5363,0.000000
5364,0.000000
5375,0.000000
5394,0.000000
5405,0.000000
5416,0.000000
5428,0.000000
5434,0.000000
5436,0.000000
5440,0.000000
5452,0.000000
5459,0.000000
5464,0.000000
5473,0.000000
5474,0.000000
5482,0.000000
5495,0.000000
5496,0.000000
5503,0.000000
5505,0.000000
5513,0.000000
5517,0.000000
5520,0.000000
5523,0.000000
5525,0.000000
5533,0.000000
5543,0.000000
5556,0.000000
5557,0.000000
5558,0.000000
5561,0.000000
5571,0.000000
5573,0.000000
5577,0.000000
5583,0.000000
5585,0.000000
5600,0.000000
5601,0.000000
5621,0.000000
5625,0.000000
5626,0.000000
5630,0.000000
5641,0.000000
5647,0.000000
5656,0.000000
5658,0.000000
5664,0.000000
5671,0.000000
5678,0.000000
5679,0.000000
5700,0.000000
5702,0.000000
5704,0.000000
5715,0.000000
5722,0.000000
5746,0.000000
5751,0.000000
5758,0.000000
5762,0.000000
5766,0.000000
5768,0.000000
5773,0.000000
5774,0.000000
5776,0.000000
5785,0.000000
5789,0.000000
5800,0.000000
5806,0.000000
5819,0.000000
5822,0.000000
5828,0.000000
5829,0.000000
5832,0.000000
5833,0.000000
5843,0.000000
5855,0.000000
5856,0.000000
5865,0.000000
5873,0.000000
5879,0.000000
5890,0.000000
5893,0.000000
5895,0.000000
5900,0.000000
5904,0.000000
5908,0.000000
5918,0.000000
5924,0.000000
5936,0.000000
5938,0.000000
5940,0.000000
5942,0.000000
5949,0.000000
5955,0.000000
5966,0.000000
5981,0.000000
5985,0.000000
5991,0.000000
5998,0.000000
6001,0.000000
6005,0.000000
6010,0.000000
6016,0.000000
6035,0.000000
6041,0.000000
6048,0.000000
6059,0.000000
6067,0.000000
6069,0.000000
6071,0.000000
6074,0.000000
6080,0.000000
6081,0.000000
6082,0.000000
6090,0.000000
6103,0.000000
6108,0.000000
6111,0.000000
6135,0.000000
6144,0.000000
6147,0.000000
6153,0.000000
6159,0.000000
6161,0.000000
6162,0.000000
6177,0.000000
6182,0.000000
6185,0.000000
6190,0.000000
6191,0.000000
6194,0.000000
6195,0.000000
6196,0.000000
6202,0.000000
6207,0.000000
6214,0.000000
6215,0.000000
6221,0.000000
6224,0.000000
6232,0.000000
6236,0.000000
6244,0.000000
6247,0.000000
6251,0.000000
6255,0.000000
6257,0.000000
6264,0.000000
6266,0.000000
6268,0.000000
6274,0.000000
6287,0.000000
6291,0.000000
6294,0.000000
6298,0.000000
6303,0.000000
6305,0.000000
6323,0.000000
6325,0.000000
6327,0.000000
6331,0.000000
6332,0.000000
6335,0.000000
6347,0.000000
6348,0.000000
6353,0.000000
6375,0.000000
6387,0.000000
6389,0.000000
6397,0.000000
6400,0.000000
6409,0.000000
6419,0.000000
6448,0.000000
6462,0.000000
6463,0.000000
6469,0.000000
6476,0.000000
6478,0.000000
6509,0.000000
6514,0.000000
6521,0.000000
6531,0.000000
6536,0.000000
6538,0.000000
6644,0.000000
6666,0.000000
6738,0.000000
6782,0.000000
6828,0.000000
8001,0.000000
8509,0.000000
