Evaluations,Fitness
1,204623
2,179738
6,162757
19,155642
27,154659
61,153313
71,146887
72,146735
79,143280
84,123077
91,118122
110,109813
121,105969
122,98468.3
128,98258.4
130,95644.5
148,95544
152,92453.8
174,79148.7
182,78477.1
210,72910
212,54613.7
242,44294.7
288,39980.3
292,38716.3
322,31932.9
323,26409.5
341,26399.7
358,19670.5
401,18759.7
413,15683.5
446,14388.1
452,13691.4
473,10376.3
520,9855.7
521,7908.81
563,4588.85
610,3983.44
622,2974.64
640,2912.96
670,2910.36
676,2742
683,2628.94
685,2516.55
714,2053.82
745,1930.67
746,1901.14
758,1858.61
762,1761.64
802,1596.18
808,1593.42
822,1389.82
849,1301.8
863,1153.92
867,1062.47
898,958.478
930,761.937
938,744.948
943,645.926
973,578
989,560.408
990,519.129
1016,478.603
1017,455.153
1025,448.012
1034,296.575
1042,291.461
1047,288.076
1059,267.895
1077,237.987
1078,212.725
1108,187.769
1113,163.176
1115,151.602
1128,123.938
1158,117.081
1169,105.829
1175,94.9528
1184,89.9564
1205,72.6137
1240,71.5345
1253,69.8333
1274,67.6009
1301,63.1079
1305,61.7945
1307,40.4879
1332,37.0314
1341,36.734
1345,33.9306
1363,29.6552
1371,29.2633
1373,28.4391
1378,21.4545
1397,16.8187
1408,14.16
1423,13.9871
1427,12.4345
1450,11.936
1466,11.6273
1468,9.844
1477,9.39554
1485,9.05832
1487,6.97179
1532,6.68071
1533,6.63022
1537,5.95977
1552,5.36713
1563,4.50357
1565,3.76545
1595,3.46939
1613,3.32831
1619,2.92794
1635,2.75299
1660,2.60576
1663,2.40975
1674,2.31509
1688,2.07067
1698,1.77896
1723,1.76694
1728,1.60245
1740,1.21963
1755,1.14405
1770,1.11189
1790,1.07354
1795,0.827431
1810,0.74429
1820,0.555055
1845,0.51742
1849,0.462053
1866,0.427956
1867,0.410705
1879,0.395524
1880,0.338743
1897,0.311852
1905,0.287678
1909,0.214208
1927,0.185354
1933,0.131862
1940,0.130475
1980,0.12767
1990,0.0951704
2020,0.0920003
2029,0.0908623
2031,0.0814332
2032,0.0657463
2041,0.0506035
2071,0.0467015
2084,0.0433251
2092,0.039822
2101,0.0383549
2116,0.0378359
2139,0.0365516
2141,0.0281406
2151,0.0258694
2167,0.025862
2182,0.0203659
2185,0.0195842
2209,0.0193342
2212,0.0161763
2231,0.0143389
2255,0.0140742
2266,0.0140302
2268,0.0125739
2289,0.0107656
2316,0.0104076
2318,0.010342
2326,0.00986199
2334,0.00907352
2338,0.00790708
2350,0.00740605
2365,0.00690473
2378,0.00537392
2383,0.00439515
2397,0.00413965
2422,0.00354061
2423,0.00271366
2457,0.00237718
2471,0.0023257
2476,0.00231745
2487,0.00231343
2489,0.00223025
2501,0.00209172
2506,0.00195917
2509,0.00191834
2529,0.00156366
2535,0.00115459
2560,0.00113703
2565,0.00108144
2573,0.00105989
2590,0.00102307
2595,0.000942751
2597,0.000849735
2603,0.000814788
2614,0.000622579
2629,0.000525186
2656,0.000512318
2661,0.000508424
2665,0.000430209
2690,0.000415718
2695,0.000386304
2698,0.000326501
2720,0.000288735
2744,0.000259911
2747,0.000252684
2754,0.000237086
2769,0.000208221
2785,0.000136483
2796,0.000133678
2806,0.000115646
2807,0.000109887
2812,9.21402e-05
2815,8.02301e-05
2820,7.94235e-05
2845,6.62477e-05
2865,6.12515e-05
2871,5.62054e-05
2875,5.61338e-05
2878,4.64255e-05
2894,4.57184e-05
2895,3.2466e-05
2899,2.84765e-05
2901,2.47045e-05
2909,2.37408e-05
2910,2.22295e-05
2921,1.94935e-05
2930,1.63027e-05
2934,1.19035e-05
2940,1.17739e-05
2967,1.05615e-05
2970,7.24635e-06
2997,6.48327e-06
3020,5.61018e-06
3023,4.74908e-06
3029,4.19687e-06
3036,3.78709e-06
3054,3.68927e-06
3059,2.79108e-06
3081,2.2476e-06
3106,2.21577e-06
3111,1.96506e-06
3113,1.31776e-06
3143,1.21122e-06
3149,1.18495e-06
3150,1.09689e-06
3164,1.01989e-06
3179,8.60761e-07
3210,7.36501e-07
3223,6.92261e-07
3225,5.95683e-07
3228,5.63675e-07
3240,5.20717e-07
3242,4.55829e-07
3250,3.98663e-07
3256,3.65925e-07
3257,3.38472e-07
3267,2.93519e-07
3277,2.87508e-07
3292,2.54259e-07
3295,2.49058e-07
3297,2.119e-07
3307,1.92954e-07
3312,1.7637e-07
3325,1.71732e-07
3327,1.6974e-07
3328,1.63079e-07
3331,1.565e-07
3339,1.27056e-07
3344,1.1679e-07
3376,9.26566e-08
3380,8.08746e-08
3394,7.51242e-08
3399,5.65149e-08
3429,5.15315e-08
3444,4.27945e-08
3452,4.27063e-08
3454,4.13943e-08
3457,3.45719e-08
3465,2.9903e-08
3473,2.54651e-08
3478,2.32138e-08
3484,2.21658e-08
3503,2.00719e-08
3533,1.66791e-08
3544,1.13224e-08
3548,1.12414e-08
3566,1.09162e-08
3569,1.01473e-08
3574,9.45756e-09
3580,9.43852e-09
3593,9.3647e-09
3602,8.82966e-09
3616,7.21914e-09
3621,6.83907e-09
3623,5.60841e-09
3629,4.92408e-09
3634,4.88556e-09
3640,4.46239e-09
3650,4.36149e-09
3652,4.09596e-09
3653,3.92286e-09
3663,3.84262e-09
3670,2.76698e-09
3672,2.5692e-09
3673,2.37389e-09
3679,2.31873e-09
3680,1.85528e-09
3687,1.81293e-09
3703,1.34627e-09
3723,1.21967e-09
3743,1.13272e-09
3753,1.01446e-09
3756,9.41547e-10
3760,8.27326e-10
3773,8.1715e-10
3787,8.06639e-10
3791,7.45335e-10
3792,6.84955e-10
3797,5.81726e-10
3799,5.57659e-10
3801,5.10353e-10
3807,4.37494e-10
3831,3.81916e-10
3835,3.67163e-10
3843,3.13387e-10
3851,2.8478e-10
3862,2.69847e-10
3868,2.66632e-10
3870,2.65125e-10
3874,2.63175e-10
3875,2.31404e-10
3892,1.83599e-10
3901,1.78767e-10
3906,1.31948e-10
3919,1.23198e-10
3944,1.16328e-10
3954,8.95047e-11
3960,8.87807e-11
3967,8.72391e-11
3968,8.06851e-11
3971,7.14097e-11
3987,5.96491e-11
3997,5.76699e-11
3998,5.56262e-11
4014,4.98672e-11
4015,4.75017e-11
4026,4.35875e-11
4027,3.84288e-11
4036,3.62545e-11
4055,3.3612e-11
4062,3.07071e-11
4068,2.82591e-11
4072,2.67558e-11
4076,2.58361e-11
4088,2.31557e-11
4103,1.99653e-11
4106,1.98701e-11
4109,1.94071e-11
4113,1.76313e-11
4126,1.54377e-11
4131,1.51595e-11
4143,1.5071e-11
4144,1.31298e-11
4148,1.0968e-11
4171,1.09377e-11
4175,8.64736e-12
4184,6.27393e-12
4189,5.84635e-12
4193,5.62308e-12
4199,4.49101e-12
4201,4.16239e-12
4204,4.15653e-12
4205,3.99615e-12
4215,3.73948e-12
4220,3.46285e-12
4236,3.38715e-12
4239,3.12639e-12
4245,2.65675e-12
4247,2.38386e-12
4259,2.29274e-12
4260,2.25814e-12
4264,2.06995e-12
4265,1.94495e-12
4273,1.57257e-12
4278,1.40268e-12
4289,1.39724e-12
4294,1.28485e-12
4302,1.20608e-12
4309,1.183e-12
4310,1.02501e-12
4313,8.62901e-13
4327,7.3208e-13
4338,6.89256e-13
4342,6.08454e-13
4357,5.7194e-13
4372,5.44066e-13
4379,5.03385e-13
4390,4.76079e-13
4392,4.13175e-13
4409,3.41812e-13
4416,3.13242e-13
4422,2.7337e-13
4431,2.20255e-13
4434,2.12913e-13
4446,2.0198e-13
4457,2.00116e-13
4471,1.56992e-13
4478,1.49012e-13
4480,1.38506e-13
4489,1.16235e-13
4495,1.07869e-13
4499,1.04304e-13
4500,9.63267e-14
4501,7.7342e-14
4526,6.94582e-14
4542,6.71452e-14
4550,6.35186e-14
4552,6.1467e-14
4554,6.12658e-14
4555,5.27978e-14
4560,4.17194e-14
4565,4.07622e-14
4566,3.09181e-14
4571,3.09152e-14
4582,3.08955e-14
4589,3.00739e-14
4592,2.77144e-14
4598,2.4576e-14
4620,2.24211e-14
4625,2.08409e-14
4629,1.63514e-14
4640,1.42591e-14
4658,1.40952e-14
4660,1.23373e-14
4670,1.21802e-14
4677,1.09626e-14
4687,1.09265e-14
4688,1.03269e-14
4702,1.02657e-14
4709,9.91325e-15
4712,6.95133e-15
4730,6.9464e-15
4747,5.94441e-15
4748,5.54943e-15
4755,4.72318e-15
4767,4.32722e-15
4773,4.17835e-15
4778,3.8931e-15
4784,3.76857e-15
4800,3.245e-15
4811,2.93793e-15
4828,2.764e-15
4835,2.57255e-15
4838,2.31254e-15
4841,2.29934e-15
4843,2.15475e-15
4847,2.01175e-15
4853,1.95735e-15
4872,1.86329e-15
4875,1.64798e-15
4877,1.6382e-15
4878,1.60154e-15
4879,1.54687e-15
4884,1.35508e-15
4895,1.2525e-15
4902,1.20157e-15
4913,1.13177e-15
4920,1.03189e-15
4925,8.92728e-16
4930,5.23158e-16
4953,5.1745e-16
4954,5.1158e-16
4955,4.13503e-16
4960,3.99556e-16
4966,3.83311e-16
4984,3.18375e-16
4995,3.07867e-16
5004,3.01866e-16
5007,2.7856e-16
5008,2.67698e-16
5014,2.29929e-16
5022,2.17479e-16
5034,2.10468e-16
5044,1.99084e-16
5047,1.98028e-16
5052,1.93066e-16
5054,1.74646e-16
5064,1.56056e-16
5072,1.53375e-16
5074,1.36122e-16
5076,1.28444e-16
5078,1.159e-16
5084,1.07839e-16
5088,1.04055e-16
5100,9.50506e-17
5106,7.46044e-17
5118,7.01089e-17
5130,6.76034e-17
5131,5.68486e-17
5138,5.11979e-17
5139,4.20605e-17
5160,4.00939e-17
5168,3.17968e-17
5184,2.59576e-17
5193,2.53385e-17
5197,2.49879e-17
5198,2.43049e-17
5200,2.39915e-17
5205,2.23443e-17
5208,2.10994e-17
5220,1.96632e-17
5229,1.91684e-17
5231,1.70905e-17
5243,1.63324e-17
5250,1.58838e-17
5251,1.50498e-17
5258,1.35871e-17
5271,1.35084e-17
5273,1.28442e-17
5284,1.24865e-17
5297,1.12954e-17
5307,1.0297e-17
5308,9.92981e-18
5314,8.80485e-18
5317,8.08676e-18
5322,7.53979e-18
5328,7.32129e-18
5337,6.84905e-18
5338,5.95788e-18
5345,4.23898e-18
5357,3.71148e-18
5369,3.67222e-18
5376,3.43281e-18
5381,2.65557e-18
5383,2.56458e-18
5389,2.35242e-18
5405,1.77465e-18
5418,1.73537e-18
5420,1.72602e-18
5423,1.67886e-18
5426,1.38965e-18
5429,1.37643e-18
5433,1.2115e-18
5434,1.12802e-18
5436,1.01755e-18
5441,9.9678e-19
5442,9.73061e-19
5449,9.58383e-19
5450,9.48071e-19
5457,8.80501e-19
5460,7.71457e-19
5465,7.53164e-19
5479,7.11506e-19
5485,6.37424e-19
5487,5.6796e-19
5494,5.63007e-19
5505,5.36505e-19
5508,5.24461e-19
5510,4.61431e-19
5515,4.10838e-19
5520,3.94825e-19
5525,3.90956e-19
5530,3.65825e-19
5540,3.61709e-19
5542,3.32725e-19
5569,2.9826e-19
5573,2.55821e-19
5574,2.54804e-19
5588,2.27522e-19
5595,2.15594e-19
5600,2.05714e-19
5607,1.81794e-19
5609,1.66291e-19
5610,1.45543e-19
5620,1.38473e-19
5621,1.13531e-19
5640,1.04166e-19
5650,8.82568e-20
5657,8.13439e-20
5669,7.83727e-20
5675,7.56528e-20
5678,6.75646e-20
5684,6.58167e-20
5687,6.3887e-20
5689,6.12288e-20
5691,4.75191e-20
5703,3.94468e-20
5707,3.88021e-20
5719,3.81129e-20
5722,3.15634e-20
5730,2.28254e-20
5750,1.97659e-20
5754,1.78875e-20
5764,1.65668e-20
5766,1.55289e-20
5770,1.42405e-20
5772,1.31965e-20
5776,1.27408e-20
5780,1.11467e-20
5784,1.03193e-20
5796,8.9629e-21
5802,8.6348e-21
5808,8.53475e-21
5809,7.93894e-21
5812,7.51191e-21
5817,7.14575e-21
5835,5.93739e-21
5837,5.87356e-21
5839,5.4263e-21
5841,5.34391e-21
5850,5.00531e-21
5852,4.17896e-21
5861,3.83929e-21
5866,3.74007e-21
5870,3.53898e-21
5872,3.39578e-21
5887,3.14639e-21
5888,2.98749e-21
5891,2.78801e-21
5895,2.40329e-21
5901,2.35308e-21
5902,2.07747e-21
5904,1.96022e-21
5922,1.85325e-21
5924,1.60246e-21
5933,1.5405e-21
5940,1.44491e-21
5941,1.17075e-21
5956,1.16588e-21
5957,9.30022e-22
5966,8.65667e-22
5973,7.95459e-22
5978,7.14988e-22
5981,6.59501e-22
5982,6.55468e-22
5984,6.33188e-22
5985,6.24759e-22
5986,5.93423e-22
5991,5.7505e-22
5992,5.47058e-22
6006,5.2994e-22
6011,5.26391e-22
6014,4.35475e-22
6024,3.98294e-22
6032,3.76388e-22
6035,3.71068e-22
6036,3.64765e-22
6038,3.07678e-22
6045,2.86121e-22
6048,2.80783e-22
6052,2.68219e-22
6058,2.31908e-22
6069,2.27999e-22
6072,1.9449e-22
6086,1.91591e-22
6097,1.91158e-22
6102,1.80811e-22
6104,1.78321e-22
6106,1.68991e-22
6109,1.59546e-22
6112,1.55123e-22
6115,1.39735e-22
6118,1.38738e-22
6123,1.13777e-22
6124,1.0817e-22
6133,9.37492e-23
6139,9.23626e-23
6141,8.80547e-23
6153,8.43822e-23
6157,8.26243e-23
6165,8.05793e-23
6166,7.02042e-23
6170,5.42827e-23
6175,5.11336e-23
6180,4.56814e-23
6186,4.36975e-23
6190,4.17225e-23
6191,3.92823e-23
6193,3.7505e-23
6197,3.10774e-23
6207,2.97726e-23
6211,2.74013e-23
6217,2.53247e-23
6228,2.36062e-23
6235,2.3443e-23
6236,1.82878e-23
6253,1.77992e-23
6254,1.75203e-23
6256,1.69557e-23
6258,1.61808e-23
6260,1.56017e-23
6266,1.32932e-23
6268,1.27475e-23
6270,1.20454e-23
6273,1.09265e-23
6277,1.05429e-23
6284,1.02525e-23
6288,1.00505e-23
6297,9.89684e-24
6300,8.3333e-24
6312,8.2444e-24
6314,7.08556e-24
6319,6.64884e-24
6333,5.64788e-24
6340,5.62745e-24
6343,5.07644e-24
6346,4.41092e-24
6359,4.32128e-24
6360,4.30955e-24
6362,4.08382e-24
6364,3.57114e-24
6366,3.3659e-24
6367,3.22421e-24
6370,3.0416e-24
6372,2.75692e-24
6373,2.72291e-24
6379,2.64439e-24
6385,2.3699e-24
6390,1.98814e-24
6393,1.98027e-24
6397,1.93815e-24
6399,1.84473e-24
6405,1.75431e-24
6411,1.70593e-24
6414,1.48286e-24
6418,1.28203e-24
6421,1.18345e-24
6432,1.16722e-24
6433,1.02111e-24
6434,9.61435e-25
6435,8.58224e-25
6441,7.94637e-25
6443,7.29025e-25
6444,6.56444e-25
6447,5.9976e-25
6458,5.69373e-25
6462,5.59196e-25
6468,4.75118e-25
6480,4.73457e-25
6483,4.63203e-25
6486,4.57201e-25
6497,4.21486e-25
6506,3.87344e-25
6512,3.60734e-25
6517,3.20586e-25
6521,2.6292e-25
6522,2.5857e-25
6530,2.35566e-25
6532,2.20103e-25
6541,2.15411e-25
6547,2.01532e-25
6548,1.72441e-25
6560,1.59327e-25
6564,1.49936e-25
6570,1.41099e-25
6573,1.36439e-25
6577,1.36372e-25
6580,1.12108e-25
6588,9.73256e-26
6590,9.12843e-26
6594,8.75481e-26
6605,8.44833e-26
6608,8.2348e-26
6609,7.63367e-26
6623,7.43572e-26
6624,6.08774e-26
6639,6.02693e-26
6642,5.51399e-26
6643,5.3392e-26
6655,5.1555e-26
6656,4.67272e-26
6662,4.20363e-26
6665,3.93149e-26
6666,3.72805e-26
6670,3.64564e-26
6682,3.58312e-26
6688,3.51467e-26
6693,3.46184e-26
6694,3.43523e-26
6695,3.06793e-26
6696,2.7259e-26
6699,2.32582e-26
6706,2.29536e-26
6707,2.28122e-26
6711,2.03595e-26
6713,1.89202e-26
6719,1.62867e-26
6726,1.50652e-26
6727,1.50191e-26
6728,1.29099e-26
6747,1.18869e-26
6749,1.10314e-26
6755,1.00768e-26
6757,8.82872e-27
6760,7.8943e-27
6763,7.33825e-27
6764,6.68168e-27
6777,6.02455e-27
6778,5.9415e-27
6784,5.59126e-27
6789,4.39041e-27
6797,4.04478e-27
6798,3.88705e-27
6811,3.84922e-27
6820,3.71521e-27
6824,3.6302e-27
6839,3.3231e-27
6855,3.11645e-27
6857,3.05041e-27
6858,2.88554e-27
6866,2.77635e-27
6869,2.20978e-27
6873,2.02002e-27
6878,1.83414e-27
6880,1.80043e-27
6887,1.45104e-27
6906,1.44545e-27
6909,1.27958e-27
6927,1.12742e-27
6930,1.11423e-27
6933,1.08708e-27
6934,1.0566e-27
6936,1.0283e-27
6939,9.45018e-28
6944,9.17434e-28
6945,9.1186e-28
6949,8.64132e-28
6950,7.9711e-28
6952,7.87324e-28
6960,6.42903e-28
6966,6.42564e-28
6968,6.2185e-28
6969,5.3941e-28
6984,5.04908e-28
6986,4.95431e-28
6988,4.41974e-28
6991,4.35687e-28
6998,4.22982e-28
7003,3.99858e-28
7007,3.71479e-28
7013,3.26363e-28
7023,3.1134e-28
7030,2.85862e-28
7040,2.83952e-28
7043,2.82883e-28
7048,2.70208e-28
7051,2.54218e-28
7053,2.50803e-28
7056,2.30586e-28
7062,1.9817e-28
7068,1.93811e-28
7073,1.81126e-28
7080,1.46095e-28
7091,1.41349e-28
7097,1.19683e-28
7103,9.73959e-29
7112,9.68051e-29
7123,9.64709e-29
7127,8.98521e-29
7134,8.6565e-29
7140,7.36271e-29
7141,7.3345e-29
7143,7.24023e-29
7147,6.86072e-29
7155,6.43181e-29
7162,6.04621e-29
7167,5.21077e-29
7171,4.85256e-29
7172,4.72989e-29
7174,4.67891e-29
7175,4.34501e-29
7184,4.2977e-29
7185,2.98531e-29
7197,2.9547e-29
7199,2.88097e-29
7203,2.76692e-29
7207,2.57325e-29
7214,2.52793e-29
7215,2.49935e-29
7216,2.26497e-29
7225,2.23197e-29
7227,2.16652e-29
7229,2.14697e-29
7247,2.08012e-29
7248,1.78186e-29
7262,1.57501e-29
7268,1.36796e-29
7270,1.34434e-29
7277,1.29373e-29
7282,1.23445e-29
7290,1.12785e-29
7291,1.07692e-29
7293,1.07166e-29
7296,1.04831e-29
7300,9.18676e-30
7301,8.5821e-30
7303,7.64806e-30
7304,7.3872e-30
7307,7.07836e-30
7308,6.95273e-30
7317,6.84441e-30
7322,6.58974e-30
7324,6.58546e-30
7328,6.05918e-30
7329,5.99706e-30
7337,5.35206e-30
7350,5.09757e-30
7351,4.82379e-30
7352,4.76023e-30
7361,4.629e-30
7362,4.57559e-30
7364,4.37392e-30
7365,4.00862e-30
7368,3.82948e-30
7370,3.67537e-30
7374,3.43663e-30
7377,3.42468e-30
7379,3.38033e-30
7383,3.27562e-30
7387,3.2516e-30
7397,2.807e-30
7398,2.73831e-30
7400,2.71649e-30
7401,2.51421e-30
7402,2.49069e-30
7404,2.13446e-30
7409,2.00354e-30
7413,1.98622e-30
7427,1.96165e-30
7429,1.85137e-30
7432,1.63748e-30
7434,1.56622e-30
7438,1.49748e-30
7439,1.40219e-30
7448,1.38703e-30
7457,1.15052e-30
7462,1.10898e-30
7465,9.15751e-31
7473,8.92765e-31
7479,7.0692e-31
7484,6.0451e-31
7495,5.90475e-31
7502,5.75994e-31
7503,5.62489e-31
7504,5.4945e-31
7507,5.21407e-31
7509,4.95303e-31
7514,4.69295e-31
7524,4.57356e-31
7526,4.29923e-31
7527,4.08681e-31
7528,4.07953e-31
7529,3.90422e-31
7540,3.8972e-31
7546,3.02e-31
7552,3.00358e-31
7555,2.5572e-31
7561,2.11777e-31
7563,2.00758e-31
7566,1.96644e-31
7568,1.93419e-31
7570,1.72468e-31
7572,1.70893e-31
7580,1.68164e-31
7584,1.40424e-31
7589,1.36312e-31
7592,1.29465e-31
7596,1.2341e-31
7598,1.15235e-31
7599,1.07552e-31
7602,1.00391e-31
7612,9.73056e-32
7613,9.12251e-32
7616,8.52271e-32
7618,8.35984e-32
7619,8.2617e-32
7627,8.20727e-32
7629,6.17019e-32
7635,6.10274e-32
7637,6.08251e-32
7641,5.40874e-32
7646,4.45509e-32
7655,3.57426e-32
7666,3.52418e-32
7669,3.30866e-32
7673,3.22354e-32
7674,3.10702e-32
7675,2.81194e-32
7676,2.79179e-32
7680,2.75308e-32
7684,2.49057e-32
7687,2.30137e-32
7690,2.1942e-32
7696,2.03782e-32
7701,1.88513e-32
7706,1.792e-32
7710,1.78887e-32
7711,1.64273e-32
7712,1.43493e-32
7717,1.32864e-32
7719,1.28452e-32
7721,1.23058e-32
7726,1.09198e-32
7731,1.08667e-32
7732,1.07547e-32
7735,1.07011e-32
7738,1.05983e-32
7742,1.02362e-32
7744,9.17905e-33
7746,9.05155e-33
7747,8.82059e-33
7750,7.98583e-33
7752,7.79985e-33
7758,6.85776e-33
7761,6.70638e-33
7762,6.3598e-33
7769,6.1129e-33
7772,5.31838e-33
7778,5.05709e-33
7787,5.01788e-33
7789,4.64999e-33
7790,4.54709e-33
7794,4.51854e-33
7800,4.37973e-33
7806,4.08555e-33
7812,3.92132e-33
7817,3.6742e-33
7821,2.85698e-33
7827,2.77328e-33
7829,2.49756e-33
7833,2.28618e-33
7836,1.75686e-33
7856,1.71236e-33
7858,1.50063e-33
7862,1.46587e-33
7864,1.30282e-33
7874,1.30135e-33
7880,1.20238e-33
7886,1.15811e-33
7888,1.07205e-33
7893,1.04761e-33
7894,9.20793e-34
7896,9.20242e-34
7897,9.01775e-34
7899,8.58795e-34
7902,7.67387e-34
7908,7.57149e-34
7912,7.46076e-34
7915,7.18115e-34
7917,6.90439e-34
7924,6.87274e-34
7927,6.37582e-34
7932,5.91208e-34
7938,5.67828e-34
7945,5.19549e-34
7953,4.62985e-34
7957,4.54001e-34
7958,4.32997e-34
7965,4.26519e-34
7967,4.14755e-34
7968,4.0996e-34
7969,3.65812e-34
7973,3.53586e-34
7977,3.42136e-34
7987,3.22122e-34
7990,3.19167e-34
7991,2.81402e-34
7995,2.81153e-34
8006,2.61286e-34
8010,2.60112e-34
8012,2.58881e-34
8013,2.40927e-34
8022,2.3997e-34
8023,2.3194e-34
8024,2.31148e-34
8031,2.30381e-34
8038,2.25448e-34
8041,2.21485e-34
8044,1.97037e-34
8051,1.84608e-34
8058,1.68027e-34
8063,1.64328e-34
8064,1.49318e-34
8070,1.39146e-34
8073,1.19807e-34
8074,1.16663e-34
8081,1.08982e-34
8083,1.03604e-34
8091,1.01001e-34
8095,1.0038e-34
8100,9.29514e-35
8101,8.98364e-35
8102,8.84261e-35
8103,8.21432e-35
8109,7.90038e-35
8116,7.64844e-35
8118,6.97286e-35
8119,6.97275e-35
8120,6.67242e-35
8121,6.63187e-35
8122,6.5616e-35
8123,6.10455e-35
8127,5.82289e-35
8137,5.17849e-35
8142,4.92868e-35
8146,4.25627e-35
8155,3.77483e-35
8160,3.20322e-35
8167,3.06002e-35
8168,2.75842e-35
8179,2.69278e-35
8181,2.50514e-35
8184,2.32844e-35
8187,2.14967e-35
8200,1.99804e-35
8205,1.98465e-35
8206,1.93663e-35
8207,1.74396e-35
8219,1.7384e-35
8222,1.55158e-35
8224,1.44576e-35
8234,1.41432e-35
8244,1.23153e-35
8254,1.16997e-35
8257,1.08757e-35
8261,1.04604e-35
8266,9.69897e-36
8267,9.32726e-36
8278,9.27189e-36
8280,7.53919e-36
8287,7.31814e-36
8288,7.14585e-36
8291,6.74852e-36
8294,5.92208e-36
8302,5.90664e-36
8303,5.87586e-36
8306,5.41201e-36
8310,4.70247e-36
8326,4.5459e-36
8329,4.53211e-36
8332,4.31947e-36
8335,4.20951e-36
8339,4.05598e-36
8345,3.76492e-36
8350,2.95127e-36
8357,2.37526e-36
8367,2.35192e-36
8368,2.27025e-36
8373,2.10228e-36
8376,1.96023e-36
8378,1.92908e-36
8387,1.728e-36
8388,1.67474e-36
8394,1.55445e-36
8397,1.49979e-36
8398,1.48083e-36
8399,1.44217e-36
8405,1.28568e-36
8409,1.21674e-36
8413,1.21141e-36
8421,1.06961e-36
8425,9.86734e-37
8432,9.50148e-37
8437,9.36104e-37
8444,8.56876e-37
8445,8.21129e-37
8450,6.99369e-37
8451,6.83177e-37
8453,6.79468e-37
8457,6.66129e-37
8461,6.10024e-37
8470,5.65466e-37
8473,5.22316e-37
8482,4.85893e-37
8486,4.61996e-37
8487,3.87349e-37
8494,3.6661e-37
8499,3.54325e-37
8500,3.53835e-37
8506,3.5232e-37
8511,3.44136e-37
8515,3.20725e-37
8516,3.09285e-37
8521,2.82455e-37
8525,2.62322e-37
8533,2.2047e-37
8537,2.20017e-37
8543,2.04813e-37
8545,1.87066e-37
8551,1.74314e-37
8552,1.63516e-37
8557,1.39615e-37
8560,1.34384e-37
8563,1.32854e-37
8568,1.17297e-37
8569,1.17236e-37
8572,1.13883e-37
8574,1.08503e-37
8575,1.06475e-37
8580,1.009e-37
8589,1.00869e-37
8590,8.87576e-38
8594,8.50342e-38
8601,8.49239e-38
8602,7.8884e-38
8608,7.34165e-38
8609,6.75916e-38
8618,6.23609e-38
8623,6.0788e-38
8629,5.72307e-38
8633,5.54808e-38
8636,5.13931e-38
8648,4.91888e-38
8650,4.53019e-38
8653,4.47918e-38
8660,4.46671e-38
8666,4.43458e-38
8668,4.4268e-38
8669,4.37051e-38
8671,4.36091e-38
8678,4.21372e-38
8684,4.00083e-38
8689,3.64521e-38
8704,3.58125e-38
8708,3.26622e-38
8709,3.22238e-38
8711,2.74233e-38
8722,2.70355e-38
8726,2.55823e-38
8727,2.4113e-38
8733,2.3654e-38
8735,2.1263e-38
8737,2.08538e-38
8740,2.06466e-38
8742,2.0237e-38
8743,2.02016e-38
8754,1.97173e-38
8756,1.96586e-38
8758,1.8079e-38
8771,1.74339e-38
8777,1.63097e-38
8783,1.61953e-38
8784,1.61476e-38
8786,1.47991e-38
8790,1.31896e-38
8796,1.30745e-38
8800,1.1457e-38
8801,1.12925e-38
8802,1.12151e-38
8803,1.08824e-38
8812,1.03438e-38
8816,8.86038e-39
8820,8.62494e-39
8824,8.07021e-39
8832,7.88093e-39
8843,7.44085e-39
8847,7.25491e-39
8848,7.20604e-39
8849,6.93174e-39
8855,6.20614e-39
8859,5.90817e-39
8864,5.85243e-39
8869,5.58266e-39
8877,5.54193e-39
8882,5.40813e-39
8883,5.23928e-39
8884,4.69888e-39
8900,4.21323e-39
8903,4.10697e-39
8904,3.98879e-39
8909,3.71599e-39
8914,3.53815e-39
8915,3.43737e-39
8924,3.19437e-39
8929,3.08571e-39
8933,2.99982e-39
8934,2.9955e-39
8940,2.89527e-39
8955,2.73742e-39
8959,2.70467e-39
8966,2.63892e-39
8968,2.43792e-39
8974,2.36974e-39
8976,2.34749e-39
8985,2.32739e-39
8986,2.1764e-39
8995,2.05888e-39
9003,2.00589e-39
9010,1.73666e-39
9017,1.70821e-39
9021,1.64079e-39
9027,1.60909e-39
9040,1.56314e-39
9043,1.45537e-39
9044,1.34946e-39
9045,1.28663e-39
9052,1.20819e-39
9055,1.17289e-39
9060,1.1709e-39
9061,1.16792e-39
9062,1.16747e-39
9072,1.14217e-39
9075,1.10193e-39
9078,1.08101e-39
9083,1.07574e-39
9085,9.78097e-40
9086,9.16927e-40
9089,8.40175e-40
9095,8.03241e-40
9099,7.6519e-40
9104,7.56057e-40
9112,7.28773e-40
9116,7.15713e-40
9117,6.26433e-40
9119,6.18803e-40
9120,6.11115e-40
9121,5.79503e-40
9122,5.26968e-40
9129,5.09134e-40
9130,5.02767e-40
9133,4.58814e-40
9136,4.41543e-40
9143,4.27088e-40
9146,4.16661e-40
9156,3.88808e-40
9159,3.50111e-40
9160,3.45856e-40
9162,3.15987e-40
9168,3.12657e-40
9173,2.8154e-40
9175,2.74675e-40
9177,2.74352e-40
9186,2.64175e-40
9189,2.20165e-40
9205,2.14241e-40
9216,2.13556e-40
9218,2.1215e-40
9219,2.00824e-40
9220,1.76994e-40
9222,1.55102e-40
9232,1.49667e-40
9234,1.3587e-40
9240,1.26985e-40
9248,1.23039e-40
9255,1.19352e-40
9260,1.12486e-40
9268,1.10508e-40
9271,1.06341e-40
9276,1.06301e-40
9277,9.8791e-41
9282,9.84552e-41
9284,8.66903e-41
9292,8.55081e-41
9293,8.23236e-41
9299,8.04154e-41
9305,7.46168e-41
9307,7.42603e-41
9308,6.92554e-41
9310,6.52832e-41
9314,6.16524e-41
9319,6.01991e-41
9320,5.90768e-41
9322,5.12304e-41
9330,4.93855e-41
9334,4.76293e-41
9337,4.61915e-41
9341,4.4105e-41
9344,4.39354e-41
9349,4.27645e-41
9350,4.08035e-41
9353,4.08012e-41
9354,3.65587e-41
9356,3.5859e-41
9363,3.38932e-41
9370,3.37986e-41
9373,3.26404e-41
9376,3.12716e-41
9377,2.97952e-41
9378,2.96773e-41
9379,2.82771e-41
9385,2.80544e-41
9387,2.69762e-41
9396,2.6139e-41
9405,2.57999e-41
9406,2.5353e-41
9411,2.47253e-41
9415,2.40791e-41
9426,2.25236e-41
9437,2.1291e-41
9440,2.04365e-41
9446,1.85898e-41
9455,1.76394e-41
9460,1.75351e-41
9462,1.66328e-41
9463,1.61737e-41
9468,1.45823e-41
9479,1.44552e-41
9484,1.37725e-41
9486,1.37619e-41
9490,1.35885e-41
9497,1.33288e-41
9499,1.32993e-41
9501,1.26147e-41
9507,1.25964e-41
9508,1.11196e-41
9516,9.94837e-42
9518,9.93173e-42
9522,9.43026e-42
9524,8.87287e-42
9528,8.72739e-42
9532,8.0221e-42
9547,7.53237e-42
9549,7.38901e-42
9551,7.23718e-42
9556,7.01278e-42
9557,6.76639e-42
9562,6.6666e-42
9564,6.39491e-42
9569,6.18211e-42
9575,6.07726e-42
9577,5.91029e-42
9578,5.84447e-42
9583,5.36236e-42
9590,5.20195e-42
9598,4.80532e-42
9604,4.76775e-42
9605,4.53217e-42
9606,4.50509e-42
9608,4.35103e-42
9614,4.25137e-42
9615,3.83951e-42
9617,3.48308e-42
9624,3.31746e-42
9627,3.15399e-42
9628,3.14579e-42
9631,2.99074e-42
9635,2.84054e-42
9642,2.51788e-42
9648,2.51371e-42
9652,2.37377e-42
9655,2.18238e-42
9657,2.08387e-42
9663,2.08374e-42
9666,2.05921e-42
9672,1.94859e-42
9676,1.88263e-42
9679,1.87414e-42
9685,1.77278e-42
9690,1.702e-42
9696,1.57801e-42
9704,1.4988e-42
9708,1.42066e-42
9732,1.40332e-42
9733,1.34784e-42
9736,1.28251e-42
9741,1.24806e-42
9753,1.16627e-42
9757,1.15291e-42
9758,1.13362e-42
9762,1.09475e-42
9765,1.06007e-42
9767,1.05801e-42
9771,8.97565e-43
9778,8.67967e-43
9780,8.52745e-43
9782,8.45241e-43
9788,8.42642e-43
9789,7.92028e-43
9792,7.86952e-43
9793,7.79853e-43
9802,7.75031e-43
9803,7.31371e-43
9808,6.73259e-43
9813,6.53503e-43
9815,5.78267e-43
9831,5.37608e-43
9833,5.14391e-43
9834,5.1111e-43
9841,5.03092e-43
9845,5.00313e-43
9847,4.96489e-43
9848,4.83121e-43
9851,4.41643e-43
9853,4.32235e-43
9860,4.26127e-43
9865,4.2071e-43
9866,4.14053e-43
9868,4.053e-43
9869,3.98265e-43
9872,3.95456e-43
9874,3.93005e-43
9875,3.87452e-43
9877,3.7605e-43
9880,3.69685e-43
9884,3.56695e-43
9885,3.5638e-43
9888,3.41381e-43
9890,3.21588e-43
9892,3.21084e-43
9895,3.17681e-43
9897,3.17365e-43
9898,3.11522e-43
9900,2.85802e-43
9901,2.8234e-43
9904,2.65276e-43
9906,2.6471e-43
9907,2.61016e-43
9908,2.4807e-43
9928,2.44419e-43
9930,2.41568e-43
9933,2.18765e-43
9936,2.09055e-43
9941,2.02387e-43
9951,1.94915e-43
9953,1.8384e-43
9961,1.65192e-43
9964,1.52381e-43
9974,1.47822e-43
9977,1.41587e-43
9983,1.38637e-43
9988,1.20758e-43
9995,1.17814e-43
10003,1.13319e-43
10009,1.12021e-43
10010,1.11733e-43
10015,1.10439e-43
10018,1.083e-43
10021,1.07975e-43
10022,1.04275e-43
10025,1.01956e-43
10030,1.00645e-43
10031,9.48782e-44
10032,9.17463e-44
10033,8.96321e-44
10040,8.57466e-44
10042,8.56523e-44
10047,8.48986e-44
10049,8.44926e-44
10051,7.99051e-44
10055,7.90625e-44
10067,7.12115e-44
10078,7.04049e-44
10081,7.00441e-44
10091,6.73248e-44
10096,6.58699e-44
10102,6.01114e-44
10105,5.76938e-44
10108,5.3499e-44
10112,5.10109e-44
10119,4.88846e-44
10126,4.70746e-44
10129,4.69513e-44
10131,4.651e-44
10136,4.61365e-44
10140,4.11413e-44
10152,4.11046e-44
10155,4.02521e-44
10162,3.95697e-44
10163,3.80448e-44
10166,3.73994e-44
10169,3.69854e-44
10175,3.6766e-44
10177,3.63714e-44
10180,3.42298e-44
10188,3.34203e-44
10189,3.21499e-44
10190,3.17052e-44
10195,3.03612e-44
10198,3.01232e-44
10201,2.78504e-44
10203,2.75941e-44
10208,2.60324e-44
10210,2.51491e-44
10214,2.51407e-44
10221,2.33423e-44
10224,2.29859e-44
10225,2.27335e-44
10227,2.1839e-44
10236,2.08542e-44
10241,1.99668e-44
10248,1.91744e-44
10253,1.89154e-44
10254,1.76303e-44
10259,1.75027e-44
10263,1.61271e-44
10264,1.55914e-44
10272,1.52497e-44
10273,1.51012e-44
10277,1.50876e-44
10278,1.49448e-44
10279,1.42053e-44
10280,1.41484e-44
10285,1.38704e-44
10286,1.309e-44
10290,1.29061e-44
10293,1.2512e-44
10294,1.19917e-44
10296,1.18092e-44
10297,1.13173e-44
10299,1.13e-44
10300,1.12144e-44
10303,1.08342e-44
10305,1.07808e-44
10307,9.93584e-45
10315,9.27796e-45
10321,9.11952e-45
10327,8.42748e-45
10331,7.81402e-45
10335,7.58504e-45
10339,7.55561e-45
10345,7.46461e-45
10347,7.43655e-45
10350,7.07164e-45
10355,7.01874e-45
10358,6.93668e-45
10359,6.39284e-45
10364,6.30387e-45
10366,6.25637e-45
10368,5.87046e-45
10378,5.83543e-45
10381,5.79855e-45
10382,5.77723e-45
10384,5.69782e-45
10385,5.62862e-45
10386,5.55313e-45
10390,5.37649e-45
10391,5.20742e-45
10395,4.89638e-45
10399,4.8513e-45
10400,4.72049e-45
10406,4.53029e-45
10411,4.5196e-45
10412,4.44572e-45
10417,4.24892e-45
10423,4.19195e-45
10426,4.11661e-45
10430,4.07993e-45
10431,4.05432e-45
10433,4.03872e-45
10435,3.54071e-45
10438,3.40981e-45
10442,3.37742e-45
10447,3.33609e-45
10455,3.33207e-45
10456,3.27067e-45
10458,3.11904e-45
10463,3.06648e-45
10470,2.96517e-45
10471,2.80752e-45
10476,2.75933e-45
10477,2.52296e-45
10485,2.45454e-45
10488,2.3872e-45
10492,2.28223e-45
10494,2.24923e-45
10497,2.21251e-45
10498,2.12485e-45
10509,2.07711e-45
10511,2.07059e-45
10513,1.98204e-45
10514,1.95376e-45
10518,1.93164e-45
10524,1.90095e-45
10526,1.85906e-45
10527,1.79862e-45
10533,1.74214e-45
10541,1.7126e-45
10543,1.61365e-45
10546,1.56115e-45
10548,1.49392e-45
10551,1.45143e-45
10552,1.43527e-45
10559,1.40936e-45
10560,1.36404e-45
10565,1.31526e-45
10569,1.31055e-45
10571,1.20087e-45
10572,1.19894e-45
10576,1.1147e-45
10585,1.08944e-45
10591,1.0657e-45
10596,1.00431e-45
10598,9.59055e-46
10604,9.4754e-46
10607,8.95081e-46
10610,8.69601e-46
10613,8.61554e-46
10614,8.39018e-46
10621,7.96985e-46
10625,7.52147e-46
10626,7.48362e-46
10635,7.41134e-46
10637,7.3704e-46
10640,7.32471e-46
10644,6.90571e-46
10645,6.76549e-46
10656,6.75247e-46
10657,6.35764e-46
10659,6.25941e-46
10660,6.11407e-46
10661,6.01725e-46
10664,5.78506e-46
10666,5.77254e-46
10667,5.69688e-46
10671,5.69131e-46
10673,5.52511e-46
10677,5.46928e-46
10682,5.45136e-46
10683,5.07771e-46
10689,5.07318e-46
10691,5.00628e-46
10692,4.85354e-46
10694,4.83439e-46
10696,4.65141e-46
10697,4.45473e-46
10703,4.37755e-46
10705,4.28579e-46
10709,4.2155e-46
10711,4.18228e-46
10713,4.09739e-46
10716,4.0566e-46
10718,3.84029e-46
10720,3.81299e-46
10729,3.68078e-46
10732,3.36947e-46
10736,3.23162e-46
10741,3.20364e-46
10743,3.10811e-46
10745,3.05476e-46
10746,2.86292e-46
10747,2.85677e-46
10750,2.61222e-46
10755,2.5936e-46
10757,2.55358e-46
10759,2.46973e-46
10761,2.35553e-46
10765,2.1419e-46
10767,2.13762e-46
10771,2.08577e-46
10775,1.88073e-46
10778,1.854e-46
10784,1.75425e-46
10790,1.7539e-46
10796,1.74261e-46
10797,1.69899e-46
10798,1.68772e-46
10802,1.57398e-46
10812,1.42498e-46
10819,1.34647e-46
10838,1.31862e-46
10843,1.31083e-46
10850,1.23643e-46
10853,1.21969e-46
10858,1.14868e-46
10860,1.14148e-46
10861,1.12442e-46
10862,1.09842e-46
10867,1.08699e-46
10869,1.08624e-46
10870,9.7068e-47
10878,9.34171e-47
10880,9.02385e-47
10886,8.76124e-47
10887,8.6181e-47
10891,8.48673e-47
10895,7.95057e-47
10899,7.94319e-47
10900,7.89472e-47
10904,7.72879e-47
10905,7.49692e-47
10906,7.37042e-47
10909,7.15486e-47
10913,7.11661e-47
10914,6.88446e-47
10915,6.85249e-47
10917,6.52501e-47
10924,6.37693e-47
10930,5.90181e-47
10936,5.74548e-47
10938,5.65738e-47
10940,5.55801e-47
10945,5.4743e-47
10958,5.29609e-47
10965,5.27375e-47
10968,5.16854e-47
10973,5.14698e-47
10974,5.0499e-47
10977,5.04724e-47
10979,4.895e-47
10982,4.8872e-47
10983,4.88527e-47
10984,4.80347e-47
10985,4.54983e-47
10986,4.46946e-47
10987,4.36254e-47
10995,4.25072e-47
11000,4.24498e-47
11002,4.0539e-47
11010,3.93811e-47
11011,3.87114e-47
11015,3.82516e-47
11017,3.70413e-47
11018,3.69597e-47
11020,3.52797e-47
11023,3.44285e-47
11028,3.37179e-47
11031,3.29265e-47
11036,3.11107e-47
11037,2.98331e-47
11041,2.9776e-47
11042,2.93895e-47
11043,2.84859e-47
11046,2.60577e-47
11050,2.5637e-47
11051,2.46252e-47
11058,2.37983e-47
11063,2.18114e-47
11069,2.17497e-47
11072,2.11718e-47
11074,2.03245e-47
11079,2.01737e-47
11080,1.98725e-47
11085,1.92558e-47
11090,1.88949e-47
11091,1.88476e-47
11092,1.87169e-47
11093,1.84786e-47
11094,1.82056e-47
11096,1.76269e-47
11101,1.7358e-47
11108,1.72898e-47
11109,1.66392e-47
11113,1.49607e-47
11126,1.47067e-47
11132,1.45001e-47
11136,1.39617e-47
11138,1.36377e-47
11139,1.28573e-47
11150,1.26614e-47
11151,1.24192e-47
11153,1.20901e-47
11154,1.16237e-47
11157,1.14915e-47
11158,1.13306e-47
11160,1.10794e-47
11162,1.0659e-47
11166,1.04994e-47
11169,1.02932e-47
11170,1.02009e-47
11171,1.01947e-47
11178,1.00721e-47
11180,9.81337e-48
11186,9.5615e-48
11196,9.3818e-48
11198,9.16811e-48
11206,9.15056e-48
11208,9.09819e-48
11209,9.02557e-48
11210,8.88608e-48
11213,8.49951e-48
11216,8.26065e-48
11219,8.05522e-48
11224,8.02599e-48
11226,7.86631e-48
11230,7.7016e-48
11231,7.47045e-48
11234,7.30362e-48
11239,7.15902e-48
11241,7.05936e-48
11243,6.96248e-48
11244,6.78298e-48
11245,6.56256e-48
11248,6.39128e-48
11250,6.37498e-48
11251,6.25435e-48
11253,6.21659e-48
11255,6.1772e-48
11258,6.15798e-48
11259,6.09161e-48
11260,6.02725e-48
11262,5.99953e-48
11264,5.89871e-48
11265,5.79507e-48
11268,5.65088e-48
11269,5.31715e-48
11273,5.26143e-48
11277,5.19074e-48
11279,5.16655e-48
11280,4.79443e-48
11290,4.73182e-48
11291,4.71198e-48
11293,4.62575e-48
11295,4.36635e-48
11310,4.19022e-48
11313,4.17926e-48
11318,3.93379e-48
11323,3.84995e-48
11331,3.7004e-48
11334,3.58682e-48
11336,3.52568e-48
11339,3.39614e-48
11342,3.31033e-48
11347,3.25085e-48
11349,3.21809e-48
11355,3.15086e-48
11359,3.07383e-48
11361,3.02372e-48
11363,3.01932e-48
11364,2.93944e-48
11365,2.93538e-48
11366,2.85723e-48
11375,2.75453e-48
11379,2.70535e-48
11380,2.6719e-48
11382,2.62265e-48
11385,2.56509e-48
11386,2.54287e-48
11393,2.52523e-48
11394,2.49046e-48
11395,2.48148e-48
11399,2.47231e-48
11400,2.45087e-48
11406,2.34929e-48
11408,2.29685e-48
11414,2.25146e-48
11417,2.21737e-48
11419,2.0835e-48
11425,2.05709e-48
11427,1.97479e-48
11430,1.97263e-48
11432,1.9289e-48
11435,1.92072e-48
11436,1.89347e-48
11437,1.84107e-48
11447,1.80885e-48
11450,1.76971e-48
11453,1.71091e-48
11458,1.70174e-48
11461,1.66353e-48
11462,1.65922e-48
11463,1.61673e-48
11465,1.58551e-48
11468,1.52765e-48
11485,1.46647e-48
11487,1.42473e-48
11489,1.3338e-48
11493,1.28693e-48
11497,1.27782e-48
11498,1.26257e-48
11499,1.21058e-48
11507,1.20017e-48
11511,1.19242e-48
11512,1.17367e-48
11516,1.10655e-48
11522,1.10033e-48
11523,1.09062e-48
11524,1.0851e-48
11532,1.06345e-48
11533,1.0594e-48
11536,1.04059e-48
11538,1.00211e-48
11541,9.90555e-49
11544,9.82669e-49
11545,9.15459e-49
11548,9.0286e-49
11551,8.8422e-49
11553,8.74696e-49
11555,8.60785e-49
11569,8.56034e-49
11574,8.18315e-49
11577,8.07535e-49
11583,7.82909e-49
11587,7.51424e-49
11595,7.3443e-49
11610,7.21042e-49
11613,7.06098e-49
11616,6.85575e-49
11617,6.81111e-49
11619,6.602e-49
11623,6.54664e-49
11624,6.48342e-49
11631,6.40299e-49
11638,6.34168e-49
11640,6.28454e-49
11641,6.25274e-49
11646,5.9917e-49
11654,5.70172e-49
11659,5.53321e-49
11660,5.48906e-49
11664,5.20821e-49
11672,5.12017e-49
11675,5.09463e-49
11676,5.05356e-49
11678,4.88331e-49
11682,4.80822e-49
11684,4.68022e-49
11686,4.65261e-49
11688,4.53935e-49
11689,4.52475e-49
11694,4.46876e-49
11696,4.40628e-49
11703,3.94701e-49
11711,3.87146e-49
11716,3.83658e-49
11719,3.78606e-49
11720,3.75636e-49
11722,3.73675e-49
11725,3.66635e-49
11726,3.54749e-49
11735,3.54296e-49
11737,3.45687e-49
11738,3.38271e-49
11740,3.38029e-49
11742,3.29845e-49
11744,3.13099e-49
11745,3.13086e-49
11750,3.0761e-49
11752,3.04436e-49
11753,2.93754e-49
11759,2.88263e-49
11762,2.83412e-49
11765,2.82278e-49
11771,2.69852e-49
11774,2.66131e-49
11777,2.59635e-49
11778,2.59007e-49
11780,2.42637e-49
11791,2.27464e-49
11797,2.23326e-49
11803,2.20194e-49
11804,2.18314e-49
11805,2.16354e-49
11806,2.13795e-49
11808,2.01865e-49
11811,2.01433e-49
11812,2.00774e-49
11814,1.90391e-49
11818,1.88749e-49
11824,1.79637e-49
11828,1.79063e-49
11829,1.77115e-49
11830,1.75145e-49
11831,1.71072e-49
11840,1.63396e-49
11845,1.6265e-49
11846,1.56595e-49
11849,1.53058e-49
11855,1.50981e-49
11860,1.49505e-49
11864,1.39479e-49
11873,1.36027e-49
11875,1.33446e-49
11881,1.3248e-49
11882,1.29723e-49
11890,1.28477e-49
11893,1.27429e-49
11894,1.2345e-49
11895,1.23247e-49
11899,1.19197e-49
11905,1.18912e-49
11907,1.17812e-49
11909,1.14466e-49
11917,1.1203e-49
11924,1.09909e-49
11925,1.09406e-49
11928,1.06247e-49
11934,1.03404e-49
11946,9.72969e-50
11955,9.69813e-50
11956,9.46732e-50
11958,9.14822e-50
11964,8.80598e-50
11968,8.69438e-50
11976,8.52887e-50
11979,8.31145e-50
11982,8.09354e-50
11987,7.98809e-50
11988,7.89405e-50
11990,7.6917e-50
12001,7.41973e-50
12004,7.34389e-50
12005,7.33536e-50
12008,7.21733e-50
12009,7.1436e-50
12013,7.07847e-50
12015,6.87495e-50
12021,6.77738e-50
12024,6.76141e-50
12027,6.69679e-50
12028,6.68503e-50
12029,6.46769e-50
12030,6.4656e-50
12031,6.40766e-50
12032,6.22541e-50
12037,6.12458e-50
12039,6.03154e-50
12044,5.96131e-50
12051,5.95693e-50
12052,5.77437e-50
12054,5.71117e-50
12058,5.50176e-50
12059,5.47498e-50
12060,5.47027e-50
12064,5.33863e-50
12065,5.32667e-50
12066,5.14376e-50
12070,5.14158e-50
12072,4.97679e-50
12075,4.91064e-50
12076,4.79407e-50
12079,4.71405e-50
12083,4.50379e-50
12086,4.41554e-50
12087,4.32195e-50
12089,4.24776e-50
12093,4.11965e-50
12094,4.09824e-50
12098,4.0593e-50
12102,4.01282e-50
12107,4.00143e-50
12108,3.89485e-50
12111,3.88156e-50
12112,3.87348e-50
12114,3.82034e-50
12117,3.71572e-50
12120,3.68105e-50
12124,3.56452e-50
12125,3.53562e-50
12128,3.50483e-50
12131,3.33277e-50
12137,3.32366e-50
12138,3.29393e-50
12146,3.24655e-50
12148,3.23385e-50
12150,3.14758e-50
12152,3.01604e-50
12155,2.96743e-50
12158,2.94193e-50
12160,2.83437e-50
12164,2.81552e-50
12165,2.80607e-50
12166,2.77357e-50
12167,2.73533e-50
12170,2.68271e-50
12171,2.66763e-50
12175,2.66436e-50
12181,2.62623e-50
12184,2.57467e-50
12187,2.48782e-50
12195,2.45946e-50
12198,2.40237e-50
12200,2.34807e-50
12202,2.28665e-50
12207,2.22978e-50
12211,2.17447e-50
12212,2.15706e-50
12218,2.14831e-50
12219,2.09578e-50
12226,2.07817e-50
12228,2.07552e-50
12235,2.05745e-50
12236,2.00309e-50
12237,1.98813e-50
12239,1.89439e-50
12242,1.80736e-50
12247,1.79211e-50
12252,1.773e-50
12254,1.75322e-50
12259,1.74922e-50
12262,1.72408e-50
12263,1.70241e-50
12270,1.65654e-50
12275,1.61303e-50
12280,1.54491e-50
12283,1.50858e-50
12285,1.49191e-50
12290,1.47466e-50
12296,1.46031e-50
12298,1.45517e-50
12300,1.43536e-50
12303,1.39677e-50
12307,1.39624e-50
12309,1.3563e-50
12310,1.34443e-50
12311,1.34115e-50
12312,1.32464e-50
12317,1.32334e-50
12320,1.31454e-50
12328,1.26628e-50
12330,1.26258e-50
12331,1.23537e-50
12332,1.22404e-50
12333,1.17282e-50
12338,1.16315e-50
12341,1.15534e-50
12343,1.14914e-50
12349,1.13848e-50
12353,1.12816e-50
12354,1.12666e-50
12356,1.09987e-50
12359,1.07769e-50
12365,1.06357e-50
12370,1.06346e-50
12371,1.05061e-50
12377,1.04856e-50
12380,1.01891e-50
12385,1.01809e-50
12388,1.00371e-50
12404,9.97441e-51
12407,9.7144e-51
12411,9.70047e-51
12416,9.5986e-51
12417,9.49605e-51
12418,9.37101e-51
12424,9.22825e-51
12425,9.07637e-51
12432,9.0488e-51
12436,8.9721e-51
12438,8.93225e-51
12439,8.74265e-51
12444,8.63353e-51
12445,8.54872e-51
12447,8.44596e-51
12448,8.33427e-51
12449,8.19391e-51
12451,8.00358e-51
12461,7.82482e-51
12469,7.67716e-51
12473,7.67714e-51
12474,7.56765e-51
12475,7.54387e-51
12476,7.38323e-51
12478,7.2823e-51
12481,7.13434e-51
12482,7.04667e-51
12490,6.95711e-51
12492,6.8213e-51
12494,6.80181e-51
12498,6.69513e-51
12501,6.54544e-51
12507,6.53278e-51
12511,6.44904e-51
12514,6.27778e-51
12517,6.21492e-51
12524,6.0601e-51
12528,6.01555e-51
12529,5.93064e-51
12532,5.88384e-51
12533,5.80707e-51
12535,5.67908e-51
12542,5.67473e-51
12546,5.50095e-51
12547,5.44057e-51
12552,5.39428e-51
12554,5.23237e-51
12561,5.12241e-51
12562,5.00888e-51
12564,4.99401e-51
12567,4.83236e-51
12572,4.78761e-51
12575,4.7133e-51
12579,4.66467e-51
12589,4.47977e-51
12592,4.42965e-51
12597,4.42741e-51
12599,4.35078e-51
12605,4.29792e-51
12607,4.2855e-51
12608,4.2849e-51
12610,4.21023e-51
12611,4.17019e-51
12614,4.15671e-51
12615,4.08637e-51
12617,3.98355e-51
12623,3.93582e-51
12626,3.90972e-51
12630,3.86838e-51
12631,3.83405e-51
12633,3.77694e-51
12637,3.71956e-51
12639,3.71892e-51
12640,3.71396e-51
12641,3.67809e-51
12646,3.6161e-51
12648,3.60523e-51
12649,3.56725e-51
12651,3.56388e-51
12652,3.44877e-51
12654,3.41348e-51
12656,3.40936e-51
12659,3.30062e-51
12662,3.27627e-51
12664,3.23423e-51
12665,3.16638e-51
12670,3.16247e-51
12672,3.05692e-51
12674,3.0246e-51
12680,2.98491e-51
12681,2.95935e-51
12682,2.95873e-51
12683,2.81688e-51
12687,2.71495e-51
12688,2.67228e-51
12689,2.66466e-51
12693,2.65377e-51
12698,2.60688e-51
12708,2.6068e-51
12712,2.55533e-51
12714,2.54154e-51
12717,2.4921e-51
12721,2.48388e-51
12722,2.45795e-51
12725,2.38534e-51
12728,2.37186e-51
12729,2.35256e-51
12738,2.33042e-51
12744,2.25151e-51
12748,2.22055e-51
12752,2.2083e-51
12756,2.17562e-51
12761,2.16759e-51
12763,2.15532e-51
12767,2.14315e-51
12772,2.14224e-51
12774,2.12687e-51
12775,2.10326e-51
12777,2.08276e-51
12782,2.07664e-51
12786,2.06327e-51
12788,2.05452e-51
12789,2.02118e-51
12792,1.99101e-51
12799,1.95517e-51
12800,1.95156e-51
12802,1.89491e-51
12807,1.85828e-51
12814,1.84453e-51
12815,1.83879e-51
12821,1.82021e-51
12828,1.78639e-51
12834,1.77213e-51
12835,1.77095e-51
12836,1.75987e-51
12837,1.75379e-51
12839,1.72717e-51
12846,1.7218e-51
12850,1.70799e-51
12852,1.70082e-51
12857,1.69939e-51
12860,1.6775e-51
12862,1.66857e-51
12863,1.63682e-51
12867,1.58047e-51
12872,1.55256e-51
12874,1.53427e-51
12878,1.51321e-51
12884,1.49958e-51
12886,1.48077e-51
12890,1.47365e-51
12895,1.44828e-51
12898,1.44439e-51
12899,1.43839e-51
12902,1.42553e-51
12904,1.41758e-51
12905,1.38625e-51
12907,1.3748e-51
12911,1.36309e-51
12912,1.35683e-51
12921,1.33618e-51
12923,1.31452e-51
12929,1.30278e-51
12932,1.29567e-51
12933,1.28338e-51
12935,1.26054e-51
12937,1.24566e-51
12940,1.2358e-51
12946,1.22259e-51
12949,1.21544e-51
12950,1.20749e-51
12951,1.20669e-51
12955,1.19941e-51
12957,1.18703e-51
12959,1.17666e-51
12961,1.16443e-51
12962,1.15601e-51
12966,1.14818e-51
12967,1.12881e-51
12969,1.11157e-51
12972,1.091e-51
12976,1.08277e-51
12979,1.08106e-51
12980,1.072e-51
12981,1.06046e-51
12985,1.04454e-51
12987,1.02924e-51
12989,1.02234e-51
12993,9.82296e-52
12997,9.8087e-52
12998,9.67561e-52
13001,9.63739e-52
13002,9.4981e-52
13004,9.39424e-52
13006,9.23721e-52
13010,9.23021e-52
13012,9.04139e-52
13015,8.97021e-52
13016,8.90811e-52
13017,8.85866e-52
13021,8.83955e-52
13025,8.70496e-52
13028,8.62871e-52
13033,8.42766e-52
13040,8.42484e-52
13041,8.25158e-52
13044,8.1882e-52
13047,8.00351e-52
13053,7.86948e-52
13055,7.83132e-52
13056,7.80675e-52
13058,7.80596e-52
13059,7.74576e-52
13062,7.68515e-52
13063,7.66226e-52
13064,7.59695e-52
13065,7.43635e-52
13066,7.40325e-52
13067,7.38757e-52
13068,7.2429e-52
13071,7.18223e-52
13076,7.06273e-52
13077,7.06035e-52
13081,6.92086e-52
13092,6.85969e-52
13093,6.82924e-52
13097,6.82426e-52
13101,6.6687e-52
13105,6.61925e-52
13108,6.55949e-52
13112,6.47067e-52
13114,6.44036e-52
13116,6.36974e-52
13122,6.22683e-52
13124,6.18165e-52
13130,6.12981e-52
13135,6.01804e-52
13139,5.96026e-52
13140,5.84812e-52
13146,5.84589e-52
13149,5.7816e-52
13152,5.77956e-52
13154,5.71638e-52
13158,5.62595e-52
13160,5.6206e-52
13161,5.60825e-52
13162,5.57438e-52
13165,5.55633e-52
13169,5.3932e-52
13177,5.33984e-52
13180,5.33939e-52
13181,5.28285e-52
13184,5.1047e-52
13188,5.06193e-52
13190,5.02852e-52
13194,5.0276e-52
13195,4.98535e-52
13196,4.97271e-52
13198,4.95308e-52
13200,4.9527e-52
13202,4.88357e-52
13207,4.83848e-52
13210,4.81421e-52
13214,4.74911e-52
13215,4.71453e-52
13216,4.59427e-52
13219,4.58812e-52
13223,4.51939e-52
13224,4.51725e-52
13228,4.43394e-52
13237,4.40937e-52
13239,4.30579e-52
13245,4.24758e-52
13249,4.21432e-52
13252,4.16339e-52
13258,4.12337e-52
13260,4.11461e-52
13261,4.07382e-52
13263,4.03935e-52
13267,3.92304e-52
13273,3.88968e-52
13274,3.81348e-52
13277,3.75644e-52
13278,3.72642e-52
13280,3.70988e-52
13281,3.70849e-52
13285,3.65836e-52
13291,3.61366e-52
13294,3.59635e-52
13298,3.52178e-52
13300,3.4781e-52
13303,3.44798e-52
13306,3.44031e-52
13311,3.42757e-52
13316,3.40423e-52
13320,3.3912e-52
13322,3.37648e-52
13326,3.36575e-52
13331,3.34181e-52
13334,3.32432e-52
13335,3.3156e-52
13336,3.28665e-52
13341,3.27278e-52
13342,3.26857e-52
13346,3.2623e-52
13347,3.21543e-52
13351,3.21446e-52
13355,3.20035e-52
13363,3.16402e-52
13365,3.14364e-52
13366,3.10422e-52
13369,3.0886e-52
13373,3.03983e-52
13378,2.95203e-52
13382,2.91702e-52
13387,2.91472e-52
13388,2.83505e-52
13394,2.82821e-52
13396,2.82476e-52
13397,2.81328e-52
13398,2.78934e-52
13401,2.77851e-52
13404,2.77791e-52
13406,2.76879e-52
13407,2.68498e-52
13412,2.65096e-52
13414,2.65093e-52
13415,2.63603e-52
13419,2.62318e-52
13423,2.60371e-52
13424,2.52072e-52
13428,2.50517e-52
13429,2.46556e-52
13434,2.43812e-52
13438,2.42679e-52
13440,2.42302e-52
13441,2.39434e-52
13442,2.35089e-52
13444,2.32183e-52
13446,2.30817e-52
13449,2.29403e-52
13452,2.27204e-52
13455,2.26103e-52
13457,2.23332e-52
13459,2.22869e-52
13464,2.21092e-52
13469,2.17774e-52
13475,2.14905e-52
13476,2.13754e-52
13479,2.13365e-52
13481,2.11775e-52
13484,2.11664e-52
13486,2.07914e-52
13488,2.04545e-52
13489,2.03906e-52
13493,2.03385e-52
13496,2.01603e-52
13497,2.00742e-52
13499,2.00669e-52
13503,1.99529e-52
13504,1.96327e-52
13507,1.93935e-52
13510,1.93821e-52
13511,1.92862e-52
13514,1.90617e-52
13515,1.89476e-52
13516,1.88779e-52
13521,1.85979e-52
13523,1.85814e-52
13524,1.85797e-52
13527,1.85029e-52
13531,1.83709e-52
13535,1.81396e-52
13539,1.79842e-52
13542,1.79398e-52
13543,1.79002e-52
13547,1.78555e-52
13552,1.76516e-52
13554,1.75756e-52
13559,1.73802e-52
13570,1.72915e-52
13575,1.72228e-52
13579,1.71257e-52
13581,1.69931e-52
13582,1.69893e-52
13585,1.69061e-52
13586,1.68699e-52
13587,1.68333e-52
13588,1.67067e-52
13593,1.66308e-52
13594,1.64844e-52
13595,1.63409e-52
13599,1.63073e-52
13600,1.62507e-52
13603,1.62388e-52
13604,1.61004e-52
13605,1.60062e-52
13609,1.59055e-52
13611,1.57433e-52
13612,1.55466e-52
13619,1.54677e-52
13624,1.53006e-52
13626,1.52883e-52
13629,1.51861e-52
13630,1.50555e-52
13634,1.49896e-52
13636,1.49665e-52
13639,1.49304e-52
13641,1.483e-52
13643,1.47695e-52
13649,1.4683e-52
13650,1.44958e-52
13651,1.447e-52
13653,1.43301e-52
13657,1.41797e-52
13666,1.40751e-52
13669,1.40635e-52
13672,1.40464e-52
13674,1.38374e-52
13678,1.37422e-52
13679,1.35236e-52
13682,1.35209e-52
13686,1.33112e-52
13691,1.30278e-52
13696,1.28709e-52
13700,1.28089e-52
13702,1.26701e-52
13708,1.26541e-52
13712,1.24454e-52
13713,1.23655e-52
13716,1.23182e-52
13717,1.22326e-52
13718,1.22285e-52
13719,1.22094e-52
13720,1.21796e-52
13721,1.21547e-52
13722,1.21478e-52
13725,1.20285e-52
13727,1.20003e-52
13728,1.19822e-52
13730,1.19058e-52
13731,1.16962e-52
13738,1.14809e-52
13743,1.14739e-52
13744,1.13e-52
13754,1.1265e-52
13756,1.11876e-52
13760,1.11497e-52
13762,1.11299e-52
13766,1.10637e-52
13772,1.10373e-52
13774,1.10162e-52
13777,1.08876e-52
13779,1.08516e-52
13792,1.08408e-52
13794,1.07626e-52
13799,1.07133e-52
13801,1.06944e-52
13805,1.05811e-52
13809,1.05381e-52
13814,1.05048e-52
13818,1.04124e-52
13820,1.03375e-52
13824,1.02533e-52
13827,1.02523e-52
13828,1.01593e-52
13830,1.00991e-52
13832,1.00954e-52
13833,9.95297e-53
13838,9.87885e-53
13840,9.80632e-53
13841,9.77849e-53
13847,9.74195e-53
13848,9.64157e-53
13852,9.58723e-53
13853,9.52689e-53
13854,9.52531e-53
13856,9.52402e-53
13857,9.52164e-53
13860,9.49533e-53
13862,9.37404e-53
13867,9.27299e-53
13872,9.27021e-53
13874,9.16988e-53
13879,9.05007e-53
13881,8.96129e-53
13890,8.94463e-53
13894,8.94347e-53
13895,8.93643e-53
13897,8.90295e-53
13898,8.79678e-53
13899,8.7301e-53
13903,8.65746e-53
13905,8.61753e-53
13913,8.60974e-53
13914,8.52762e-53
13920,8.52663e-53
13921,8.49824e-53
13922,8.43265e-53
13927,8.39579e-53
13929,8.25709e-53
13930,8.25356e-53
13934,8.17126e-53
13943,8.05168e-53
13945,8.03167e-53
13946,8.0156e-53
13949,7.95225e-53
13951,7.90755e-53
13956,7.89251e-53
13957,7.84828e-53
13961,7.78628e-53
13966,7.78365e-53
13969,7.73587e-53
13971,7.60824e-53
13973,7.56937e-53
13976,7.49295e-53
13982,7.40215e-53
13989,7.36838e-53
13991,7.33165e-53
13995,7.32307e-53
13996,7.27619e-53
14000,7.26497e-53
14004,7.18346e-53
14008,7.18088e-53
14010,7.1469e-53
14011,7.06493e-53
14014,7.04851e-53
14015,7.02311e-53
14018,6.98355e-53
14021,6.98271e-53
14025,6.94164e-53
14026,6.91429e-53
14028,6.88301e-53
14029,6.84082e-53
14032,6.81858e-53
14033,6.76995e-53
14039,6.73343e-53
14042,6.68289e-53
14053,6.64401e-53
14058,6.60579e-53
14062,6.55556e-53
14064,6.54567e-53
14068,6.53871e-53
14069,6.49682e-53
14072,6.47595e-53
14073,6.4519e-53
14074,6.3986e-53
14080,6.37399e-53
14084,6.31498e-53
14086,6.28137e-53
14087,6.26507e-53
14093,6.25149e-53
14097,6.23058e-53
14101,6.19754e-53
14107,6.18949e-53
14109,6.14216e-53
14112,6.09893e-53
14116,6.08434e-53
14119,6.07199e-53
14120,6.07102e-53
14123,6.05526e-53
14125,6.02188e-53
14131,6.01985e-53
14132,5.96474e-53
14135,5.90218e-53
14138,5.88732e-53
14141,5.85417e-53
14142,5.84259e-53
14143,5.82572e-53
14151,5.80122e-53
14152,5.74184e-53
14157,5.73175e-53
14158,5.7269e-53
14160,5.72293e-53
14161,5.69051e-53
14165,5.67708e-53
14171,5.65664e-53
14175,5.63944e-53
14179,5.61975e-53
14180,5.57789e-53
14183,5.53491e-53
14193,5.49412e-53
14196,5.49289e-53
14199,5.46474e-53
14202,5.44394e-53
14205,5.42489e-53
14206,5.38981e-53
14218,5.34814e-53
14222,5.34034e-53
14224,5.30842e-53
14225,5.30653e-53
14228,5.2763e-53
14231,5.23111e-53
14235,5.21746e-53
14241,5.14573e-53
14252,5.11555e-53
14253,5.11007e-53
14258,5.10783e-53
14261,5.09853e-53
14264,5.0638e-53
14265,5.04093e-53
14270,5.02765e-53
14273,5.01935e-53
14275,4.97047e-53
14279,4.92437e-53
14283,4.91347e-53
14285,4.8953e-53
14289,4.87511e-53
14290,4.86806e-53
14294,4.85974e-53
14295,4.83469e-53
14298,4.83041e-53
14299,4.80771e-53
14300,4.79572e-53
14301,4.74617e-53
14308,4.72289e-53
14309,4.70954e-53
14313,4.70781e-53
14314,4.67685e-53
14316,4.66997e-53
14322,4.65962e-53
14323,4.64272e-53
14327,4.64113e-53
14330,4.63505e-53
14333,4.5913e-53
14341,4.56189e-53
14346,4.5355e-53
14347,4.5278e-53
14348,4.50243e-53
14349,4.4967e-53
14350,4.48159e-53
14351,4.46677e-53
14356,4.4616e-53
14362,4.438e-53
14364,4.43267e-53
14365,4.3952e-53
14366,4.38767e-53
14370,4.38401e-53
14371,4.38236e-53
14375,4.37244e-53
14378,4.35041e-53
14387,4.31861e-53
14389,4.3117e-53
14391,4.30121e-53
14392,4.29938e-53
14393,4.29491e-53
14394,4.26852e-53
14398,4.26227e-53
14401,4.25559e-53
14403,4.22898e-53
14411,4.22864e-53
14412,4.21363e-53
14415,4.20556e-53
14416,4.19859e-53
14423,4.19012e-53
14425,4.1843e-53
14428,4.17641e-53
14429,4.16773e-53
14432,4.14708e-53
14438,4.13796e-53
14441,4.12396e-53
14445,4.12049e-53
14447,4.11837e-53
14449,4.09143e-53
14454,4.08591e-53
14456,4.08049e-53
14457,4.08008e-53
14459,4.06839e-53
14477,4.05214e-53
14480,4.03814e-53
14483,4.02657e-53
14485,4.02599e-53
14486,4.02249e-53
14487,4.01994e-53
14488,4.00678e-53
14492,4.00347e-53
14496,3.98631e-53
14499,3.98068e-53
14503,3.97744e-53
14504,3.95809e-53
14508,3.95735e-53
14509,3.93975e-53
14512,3.93244e-53
14514,3.90622e-53
14523,3.90577e-53
14524,3.90348e-53
14525,3.88877e-53
14526,3.88679e-53
14528,3.88068e-53
14529,3.88068e-53
14530,3.87818e-53
14531,3.87249e-53
14534,3.86376e-53
14537,3.85781e-53
14540,3.83434e-53
14550,3.81578e-53
14554,3.81186e-53
14558,3.80856e-53
14568,3.7915e-53
14572,3.77759e-53
14575,3.76477e-53
14577,3.75773e-53
14580,3.73467e-53
14584,3.72206e-53
14588,3.70681e-53
14589,3.70453e-53
14594,3.69544e-53
14595,3.68758e-53
14597,3.67776e-53
14598,3.67354e-53
14601,3.66477e-53
14605,3.65704e-53
14612,3.64342e-53
14615,3.63708e-53
14618,3.62284e-53
14620,3.6199e-53
14622,3.61989e-53
14623,3.60717e-53
14624,3.60176e-53
14628,3.5915e-53
14629,3.58306e-53
14630,3.57756e-53
14632,3.57695e-53
14638,3.57384e-53
14639,3.56392e-53
14646,3.55904e-53
14649,3.55505e-53
14650,3.533e-53
14654,3.52388e-53
14658,3.52275e-53
14659,3.52129e-53
14660,3.51102e-53
14662,3.50335e-53
14664,3.4998e-53
14666,3.4933e-53
14667,3.49217e-53
14669,3.48799e-53
14670,3.47543e-53
14676,3.4658e-53
14681,3.45585e-53
14684,3.44779e-53
14688,3.44773e-53
14690,3.44506e-53
14692,3.43916e-53
14696,3.43468e-53
14697,3.43432e-53
14699,3.42396e-53
14703,3.4173e-53
14704,3.41662e-53
14712,3.40761e-53
14715,3.4057e-53
14719,3.39995e-53
14720,3.39637e-53
14722,3.39428e-53
14725,3.39019e-53
14726,3.37992e-53
14730,3.37903e-53
14740,3.37168e-53
14748,3.37094e-53
14758,3.36605e-53
14760,3.36433e-53
14761,3.35788e-53
14769,3.35669e-53
14770,3.35488e-53
14773,3.35415e-53
14777,3.35272e-53
14782,3.34867e-53
14786,3.34819e-53
14788,3.34621e-53
14790,3.34001e-53
14800,3.33853e-53
14802,3.33368e-53
14806,3.33244e-53
14809,3.32917e-53
14812,3.32564e-53
14814,3.32095e-53
14816,3.32056e-53
14817,3.31578e-53
14820,3.31418e-53
14827,3.31313e-53
14828,3.309e-53
14838,3.30251e-53
14845,3.3011e-53
14847,3.29946e-53
14851,3.29728e-53
14860,3.29373e-53
14861,3.29251e-53
14865,3.29166e-53
14866,3.28963e-53
14869,3.28952e-53
14872,3.28901e-53
14875,3.28644e-53
14878,3.28378e-53
14884,3.2818e-53
14887,3.28137e-53
14888,3.28114e-53
14890,3.28067e-53
14891,3.28034e-53
14895,3.27736e-53
14899,3.27716e-53
14900,3.27467e-53
14904,3.27296e-53
14909,3.27039e-53
14910,3.27019e-53
14914,3.27018e-53
14918,3.2682e-53
14923,3.26739e-53
14925,3.26679e-53
14926,3.2665e-53
14928,3.26546e-53
14933,3.2639e-53
14937,3.26259e-53
14938,3.262e-53
14942,3.26193e-53
14944,3.26153e-53
14946,3.26131e-53
14947,3.26108e-53
14948,3.26062e-53
14949,3.26045e-53
14950,3.26024e-53
14952,3.26024e-53
14954,3.26005e-53
14955,3.25943e-53
14956,3.2594e-53
14958,3.25877e-53
14963,3.25801e-53
