Evaluations,Fitness
1,3141.553033
3,3010.366345
5,2695.414242
7,2634.957664
11,2464.929705
26,2445.281434
27,2116.298643
63,1837.053024
89,1642.149584
93,1575.191280
108,1450.938941
112,1311.662185
123,1261.722353
125,1117.431312
152,1038.516030
167,1038.377727
186,942.310487
201,942.066489
202,915.897758
221,821.390537
234,818.436555
263,745.958684
264,708.460667
277,679.409083
307,630.162299
323,620.793087
330,603.514337
337,597.928254
362,536.494129
424,532.621802
435,529.380417
436,516.743805
473,510.988319
527,493.882667
548,467.014654
607,431.514902
709,431.051616
737,417.231663
739,405.430614
869,397.966235
951,380.518828
1105,360.687010
1111,350.734889
1217,341.483974
1286,317.243668
1502,314.659705
1806,307.647783
2186,290.137250
2216,289.277883
2290,287.819122
2405,281.099597
2612,280.890420
2810,274.555638
2857,262.243901
3601,261.463892
4172,257.825688
4340,248.370775
4781,246.453220
4875,236.467272
5839,233.411123
6260,231.886010
6664,231.160121
6758,227.426506
6819,226.526669
6842,221.808194
7021,217.464420
7043,214.176891
7305,213.521928
7631,210.007407
7693,203.884103
7764,203.596964
8014,195.437321
8156,192.477459
8475,188.876761
8521,187.358190
8750,183.276767
8885,181.267832
9104,180.738422
9274,180.420656
9325,178.972661
9327,177.666373
9426,176.752946
9515,176.424616
9710,175.385947
9757,174.460816
9823,174.021936
9953,173.011400
9965,172.923999
10089,170.951302
10305,167.987676
10440,164.664970
10576,163.993993
10728,163.876546
10883,163.483757
10903,162.267319
10957,162.150935
10977,160.690111
11113,158.634552
11749,157.742755
11774,156.834281
12008,156.375626
12268,156.058011
12427,155.545521
12433,155.378883
12471,155.093997
12576,154.016814
12659,153.929112
12720,153.478817
12850,153.347740
12935,153.276077
12999,153.159301
13044,152.862612
13134,152.776905
13249,152.551880
13258,152.525912
13274,152.452043
13392,152.396946
13411,152.374386
13430,152.312245
13441,151.989057
13544,151.863986
13551,151.825843
13568,151.746828
13601,151.716016
13629,151.660670
13635,151.640713
13646,151.623604
13658,151.603803
13664,151.560723
13707,151.540502
13708,151.511184
13737,151.348188
13745,151.186806
13751,150.837471
13808,150.754241
13861,150.644100
13897,150.637230
13905,150.393917
14066,150.277991
14095,150.196415
14105,150.125024
14147,150.067182
14149,149.929777
14180,149.910763
14184,149.888294
14193,149.872019
14194,149.808181
14230,149.714870
14240,149.647394
14241,149.593297
14254,149.581768
14271,149.460227
14320,149.447433
14325,149.373669
14329,149.325367
14342,149.236466
14365,149.225103
14386,149.178679
14390,149.055304
14395,149.047006
14401,148.901911
14429,148.887052
14435,148.860722
14439,148.850247
14444,148.817158
14462,148.758456
14469,148.741025
14490,148.733826
14495,148.711221
14496,148.574187
14519,148.573849
14521,148.573838
14523,148.524304
14539,148.522918
14540,148.508078
14544,148.429339
14556,148.376378
14561,148.368418
14577,148.351458
14589,148.283945
14598,148.170416
14602,148.151391
14612,148.053159
14618,148.041198
14622,147.955716
14633,147.942125
14640,147.918215
14659,147.917997
14666,147.900748
14667,147.877904
14674,147.856687
14677,147.836348
14678,147.822594
14681,147.788800
14682,147.726462
14688,147.722928
14697,147.717757
14699,147.714477
14702,147.671280
14704,147.584016
14716,147.542205
14727,147.539539
14729,147.532059
14730,147.519662
14734,147.504355
14742,147.486285
14747,147.418693
14757,147.409999
14760,147.400361
14762,147.377017
14771,147.374006
14775,147.344592
14784,147.317654
14786,147.312036
14788,147.277728
14791,147.272778
14795,147.264295
14798,147.247920
14800,147.229600
14808,147.201089
14811,147.180190
14812,147.178735
14814,147.163068
14815,147.156329
14820,147.153096
14821,147.129342
14825,147.090535
14835,147.073229
14841,147.057750
14842,147.045013
14847,147.020046
14849,147.015006
14852,147.010877
14853,146.992266
14857,146.983906
14860,146.974413
14866,146.970197
14867,146.967615
14868,146.965094
14872,146.947839
14881,146.943907
14888,146.933881
14897,146.933514
14898,146.928608
14901,146.926354
14902,146.909888
14906,146.897457
14910,146.884013
14914,146.881866
14924,146.880329
14928,146.880254
14930,146.875172
14931,146.873432
14935,146.872196
14938,146.872021
14940,146.867926
14943,146.866820
14944,146.866440
14946,146.866254
14948,146.862765
14953,146.854177
14956,146.853606
14957,146.849040
14965,146.848029
14968,146.846649
