Evaluations,Fitness
1,3946433992.964681
3,892574493.047540
45,549053295.514863
74,462810306.762136
120,390456578.385036
144,269124465.624786
397,240170438.188611
398,236902939.965969
412,202571081.632266
461,195702689.566956
540,188010021.719241
584,182580677.013781
612,181013217.356621
650,143830554.235782
722,141115611.956551
1102,138635092.169783
1216,128769997.632832
1375,126355052.437846
1382,126352056.176935
1506,117796671.269656
1834,108594298.361458
2305,107748865.328629
2317,107245938.108822
2661,105694420.894319
2681,105160201.451415
2815,98706683.891870
2911,95853072.094431
2933,94834846.099921
3004,93639456.897951
3743,91234721.928261
3809,87310469.771338
3972,80218173.362036
4036,78133969.013262
4044,61236417.482686
4501,57225754.183803
5060,56862606.097403
5101,55355469.433205
5499,54923864.507923
5888,54635057.999712
5916,52191741.001159
6238,50821924.703132
6309,50352429.321242
6397,50268938.617433
6720,49900037.015755
6739,47711852.501588
7271,47532435.229276
7340,45610925.661809
7495,43256257.978577
7590,41839562.375103
9799,40907701.737806
10568,40387353.389570
10695,39944106.665424
11204,39853226.961888
11350,39453158.139895
11554,38718586.698765
11749,38706180.287235
12055,38523392.978399
12594,38364576.416085
12626,38263580.126718
12645,38219751.965373
12701,37967024.347863
13079,37761333.882843
13305,37751670.181105
13358,37650212.332917
13363,37394879.340244
13367,37314795.608465
13563,36968074.769070
13761,36826836.694973
13849,36807986.678523
13908,36788160.466317
13915,36727438.614047
13992,36680497.647074
14008,36616616.449523
14044,36528743.580552
14072,36507463.909238
14088,36480185.145897
14093,36455755.136013
14133,36280801.780170
14177,36196032.531481
14280,36177257.195533
14314,36153362.112043
14322,36133144.699584
14325,36086669.746973
14337,36056357.297748
14345,36034754.724232
14347,35952200.868390
14393,35888816.018301
14424,35880057.356642
14444,35825436.655642
14446,35818974.021674
14452,35723669.767863
14472,35695175.215111
14483,35683233.850907
14529,35653096.375319
14535,35618514.667188
14551,35603971.393513
14572,35580481.555558
14580,35565225.509937
14608,35550213.328621
14613,35546633.331218
14623,35543628.251138
14627,35530367.265409
14643,35510908.705268
14655,35467128.207668
14664,35455328.412876
14688,35426179.697019
14698,35426168.888497
14708,35416901.040764
14722,35404362.298486
14736,35401237.627017
14740,35398959.962966
14760,35398883.324542
14767,35393906.404289
14775,35386916.444383
14776,35385989.508861
14778,35373528.207181
14781,35352628.960642
14784,35351124.560077
14793,35324937.063917
14817,35323194.246603
14821,35313597.130995
14830,35309189.284405
14838,35292294.980604
14846,35288810.051504
14858,35286705.361504
14862,35285266.217057
14873,35284175.806453
14880,35280497.550476
14883,35278658.225122
14884,35274712.459040
14888,35268360.406892
14892,35257497.350816
14903,35252006.166916
14909,35251775.812024
14911,35251599.012031
14916,35250407.099225
14917,35250267.868715
14918,35249959.960737
14921,35246607.015016
14922,35246314.753255
14927,35238265.726679
14931,35235784.147376
14937,35235207.674939
14939,35231624.313485
14944,35231401.336310
14945,35231201.089913
14947,35229083.559429
14951,35229073.237641
14952,35227520.415314
14953,35226959.734175
14958,35226689.702178
14961,35224865.038816
14969,35224604.028831
14971,35224510.418296
14973,35224481.962833
14975,35224480.583210
14977,35224478.381707
14987,35224478.379733
14988,35224478.378968
14989,35224478.378457
