Evaluations,Fitness
1,554664385.234196
22,428726071.556404
64,365833136.108248
66,325847306.392070
100,316339529.031389
113,254012589.521973
142,220708209.525314
267,162408955.309119
350,142669490.415313
402,133624208.459441
457,132628415.932884
485,126585332.430842
517,100817798.628534
553,82774776.821743
873,82522169.931425
889,79894764.977202
948,79272643.333927
949,72095774.191022
1184,66542427.825944
1333,64866802.207996
1579,54969366.545754
1733,49631939.759683
1771,48209706.560610
1785,42194584.504367
1811,41060766.721359
1883,40616787.756452
1913,29236192.326696
1992,27985971.332904
2009,20724971.959055
2058,18973475.547215
2134,17817097.112405
2177,16634815.572865
2324,16481545.936987
2373,12915983.333205
2489,12877762.055964
2547,12777285.629575
2894,12621495.147030
2906,10347801.684678
3010,10233402.959561
3078,9844873.550803
3213,8188839.721226
3238,7322152.619273
3286,5301361.816982
3462,5088549.144154
3495,3904635.132511
3669,3713765.630257
3700,3300781.399843
3723,3225627.054837
3732,2418376.887567
3743,1887445.844741
3829,1723018.500672
3889,1641495.614466
3892,1533718.455828
3924,1433648.929945
3958,1090405.279677
4048,955939.690186
4259,851089.446154
4316,767994.171060
4399,729815.185403
4408,661351.997465
4528,646164.761635
4632,640111.129327
4675,560816.086677
4775,549564.671594
4819,508156.057332
4947,486630.862009
5026,427973.576845
5041,379241.422886
5086,325178.419860
5107,293373.381306
5148,251385.134847
5150,178536.266886
5339,177209.081842
5395,156207.666692
5435,110354.959542
5571,106902.330821
5703,102390.998790
5758,98208.248037
5762,80802.007922
5773,78951.307512
5849,68982.533468
5914,65689.796708
5956,56673.378721
6116,55821.214884
6189,53078.510621
6256,45477.779235
6375,31743.478065
6421,30701.902623
6444,26269.227509
6556,23122.443655
6611,21304.591676
6637,20708.945744
6671,18167.194996
6887,16675.910142
7125,16477.156541
7233,16008.253875
7295,15674.611281
7298,14988.883620
7344,14743.362497
7406,14220.899958
7409,13035.575579
7452,12041.456643
7548,11440.652600
7601,9812.794642
7667,8994.195174
7679,8886.287521
7711,8732.189636
7766,7869.802135
7836,6758.739282
7908,6672.436954
7916,6157.320388
7975,6105.195046
8069,5310.316139
8096,4876.209861
8265,4756.529895
8281,4370.535835
8495,4299.590942
8746,4172.556483
8753,4057.323042
8802,4022.673856
8885,3942.071144
8918,3876.313566
8940,3607.070659
9006,3414.088684
9013,2993.965770
9059,2723.989705
9081,2623.091809
9130,2551.148484
9157,2420.537570
9291,2217.095539
9391,2138.898393
9419,2131.816878
9427,1997.258816
9460,1768.801776
9544,1640.289520
9589,1601.358366
9627,1561.921266
9658,1546.191228
9664,1521.083108
9679,1376.242180
9746,1366.674252
9751,1317.251272
9758,1217.287868
9774,1185.752057
9823,1108.405006
9902,1028.100851
9941,979.203890
9976,935.756201
9992,910.279654
10082,898.624056
10105,866.314821
10139,804.962744
10167,756.657131
10318,727.715854
10343,685.016155
10375,669.241373
10395,651.759173
10439,606.354196
10578,574.669244
10586,569.363505
10587,534.144564
10593,517.565904
10618,516.230791
10621,493.814907
10622,478.456982
10629,455.183211
10691,439.737276
10737,438.909970
10739,403.157175
10840,401.658052
10858,393.305111
10949,384.854010
10963,380.888224
10992,370.160745
11000,358.015853
11013,357.523001
11035,343.057037
11045,331.817796
11097,328.832851
11196,318.416828
11261,312.513227
11269,305.805780
11270,287.658459
11271,281.609956
11315,281.082085
11331,280.280888
11349,276.376039
11360,262.142809
11624,250.806692
11685,247.841360
11686,239.588471
11703,236.967542
11707,224.713014
11716,224.036624
11772,222.412468
11799,221.617663
11801,217.281539
11805,205.519116
11806,200.028215
11910,197.825115
11973,193.851694
11978,191.893464
12000,191.580727
12033,189.865419
12034,187.603853
12037,185.252171
12054,183.726987
12059,181.218273
12093,180.910388
12121,177.266112
12128,174.112205
12138,170.488157
12144,164.933564
12152,157.601148
12173,156.272091
12216,155.100500
12217,151.518289
12237,149.701158
12254,147.691046
12269,147.093420
12280,143.806683
12313,138.669750
12314,134.689263
12344,132.912835
12373,130.462479
12384,129.593726
12432,129.361073
12439,128.533221
12440,126.416908
12476,124.582749
12482,122.802382
12514,122.461349
12526,119.411956
12559,118.714369
12590,118.448118
12604,116.821534
12640,113.791627
12694,111.283466
12721,110.469535
12722,108.261260
12748,106.483546
12783,104.416896
12820,101.062176
12859,99.160904
12885,97.212964
12921,97.187685
12947,95.089811
12951,91.329485
12958,89.476884
12978,88.054081
12995,85.287701
13027,82.250390
13113,82.120069
13130,79.179832
13149,76.987354
13175,76.316506
13186,76.161557
13200,74.702066
13212,72.340113
13290,72.201688
13291,72.004806
13343,71.862016
13358,71.551451
13363,71.428001
13368,70.751372
13371,70.410480
13374,70.014368
13376,69.618263
13381,68.453166
13413,68.406394
13419,68.344566
13420,68.041201
13443,67.405898
13447,66.610128
13462,66.044794
13473,65.897803
13475,64.572676
13494,64.549409
13498,63.750299
13516,62.103117
13535,61.768412
13541,61.388007
13558,60.747304
13564,59.848503
13587,59.660674
13591,59.060749
13604,58.533713
13616,57.772536
13630,57.595696
13634,57.277321
13635,57.220335
13648,55.573233
13664,55.536595
13670,55.070037
13671,54.776454
13683,54.513031
13695,54.315937
13714,54.190811
13729,53.650217
13742,53.130887
13754,52.957584
13772,52.318806
13792,51.770600
13794,51.553309
13833,51.114422
13872,50.541109
13883,49.815518
13892,49.580626
13919,49.012212
13926,48.165550
13937,47.542301
13947,47.537791
13955,47.362675
13960,47.002759
13968,46.777524
13980,46.626688
13981,46.548938
13985,46.379111
13991,46.270553
13996,45.555957
14011,45.189070
14024,44.958074
14025,44.639251
14039,44.628813
14043,44.402039
14070,44.354011
14087,44.196537
14135,44.134171
14136,43.641671
14157,43.350365
14183,43.082009
14192,43.063739
14197,42.900920
14201,42.675936
14209,41.879384
14218,41.791835
14232,41.689326
14236,41.674774
14242,41.526613
14244,41.352420
14252,41.115097
14274,40.868644
14281,40.608906
14295,40.391415
14302,40.252410
14314,40.031719
14320,39.876912
14321,39.858436
14323,39.642724
14325,39.616814
14328,39.430892
14333,39.380497
14350,39.167525
14361,38.865427
14381,38.643137
14383,38.573697
14387,38.249272
14390,38.089773
14399,38.036705
14404,37.659805
14413,37.404317
14418,37.219921
14428,37.054120
14432,36.921405
14436,36.854385
14443,36.635710
14450,36.375769
14459,36.323489
14460,36.277095
14462,36.276660
14466,36.208585
14470,36.138594
14475,36.100828
14480,35.976676
14484,35.824263
14496,35.778467
14498,35.761815
14500,35.491455
14507,35.480218
14509,35.382261
14512,35.364214
14515,35.055445
14520,34.948928
14544,34.860274
14554,34.772844
14560,34.754888
14564,34.680267
14565,34.559614
14567,34.476409
14572,34.430213
14573,34.255146
14576,34.090924
14582,33.993445
14596,33.891865
14606,33.848576
14609,33.809261
14634,33.585114
14642,33.521302
14643,33.517910
14644,33.500192
14647,33.437713
14652,33.369995
14654,33.250325
14666,33.245587
14669,33.207479
14671,33.182586
14676,33.143688
14677,32.911932
14686,32.822605
14696,32.760181
14704,32.757013
14706,32.670663
14722,32.663637
14730,32.647945
14735,32.646070
14752,32.624109
14753,32.617829
14754,32.608632
14755,32.508487
14771,32.465661
14773,32.455503
14774,32.440700
14776,32.402496
14782,32.384889
14792,32.383015
14794,32.367765
14798,32.321592
14804,32.320428
14812,32.286725
14821,32.252157
14822,32.248245
14823,32.242834
14825,32.228422
14826,32.198573
14830,32.157209
14833,32.065272
14841,32.015278
14843,32.001928
14850,31.977457
14858,31.930422
14859,31.911949
14868,31.884334
14874,31.861206
14877,31.844584
14886,31.821948
14889,31.818373
14892,31.777593
14894,31.773735
14896,31.730517
14905,31.699030
14908,31.689788
14910,31.644062
14920,31.638398
14923,31.622295
14924,31.617310
14928,31.615159
14930,31.611857
14931,31.609524
14935,31.608216
14936,31.607929
14937,31.577540
14943,31.570693
14948,31.565873
14951,31.562294
14952,31.560894
14953,31.559788
14955,31.548994
14956,31.536183
14959,31.535415
14960,31.529953
14963,31.526531
14967,31.520494
14968,31.519873
14969,31.516614
