Evaluations,Fitness
1,1534.25
5,1496.14
7,1475.86
11,1453.57
14,1372.1
18,1142.42
66,1125.91
72,1068.14
106,1051.72
107,1015.84
145,1002.15
151,980.792
162,893.591
235,828.257
304,812.021
343,790.369
348,742.326
562,741.642
590,732.701
645,724.877
682,704.715
786,704.637
823,683.073
897,682.035
903,677.128
1010,626.304
2176,622.66
3142,621.711
3677,593.054
3931,518.773
4981,499.7
8005,492.954
10465,491.456
10845,490.654
10863,482.207
10887,469.929
10896,464.615
10953,454.351
11072,452.09
11167,449.521
11706,447.617
11787,443.868
11867,438.147
11954,436.179
12143,436.061
12146,430.586
12304,430.447
12340,424.836
12448,414.749
12622,406.926
12643,404.087
12700,397.778
12853,393.762
12927,386.936
12955,385.472
13187,377.503
13266,376.027
13312,375.655
13349,375.145
13350,369.739
13458,365.864
13507,361.046
13624,360.724
13656,359.627
13670,357.138
13687,351.365
13794,342.726
13950,335.955
13972,331.221
14014,330.939
14027,329.843
14032,323.518
14132,323.03
14150,322.088
14161,319.853
14210,317.953
14228,316.208
14273,315.78
14289,314.714
14413,313.945
14565,313.916
14581,313.57
14584,313.543
14586,313.442
14590,313.107
14607,312.983
14612,311.786
14614,311.345
14626,310.85
14661,309.945
14662,309.651
14674,309.443
14680,307.976
14697,307.787
14700,307.53
14718,307.263
14730,306.631
14731,306.53
14736,306.008
14748,305.932
14758,305.883
14762,305.874
14771,305.431
14786,305.28
14799,305.011
14810,304.938
14818,304.666
14819,304.395
14826,304.365
14829,304.312
14830,304.042
14841,303.998
14853,303.408
14860,303.302
14863,303.122
14867,302.896
14871,302.89
14875,302.685
14887,302.653
14891,302.602
14893,302.525
14898,302.305
14914,302.226
14919,302.171
14921,302.17
14922,302.152
14924,302.072
14932,302.007
14933,301.99
14936,301.871
14937,301.841
14943,301.745
14950,301.744
14953,301.726
14956,301.662
14962,301.621
