Evaluations,Fitness
1,207656.340832
2,163766.370388
23,156380.462967
61,155689.427093
69,149229.862847
70,141830.818485
84,138378.725048
88,134586.212898
99,126834.394293
100,122999.126801
111,105107.289701
144,86027.442093
148,77117.623286
181,67790.900948
187,63378.931707
213,62880.870741
219,52022.630594
253,49370.057117
296,48991.209260
297,46919.266688
306,41493.569848
332,37897.819265
351,34778.417454
375,32355.738449
392,27819.526022
405,27138.382816
407,23503.961124
437,21183.580422
438,18526.189316
499,17814.520866
505,15422.985651
511,14732.714060
522,13994.846143
531,11736.088140
552,11324.461125
604,8460.853798
642,6957.111988
645,6398.332622
672,4986.454807
675,3993.032867
743,3277.394230
761,2888.356007
765,2587.488780
819,2506.154021
822,2331.472099
825,2232.090474
834,2072.521266
855,1969.529678
864,1838.859927
892,1606.570505
917,1418.441634
935,1198.815285
952,1040.685948
965,909.478336
967,790.678967
977,572.872388
1029,528.902670
1049,499.464687
1053,402.653308
1079,324.911187
1083,295.878553
1085,293.961342
1109,232.578075
1126,214.166903
1143,184.146362
1153,154.053332
1173,140.187185
1183,129.761735
1184,123.948154
1195,116.586265
1208,105.541572
1213,80.002010
1243,77.672231
1280,61.324145
1300,58.817317
1304,53.420306
1326,47.044840
1339,35.752272
1360,34.610199
1378,28.614392
1401,26.922007
1407,24.102542
1408,17.177450
1439,15.300534
1450,11.996328
1461,11.043675
1493,10.368473
1499,8.472450
1535,7.915867
1540,6.987764
1542,6.167581
1578,5.345895
1586,5.110426
1605,4.789776
1608,4.276505
1616,4.058929
1634,4.040546
1644,3.014258
1698,2.985649
1700,2.196031
1730,1.950317
1738,1.779974
1760,1.663327
1761,1.615166
1766,1.466657
1794,1.389029
1797,1.241696
1798,1.235270
1806,0.978670
1825,0.835617
1828,0.681792
1868,0.657610
1877,0.590542
1878,0.557690
1913,0.532092
1917,0.453352
1919,0.431021
1928,0.378692
1954,0.348530
1959,0.307814
1967,0.259076
1986,0.230837
2002,0.215297
2007,0.209671
2011,0.199827
2013,0.153897
2018,0.151259
2027,0.144572
2028,0.143551
2042,0.129094
2043,0.117172
2048,0.116958
2063,0.109881
2073,0.106744
2092,0.095698
2106,0.092612
2111,0.090098
2112,0.083567
2113,0.077100
2122,0.067150
2123,0.060632
2133,0.059061
2134,0.055788
2150,0.051322
2154,0.043429
2189,0.039361
2190,0.036526
2201,0.035862
2204,0.034866
2208,0.031584
2214,0.030479
2223,0.030016
2225,0.027299
2226,0.018746
2268,0.017400
2269,0.014186
2273,0.013935
2303,0.011823
2305,0.009134
2340,0.008248
2363,0.008067
2370,0.007961
2374,0.007121
2387,0.006522
2394,0.006418
2398,0.005494
2406,0.005430
2407,0.005305
2418,0.005260
2423,0.004296
2453,0.004081
2454,0.003487
2462,0.003478
2468,0.003251
2478,0.003023
2493,0.002820
2500,0.002335
2513,0.002334
2514,0.002015
2523,0.001768
2531,0.001705
2543,0.001662
2561,0.001472
2565,0.001448
2579,0.001413
2592,0.001330
2613,0.001039
2625,0.001035
2630,0.000993
2646,0.000974
2655,0.000897
2658,0.000855
2666,0.000765
2670,0.000755
2689,0.000608
2696,0.000558
2704,0.000352
2719,0.000334
2723,0.000324
2731,0.000271
2740,0.000244
2742,0.000242
2744,0.000201
2751,0.000190
2764,0.000148
2779,0.000146
2783,0.000145
2786,0.000138
2790,0.000130
2791,0.000099
2818,0.000094
2820,0.000092
2821,0.000077
2833,0.000072
2838,0.000059
2863,0.000047
2880,0.000041
2885,0.000040
2886,0.000036
2904,0.000036
2911,0.000029
2912,0.000029
2916,0.000026
2942,0.000024
2958,0.000022
2961,0.000021
2963,0.000018
2970,0.000015
2980,0.000014
3000,0.000013
3007,0.000012
3023,0.000011
3030,0.000009
3044,0.000008
3051,0.000008
3062,0.000008
3081,0.000007
3092,0.000006
3102,0.000005
3107,0.000004
3119,0.000004
3126,0.000004
3149,0.000003
3157,0.000003
3165,0.000003
3179,0.000003
3186,0.000002
3211,0.000002
3217,0.000002
3227,0.000001
3251,0.000001
3252,0.000001
3263,0.000001
3279,0.000001
3281,0.000001
3288,0.000001
3295,0.000001
3303,0.000000
3319,0.000000
3327,0.000000
3330,0.000000
3337,0.000000
3346,0.000000
3353,0.000000
3356,0.000000
3361,0.000000
3383,0.000000
3390,0.000000
3391,0.000000
3406,0.000000
3414,0.000000
3420,0.000000
3421,0.000000
3432,0.000000
3442,0.000000
3451,0.000000
3454,0.000000
3472,0.000000
3482,0.000000
3484,0.000000
3492,0.000000
3498,0.000000
3500,0.000000
3512,0.000000
3516,0.000000
3517,0.000000
3531,0.000000
3542,0.000000
3547,0.000000
3558,0.000000
3561,0.000000
3567,0.000000
3577,0.000000
3582,0.000000
3593,0.000000
3597,0.000000
3601,0.000000
3614,0.000000
3617,0.000000
3630,0.000000
3631,0.000000
3642,0.000000
3643,0.000000
3658,0.000000
3666,0.000000
3669,0.000000
3675,0.000000
3686,0.000000
3688,0.000000
3716,0.000000
3732,0.000000
3748,0.000000
3764,0.000000
3775,0.000000
3777,0.000000
3779,0.000000
3780,0.000000
3817,0.000000
3818,0.000000
3838,0.000000
3839,0.000000
3841,0.000000
3861,0.000000
3866,0.000000
3867,0.000000
3889,0.000000
3901,0.000000
3909,0.000000
3934,0.000000
3940,0.000000
3947,0.000000
3953,0.000000
3955,0.000000
3957,0.000000
3958,0.000000
3967,0.000000
3968,0.000000
3978,0.000000
4003,0.000000
4019,0.000000
4020,0.000000
4039,0.000000
4042,0.000000
4045,0.000000
4050,0.000000
4054,0.000000
4064,0.000000
4069,0.000000
4070,0.000000
4072,0.000000
4080,0.000000
4086,0.000000
4091,0.000000
4107,0.000000
4110,0.000000
4120,0.000000
4121,0.000000
4140,0.000000
4145,0.000000
4151,0.000000
4158,0.000000
4160,0.000000
4166,0.000000
4185,0.000000
4188,0.000000
4190,0.000000
4210,0.000000
4218,0.000000
4223,0.000000
4227,0.000000
4232,0.000000
4233,0.000000
4238,0.000000
4241,0.000000
4275,0.000000
4280,0.000000
4294,0.000000
4298,0.000000
4306,0.000000
4310,0.000000
4329,0.000000
4340,0.000000
4341,0.000000
4354,0.000000
4361,0.000000
4366,0.000000
4370,0.000000
4372,0.000000
4376,0.000000
4378,0.000000
4396,0.000000
4403,0.000000
4411,0.000000
4412,0.000000
4415,0.000000
4432,0.000000
4442,0.000000
4446,0.000000
4450,0.000000
4472,0.000000
4473,0.000000
4477,0.000000
4486,0.000000
4492,0.000000
4494,0.000000
4497,0.000000
4499,0.000000
4500,0.000000
4515,0.000000
4528,0.000000
4541,0.000000
4547,0.000000
4550,0.000000
4551,0.000000
4558,0.000000
4570,0.000000
4580,0.000000
4598,0.000000
4605,0.000000
4606,0.000000
4608,0.000000
4613,0.000000
4622,0.000000
4633,0.000000
4645,0.000000
4656,0.000000
4658,0.000000
4662,0.000000
4670,0.000000
4678,0.000000
4680,0.000000
4682,0.000000
4683,0.000000
4706,0.000000
4712,0.000000
4717,0.000000
4722,0.000000
4725,0.000000
4726,0.000000
4730,0.000000
4731,0.000000
4737,0.000000
4748,0.000000
4749,0.000000
4754,0.000000
4756,0.000000
4763,0.000000
4767,0.000000
4777,0.000000
4807,0.000000
4809,0.000000
4810,0.000000
4818,0.000000
4822,0.000000
4831,0.000000
4834,0.000000
4837,0.000000
4840,0.000000
4842,0.000000
4843,0.000000
4844,0.000000
4864,0.000000
4877,0.000000
4879,0.000000
4900,0.000000
4905,0.000000
4909,0.000000
4910,0.000000
4914,0.000000
4935,0.000000
4940,0.000000
4951,0.000000
4957,0.000000
4971,0.000000
4987,0.000000
5000,0.000000
5001,0.000000
5005,0.000000
5006,0.000000
5009,0.000000
5016,0.000000
5022,0.000000
5034,0.000000
5040,0.000000
5041,0.000000
5052,0.000000
5054,0.000000
5062,0.000000
5069,0.000000
5077,0.000000
5078,0.000000
5086,0.000000
5088,0.000000
5098,0.000000
5101,0.000000
5107,0.000000
5110,0.000000
5119,0.000000
5123,0.000000
5132,0.000000
5135,0.000000
5139,0.000000
5162,0.000000
5165,0.000000
5169,0.000000
5170,0.000000
5176,0.000000
5185,0.000000
5186,0.000000
5187,0.000000
5198,0.000000
5208,0.000000
5213,0.000000
5228,0.000000
5234,0.000000
5239,0.000000
5250,0.000000
5256,0.000000
5265,0.000000
5268,0.000000
5269,0.000000
5271,0.000000
5281,0.000000
5286,0.000000
5290,0.000000
5292,0.000000
5298,0.000000
5304,0.000000
5305,0.000000
5306,0.000000
5316,0.000000
5333,0.000000
5361,0.000000
5365,0.000000
5366,0.000000
5375,0.000000
5384,0.000000
5395,0.000000
5400,0.000000
5402,0.000000
5403,0.000000
5404,0.000000
5410,0.000000
5418,0.000000
5425,0.000000
5430,0.000000
5435,0.000000
5436,0.000000
5442,0.000000
5463,0.000000
5465,0.000000
5477,0.000000
5478,0.000000
5479,0.000000
5484,0.000000
5492,0.000000
5496,0.000000
5500,0.000000
5501,0.000000
5504,0.000000
5521,0.000000
5522,0.000000
5527,0.000000
5532,0.000000
5541,0.000000
5547,0.000000
5552,0.000000
5555,0.000000
5556,0.000000
5560,0.000000
5563,0.000000
5564,0.000000
5571,0.000000
5573,0.000000
5574,0.000000
5583,0.000000
5586,0.000000
5589,0.000000
5592,0.000000
5597,0.000000
5602,0.000000
5607,0.000000
5625,0.000000
5632,0.000000
5637,0.000000
5655,0.000000
5658,0.000000
5671,0.000000
5679,0.000000
5684,0.000000
5688,0.000000
5698,0.000000
5701,0.000000
5706,0.000000
5712,0.000000
5714,0.000000
5718,0.000000
5731,0.000000
5732,0.000000
5737,0.000000
5750,0.000000
5765,0.000000
5772,0.000000
5782,0.000000
5789,0.000000
5792,0.000000
5797,0.000000
5808,0.000000
5810,0.000000
5813,0.000000
5816,0.000000
5819,0.000000
5822,0.000000
5824,0.000000
5830,0.000000
5839,0.000000
5840,0.000000
5849,0.000000
5850,0.000000
5852,0.000000
5855,0.000000
5862,0.000000
5864,0.000000
5865,0.000000
5876,0.000000
5881,0.000000
5894,0.000000
5898,0.000000
5909,0.000000
5917,0.000000
5922,0.000000
5930,0.000000
5932,0.000000
5937,0.000000
5942,0.000000
5948,0.000000
5950,0.000000
5955,0.000000
5961,0.000000
5962,0.000000
5964,0.000000
5965,0.000000
5978,0.000000
5979,0.000000
5981,0.000000
5986,0.000000
5987,0.000000
5990,0.000000
5995,0.000000
6002,0.000000
6015,0.000000
6021,0.000000
6026,0.000000
6030,0.000000
6032,0.000000
6033,0.000000
6034,0.000000
6035,0.000000
6037,0.000000
6043,0.000000
6050,0.000000
6053,0.000000
6055,0.000000
6067,0.000000
6070,0.000000
6076,0.000000
6078,0.000000
6081,0.000000
6082,0.000000
6096,0.000000
6097,0.000000
6098,0.000000
6107,0.000000
6111,0.000000
6115,0.000000
6121,0.000000
6132,0.000000
6137,0.000000
6144,0.000000
6151,0.000000
6161,0.000000
6184,0.000000
6185,0.000000
6189,0.000000
6191,0.000000
6196,0.000000
6198,0.000000
6201,0.000000
6202,0.000000
6218,0.000000
6221,0.000000
6226,0.000000
6229,0.000000
6239,0.000000
6241,0.000000
6252,0.000000
6273,0.000000
6280,0.000000
6282,0.000000
6283,0.000000
6285,0.000000
6292,0.000000
6299,0.000000
6305,0.000000
6313,0.000000
6316,0.000000
6321,0.000000
6325,0.000000
6327,0.000000
6330,0.000000
6339,0.000000
6346,0.000000
6348,0.000000
6357,0.000000
6359,0.000000
6370,0.000000
6372,0.000000
6375,0.000000
6376,0.000000
6378,0.000000
6379,0.000000
6381,0.000000
6388,0.000000
6394,0.000000
6395,0.000000
6398,0.000000
6401,0.000000
6409,0.000000
6412,0.000000
6413,0.000000
6418,0.000000
6419,0.000000
6421,0.000000
6425,0.000000
6433,0.000000
6448,0.000000
6454,0.000000
6457,0.000000
6458,0.000000
6467,0.000000
6482,0.000000
6484,0.000000
6492,0.000000
6501,0.000000
6514,0.000000
6516,0.000000
6520,0.000000
6524,0.000000
6527,0.000000
6543,0.000000
6546,0.000000
6556,0.000000
6557,0.000000
6570,0.000000
6571,0.000000
6583,0.000000
6585,0.000000
6587,0.000000
6590,0.000000
6594,0.000000
6598,0.000000
6606,0.000000
6620,0.000000
6621,0.000000
6623,0.000000
6627,0.000000
6628,0.000000
6630,0.000000
6631,0.000000
6644,0.000000
6645,0.000000
6655,0.000000
6658,0.000000
6671,0.000000
6674,0.000000
6675,0.000000
6682,0.000000
6683,0.000000
6687,0.000000
6690,0.000000
6692,0.000000
6696,0.000000
6697,0.000000
6702,0.000000
6710,0.000000
6713,0.000000
6720,0.000000
6731,0.000000
6733,0.000000
6745,0.000000
6752,0.000000
6755,0.000000
6763,0.000000
6772,0.000000
6773,0.000000
6775,0.000000
6779,0.000000
6780,0.000000
6784,0.000000
6786,0.000000
6791,0.000000
6797,0.000000
6800,0.000000
6812,0.000000
6813,0.000000
6815,0.000000
6821,0.000000
6825,0.000000
6830,0.000000
6831,0.000000
6834,0.000000
6837,0.000000
6851,0.000000
6857,0.000000
6876,0.000000
6877,0.000000
6883,0.000000
6894,0.000000
6895,0.000000
6897,0.000000
6900,0.000000
6904,0.000000
6906,0.000000
6916,0.000000
6922,0.000000
6926,0.000000
6928,0.000000
6932,0.000000
6934,0.000000
6938,0.000000
6939,0.000000
6941,0.000000
6944,0.000000
6945,0.000000
6947,0.000000
6948,0.000000
6952,0.000000
6962,0.000000
6963,0.000000
6964,0.000000
6965,0.000000
6971,0.000000
6981,0.000000
6982,0.000000
6986,0.000000
6988,0.000000
6992,0.000000
6998,0.000000
7001,0.000000
7004,0.000000
7023,0.000000
7025,0.000000
7028,0.000000
7038,0.000000
7041,0.000000
7043,0.000000
7047,0.000000
7051,0.000000
7059,0.000000
7069,0.000000
7079,0.000000
7083,0.000000
7086,0.000000
7090,0.000000
7091,0.000000
7098,0.000000
7101,0.000000
7106,0.000000
7113,0.000000
7117,0.000000
7120,0.000000
7131,0.000000
7143,0.000000
7146,0.000000
7148,0.000000
7149,0.000000
7150,0.000000
7160,0.000000
7166,0.000000
7168,0.000000
7171,0.000000
7186,0.000000
7189,0.000000
7194,0.000000
7195,0.000000
7199,0.000000
7209,0.000000
7218,0.000000
7221,0.000000
7225,0.000000
7227,0.000000
7232,0.000000
7239,0.000000
7241,0.000000
7242,0.000000
7243,0.000000
7245,0.000000
7255,0.000000
7260,0.000000
7271,0.000000
7272,0.000000
7273,0.000000
7276,0.000000
7278,0.000000
7287,0.000000
7288,0.000000
7290,0.000000
7291,0.000000
7292,0.000000
7301,0.000000
7307,0.000000
7313,0.000000
7320,0.000000
7329,0.000000
7331,0.000000
7335,0.000000
7341,0.000000
7349,0.000000
7350,0.000000
7352,0.000000
7353,0.000000
7356,0.000000
7360,0.000000
7366,0.000000
7368,0.000000
7371,0.000000
7372,0.000000
7378,0.000000
7384,0.000000
7386,0.000000
7396,0.000000
7397,0.000000
7399,0.000000
7403,0.000000
7407,0.000000
7416,0.000000
7419,0.000000
7423,0.000000
7425,0.000000
7430,0.000000
7437,0.000000
7438,0.000000
7441,0.000000
7442,0.000000
7445,0.000000
7457,0.000000
7460,0.000000
7461,0.000000
7464,0.000000
7466,0.000000
7468,0.000000
7473,0.000000
7478,0.000000
7487,0.000000
7489,0.000000
7490,0.000000
7491,0.000000
7496,0.000000
7509,0.000000
7510,0.000000
7512,0.000000
7526,0.000000
7529,0.000000
7536,0.000000
7543,0.000000
7546,0.000000
7547,0.000000
7556,0.000000
7559,0.000000
7563,0.000000
7568,0.000000
7570,0.000000
7574,0.000000
7576,0.000000
7577,0.000000
7578,0.000000
7580,0.000000
7584,0.000000
7592,0.000000
7593,0.000000
7596,0.000000
7610,0.000000
7623,0.000000
7642,0.000000
7644,0.000000
7666,0.000000
7674,0.000000
7679,0.000000
7693,0.000000
7696,0.000000
7699,0.000000
7700,0.000000
7701,0.000000
7708,0.000000
7721,0.000000
7732,0.000000
7738,0.000000
7745,0.000000
7748,0.000000
7749,0.000000
7756,0.000000
7757,0.000000
7758,0.000000
7761,0.000000
7762,0.000000
7764,0.000000
7772,0.000000
7778,0.000000
7785,0.000000
7788,0.000000
7790,0.000000
7795,0.000000
7796,0.000000
7797,0.000000
7798,0.000000
7811,0.000000
7813,0.000000
7817,0.000000
7821,0.000000
7825,0.000000
7826,0.000000
7829,0.000000
7832,0.000000
7834,0.000000
7837,0.000000
7850,0.000000
7859,0.000000
7869,0.000000
7870,0.000000
7872,0.000000
7877,0.000000
7879,0.000000
7881,0.000000
7883,0.000000
7884,0.000000
7890,0.000000
7892,0.000000
7904,0.000000
7905,0.000000
7909,0.000000
7912,0.000000
7914,0.000000
7917,0.000000
7922,0.000000
7923,0.000000
7924,0.000000
7930,0.000000
7942,0.000000
7943,0.000000
7951,0.000000
7953,0.000000
7954,0.000000
7955,0.000000
7960,0.000000
7964,0.000000
7965,0.000000
7969,0.000000
7973,0.000000
7985,0.000000
7993,0.000000
7997,0.000000
7998,0.000000
8006,0.000000
8015,0.000000
8016,0.000000
8027,0.000000
8029,0.000000
8034,0.000000
8036,0.000000
8044,0.000000
8046,0.000000
8050,0.000000
8052,0.000000
8054,0.000000
8057,0.000000
8062,0.000000
8071,0.000000
8076,0.000000
8078,0.000000
8080,0.000000
8083,0.000000
8084,0.000000
8088,0.000000
8093,0.000000
8103,0.000000
8110,0.000000
8116,0.000000
8121,0.000000
8131,0.000000
8133,0.000000
8135,0.000000
8141,0.000000
8145,0.000000
8146,0.000000
8151,0.000000
8152,0.000000
8158,0.000000
8159,0.000000
8165,0.000000
8178,0.000000
8184,0.000000
8186,0.000000
8197,0.000000
8201,0.000000
8205,0.000000
8206,0.000000
8211,0.000000
8214,0.000000
8215,0.000000
8221,0.000000
8225,0.000000
8230,0.000000
8236,0.000000
8241,0.000000
8248,0.000000
8251,0.000000
8254,0.000000
8256,0.000000
8260,0.000000
8262,0.000000
8265,0.000000
8269,0.000000
8277,0.000000
8278,0.000000
8282,0.000000
8286,0.000000
8290,0.000000
8298,0.000000
8299,0.000000
8300,0.000000
8301,0.000000
8305,0.000000
8307,0.000000
8309,0.000000
8311,0.000000
8314,0.000000
8317,0.000000
8319,0.000000
8320,0.000000
8331,0.000000
8332,0.000000
8335,0.000000
8347,0.000000
8351,0.000000
8352,0.000000
8355,0.000000
8364,0.000000
8366,0.000000
8371,0.000000
8373,0.000000
8376,0.000000
8383,0.000000
8384,0.000000
8394,0.000000
8396,0.000000
8400,0.000000
8403,0.000000
8404,0.000000
8405,0.000000
8409,0.000000
8414,0.000000
8416,0.000000
8418,0.000000
8419,0.000000
8420,0.000000
8422,0.000000
8428,0.000000
8429,0.000000
8435,0.000000
8436,0.000000
8441,0.000000
8443,0.000000
8454,0.000000
8455,0.000000
8459,0.000000
8464,0.000000
8474,0.000000
8479,0.000000
8484,0.000000
8487,0.000000
8490,0.000000
8493,0.000000
8497,0.000000
8505,0.000000
8506,0.000000
8507,0.000000
8513,0.000000
8515,0.000000
8518,0.000000
8519,0.000000
8523,0.000000
8525,0.000000
8527,0.000000
8528,0.000000
8534,0.000000
8537,0.000000
8542,0.000000
8550,0.000000
8551,0.000000
8557,0.000000
8564,0.000000
8569,0.000000
8573,0.000000
8576,0.000000
8585,0.000000
8586,0.000000
8590,0.000000
8599,0.000000
8605,0.000000
8618,0.000000
8621,0.000000
8630,0.000000
8644,0.000000
8653,0.000000
8661,0.000000
8668,0.000000
8673,0.000000
8677,0.000000
8678,0.000000
8692,0.000000
8698,0.000000
8706,0.000000
8712,0.000000
8714,0.000000
8715,0.000000
8717,0.000000
8721,0.000000
8725,0.000000
8730,0.000000
8734,0.000000
8736,0.000000
8739,0.000000
8743,0.000000
8746,0.000000
8747,0.000000
8749,0.000000
8756,0.000000
8765,0.000000
8769,0.000000
8772,0.000000
8774,0.000000
8775,0.000000
8777,0.000000
8783,0.000000
8784,0.000000
8791,0.000000
8794,0.000000
8798,0.000000
8804,0.000000
8805,0.000000
8807,0.000000
8819,0.000000
8826,0.000000
8829,0.000000
8836,0.000000
8844,0.000000
8845,0.000000
8853,0.000000
8854,0.000000
8864,0.000000
8865,0.000000
8866,0.000000
8868,0.000000
8871,0.000000
8879,0.000000
8880,0.000000
8881,0.000000
8885,0.000000
8886,0.000000
8891,0.000000
8893,0.000000
8894,0.000000
8897,0.000000
8898,0.000000
8899,0.000000
8901,0.000000
8903,0.000000
8907,0.000000
8911,0.000000
8914,0.000000
8917,0.000000
8927,0.000000
8929,0.000000
8931,0.000000
8933,0.000000
8941,0.000000
8944,0.000000
8951,0.000000
8952,0.000000
8957,0.000000
8961,0.000000
8962,0.000000
8968,0.000000
8972,0.000000
8976,0.000000
8985,0.000000
8992,0.000000
8996,0.000000
8997,0.000000
9001,0.000000
9006,0.000000
9008,0.000000
9013,0.000000
9016,0.000000
9020,0.000000
9025,0.000000
9027,0.000000
9032,0.000000
9035,0.000000
9040,0.000000
9044,0.000000
9045,0.000000
9049,0.000000
9054,0.000000
9059,0.000000
9063,0.000000
9071,0.000000
9075,0.000000
9077,0.000000
9079,0.000000
9080,0.000000
9081,0.000000
9084,0.000000
9092,0.000000
9098,0.000000
9105,0.000000
9110,0.000000
9112,0.000000
9115,0.000000
9118,0.000000
9126,0.000000
9131,0.000000
9133,0.000000
9136,0.000000
9142,0.000000
9146,0.000000
9152,0.000000
9159,0.000000
9167,0.000000
9168,0.000000
9170,0.000000
9174,0.000000
9179,0.000000
9192,0.000000
9199,0.000000
9202,0.000000
9203,0.000000
9207,0.000000
9210,0.000000
9213,0.000000
9223,0.000000
9228,0.000000
9231,0.000000
9232,0.000000
9235,0.000000
9237,0.000000
9239,0.000000
9240,0.000000
9243,0.000000
9245,0.000000
9246,0.000000
9248,0.000000
9251,0.000000
9254,0.000000
9259,0.000000
9263,0.000000
9264,0.000000
9266,0.000000
9273,0.000000
9277,0.000000
9290,0.000000
9296,0.000000
9297,0.000000
9298,0.000000
9302,0.000000
9303,0.000000
9306,0.000000
9310,0.000000
9311,0.000000
9320,0.000000
9326,0.000000
9329,0.000000
9332,0.000000
9336,0.000000
9341,0.000000
9346,0.000000
9351,0.000000
9354,0.000000
9358,0.000000
9361,0.000000
9364,0.000000
9366,0.000000
9368,0.000000
9370,0.000000
9372,0.000000
9373,0.000000
9374,0.000000
9378,0.000000
9379,0.000000
9384,0.000000
9395,0.000000
9396,0.000000
9401,0.000000
9408,0.000000
9412,0.000000
9413,0.000000
9416,0.000000
9418,0.000000
9424,0.000000
9432,0.000000
9434,0.000000
9437,0.000000
9442,0.000000
9443,0.000000
9464,0.000000
9468,0.000000
9469,0.000000
9470,0.000000
9474,0.000000
9483,0.000000
9489,0.000000
9492,0.000000
9493,0.000000
9510,0.000000
9515,0.000000
9520,0.000000
9522,0.000000
9528,0.000000
9529,0.000000
9530,0.000000
9531,0.000000
9544,0.000000
9546,0.000000
9551,0.000000
9561,0.000000
9564,0.000000
9565,0.000000
9567,0.000000
9568,0.000000
9573,0.000000
9587,0.000000
9591,0.000000
9595,0.000000
9597,0.000000
9600,0.000000
9603,0.000000
9604,0.000000
9611,0.000000
9614,0.000000
9615,0.000000
9617,0.000000
9622,0.000000
9623,0.000000
9627,0.000000
9629,0.000000
9633,0.000000
9635,0.000000
9636,0.000000
9637,0.000000
9641,0.000000
9647,0.000000
9649,0.000000
9650,0.000000
9657,0.000000
9658,0.000000
9660,0.000000
9664,0.000000
9665,0.000000
9671,0.000000
9679,0.000000
9680,0.000000
9683,0.000000
9685,0.000000
9687,0.000000
9688,0.000000
9691,0.000000
9701,0.000000
9713,0.000000
9718,0.000000
9725,0.000000
9729,0.000000
9732,0.000000
9734,0.000000
9736,0.000000
9739,0.000000
9741,0.000000
9743,0.000000
9749,0.000000
9753,0.000000
9755,0.000000
9761,0.000000
9765,0.000000
9767,0.000000
9768,0.000000
9773,0.000000
9776,0.000000
9779,0.000000
9785,0.000000
9786,0.000000
9792,0.000000
9800,0.000000
9813,0.000000
9814,0.000000
9816,0.000000
9819,0.000000
9825,0.000000
9826,0.000000
9828,0.000000
9831,0.000000
9833,0.000000
9834,0.000000
9835,0.000000
9836,0.000000
9839,0.000000
9840,0.000000
9842,0.000000
9843,0.000000
9844,0.000000
9850,0.000000
9852,0.000000
9854,0.000000
9858,0.000000
9859,0.000000
9860,0.000000
9861,0.000000
9863,0.000000
9864,0.000000
9866,0.000000
9868,0.000000
9871,0.000000
9875,0.000000
9878,0.000000
9885,0.000000
9887,0.000000
9892,0.000000
9893,0.000000
9894,0.000000
9895,0.000000
9896,0.000000
9897,0.000000
9899,0.000000
9903,0.000000
9907,0.000000
9908,0.000000
9911,0.000000
9914,0.000000
9917,0.000000
9923,0.000000
9924,0.000000
9932,0.000000
9934,0.000000
9937,0.000000
9939,0.000000
9942,0.000000
9951,0.000000
9954,0.000000
9958,0.000000
9959,0.000000
9964,0.000000
9971,0.000000
9979,0.000000
9987,0.000000
10001,0.000000
10005,0.000000
10010,0.000000
10014,0.000000
10017,0.000000
10026,0.000000
10028,0.000000
10029,0.000000
10037,0.000000
10043,0.000000
10044,0.000000
10045,0.000000
10049,0.000000
10051,0.000000
10057,0.000000
10061,0.000000
10072,0.000000
10075,0.000000
10080,0.000000
10085,0.000000
10091,0.000000
10095,0.000000
10102,0.000000
10105,0.000000
10107,0.000000
10108,0.000000
10112,0.000000
10118,0.000000
10121,0.000000
10124,0.000000
10125,0.000000
10127,0.000000
10134,0.000000
10147,0.000000
10152,0.000000
10161,0.000000
10167,0.000000
10169,0.000000
10171,0.000000
10172,0.000000
10175,0.000000
10177,0.000000
10178,0.000000
10179,0.000000
10181,0.000000
10182,0.000000
10186,0.000000
10189,0.000000
10192,0.000000
10195,0.000000
10205,0.000000
10208,0.000000
10209,0.000000
10211,0.000000
10220,0.000000
10222,0.000000
10223,0.000000
10230,0.000000
10231,0.000000
10237,0.000000
10241,0.000000
10242,0.000000
10244,0.000000
10246,0.000000
10250,0.000000
10252,0.000000
10253,0.000000
10256,0.000000
10266,0.000000
10269,0.000000
10275,0.000000
10278,0.000000
10279,0.000000
10280,0.000000
10289,0.000000
10294,0.000000
10295,0.000000
10296,0.000000
10298,0.000000
10300,0.000000
10301,0.000000
10302,0.000000
10308,0.000000
10314,0.000000
10317,0.000000
10323,0.000000
10328,0.000000
10329,0.000000
10335,0.000000
10338,0.000000
10344,0.000000
10347,0.000000
10348,0.000000
10349,0.000000
10351,0.000000
10352,0.000000
10358,0.000000
10364,0.000000
10365,0.000000
10367,0.000000
10369,0.000000
10377,0.000000
10378,0.000000
10385,0.000000
10395,0.000000
10399,0.000000
10403,0.000000
10406,0.000000
10409,0.000000
10411,0.000000
10417,0.000000
10422,0.000000
10423,0.000000
10425,0.000000
10432,0.000000
10435,0.000000
10439,0.000000
10442,0.000000
10447,0.000000
10454,0.000000
10459,0.000000
10465,0.000000
10467,0.000000
10468,0.000000
10474,0.000000
10476,0.000000
10477,0.000000
10479,0.000000
10480,0.000000
10493,0.000000
10496,0.000000
10500,0.000000
10506,0.000000
10508,0.000000
10514,0.000000
10515,0.000000
10516,0.000000
10522,0.000000
10530,0.000000
10532,0.000000
10533,0.000000
10534,0.000000
10545,0.000000
10549,0.000000
10562,0.000000
10571,0.000000
10575,0.000000
10577,0.000000
10579,0.000000
10580,0.000000
10581,0.000000
10593,0.000000
10597,0.000000
10598,0.000000
10601,0.000000
10605,0.000000
10606,0.000000
10608,0.000000
10609,0.000000
10614,0.000000
10625,0.000000
10629,0.000000
10633,0.000000
10636,0.000000
10638,0.000000
10641,0.000000
10643,0.000000
10648,0.000000
10650,0.000000
10651,0.000000
10653,0.000000
10656,0.000000
10664,0.000000
10666,0.000000
10668,0.000000
10675,0.000000
10676,0.000000
10679,0.000000
10687,0.000000
10690,0.000000
10695,0.000000
10696,0.000000
10697,0.000000
10698,0.000000
10701,0.000000
10703,0.000000
10711,0.000000
10714,0.000000
10718,0.000000
10721,0.000000
10724,0.000000
10732,0.000000
10734,0.000000
10740,0.000000
10741,0.000000
10742,0.000000
10744,0.000000
10752,0.000000
10753,0.000000
10756,0.000000
10757,0.000000
10763,0.000000
10766,0.000000
10768,0.000000
10771,0.000000
10773,0.000000
10775,0.000000
10779,0.000000
10782,0.000000
10788,0.000000
10791,0.000000
10793,0.000000
10801,0.000000
10804,0.000000
10809,0.000000
10810,0.000000
10812,0.000000
10815,0.000000
10817,0.000000
10819,0.000000
10820,0.000000
10824,0.000000
10829,0.000000
10830,0.000000
10835,0.000000
10842,0.000000
10846,0.000000
10847,0.000000
10848,0.000000
10853,0.000000
10858,0.000000
10863,0.000000
10864,0.000000
10868,0.000000
10873,0.000000
10874,0.000000
10876,0.000000
10877,0.000000
10878,0.000000
10881,0.000000
10882,0.000000
10886,0.000000
10893,0.000000
10896,0.000000
10897,0.000000
10901,0.000000
10903,0.000000
10904,0.000000
10905,0.000000
10906,0.000000
10914,0.000000
10915,0.000000
10924,0.000000
10933,0.000000
10940,0.000000
10945,0.000000
10951,0.000000
10953,0.000000
10955,0.000000
10962,0.000000
10968,0.000000
10974,0.000000
10975,0.000000
10979,0.000000
10987,0.000000
10995,0.000000
11001,0.000000
11004,0.000000
11005,0.000000
11009,0.000000
11011,0.000000
11012,0.000000
11018,0.000000
11021,0.000000
11025,0.000000
11028,0.000000
11037,0.000000
11038,0.000000
11048,0.000000
11054,0.000000
11055,0.000000
11056,0.000000
11057,0.000000
11059,0.000000
11061,0.000000
11063,0.000000
11064,0.000000
11065,0.000000
11069,0.000000
11073,0.000000
11083,0.000000
11084,0.000000
11086,0.000000
11089,0.000000
11092,0.000000
11093,0.000000
11095,0.000000
11103,0.000000
11104,0.000000
11108,0.000000
11109,0.000000
11111,0.000000
11114,0.000000
11115,0.000000
11119,0.000000
11121,0.000000
11125,0.000000
11129,0.000000
11130,0.000000
11131,0.000000
11132,0.000000
11138,0.000000
11144,0.000000
11147,0.000000
11148,0.000000
11150,0.000000
11151,0.000000
11152,0.000000
11163,0.000000
11165,0.000000
11167,0.000000
11168,0.000000
11171,0.000000
11172,0.000000
11174,0.000000
11175,0.000000
11176,0.000000
11178,0.000000
11180,0.000000
11185,0.000000
11186,0.000000
11187,0.000000
11190,0.000000
11192,0.000000
11194,0.000000
11195,0.000000
11201,0.000000
11204,0.000000
11208,0.000000
11216,0.000000
11220,0.000000
11221,0.000000
11223,0.000000
11229,0.000000
11230,0.000000
11232,0.000000
11233,0.000000
11235,0.000000
11237,0.000000
11245,0.000000
11246,0.000000
11249,0.000000
11253,0.000000
11260,0.000000
11262,0.000000
11265,0.000000
11269,0.000000
11273,0.000000
11279,0.000000
11280,0.000000
11286,0.000000
11287,0.000000
11296,0.000000
11299,0.000000
11307,0.000000
11314,0.000000
11316,0.000000
11317,0.000000
11319,0.000000
11323,0.000000
11324,0.000000
11334,0.000000
11339,0.000000
11343,0.000000
11345,0.000000
11347,0.000000
11348,0.000000
11350,0.000000
11352,0.000000
11357,0.000000
11358,0.000000
11361,0.000000
11373,0.000000
11379,0.000000
11394,0.000000
11396,0.000000
11407,0.000000
11411,0.000000
11419,0.000000
11424,0.000000
11425,0.000000
11428,0.000000
11434,0.000000
11435,0.000000
11438,0.000000
11439,0.000000
11440,0.000000
11444,0.000000
11445,0.000000
11454,0.000000
11456,0.000000
11458,0.000000
11460,0.000000
11465,0.000000
11473,0.000000
11474,0.000000
11475,0.000000
11478,0.000000
11481,0.000000
11484,0.000000
11486,0.000000
11495,0.000000
11504,0.000000
11505,0.000000
11508,0.000000
11512,0.000000
11514,0.000000
11520,0.000000
11523,0.000000
11526,0.000000
11529,0.000000
11531,0.000000
11533,0.000000
11538,0.000000
11543,0.000000
11546,0.000000
11547,0.000000
11557,0.000000
11562,0.000000
11566,0.000000
11569,0.000000
11570,0.000000
11571,0.000000
11573,0.000000
11582,0.000000
11583,0.000000
11585,0.000000
11588,0.000000
11590,0.000000
11595,0.000000
11603,0.000000
11605,0.000000
11606,0.000000
11609,0.000000
11610,0.000000
11613,0.000000
11615,0.000000
11618,0.000000
11628,0.000000
11631,0.000000
11634,0.000000
11639,0.000000
11648,0.000000
11656,0.000000
11657,0.000000
11659,0.000000
11661,0.000000
11662,0.000000
11664,0.000000
11666,0.000000
11667,0.000000
11671,0.000000
11673,0.000000
11675,0.000000
11679,0.000000
11680,0.000000
11689,0.000000
11695,0.000000
11698,0.000000
11702,0.000000
11704,0.000000
11705,0.000000
11707,0.000000
11712,0.000000
11718,0.000000
11719,0.000000
11721,0.000000
11725,0.000000
11730,0.000000
11733,0.000000
11734,0.000000
11738,0.000000
11740,0.000000
11741,0.000000
11748,0.000000
11750,0.000000
11759,0.000000
11760,0.000000
11763,0.000000
11767,0.000000
11769,0.000000
11771,0.000000
11772,0.000000
11774,0.000000
11776,0.000000
11781,0.000000
11786,0.000000
11788,0.000000
11793,0.000000
11794,0.000000
11801,0.000000
11804,0.000000
11814,0.000000
11816,0.000000
11820,0.000000
11824,0.000000
11826,0.000000
11832,0.000000
11833,0.000000
11834,0.000000
11837,0.000000
11838,0.000000
11839,0.000000
11845,0.000000
11848,0.000000
11852,0.000000
11856,0.000000
11858,0.000000
11867,0.000000
11870,0.000000
11873,0.000000
11874,0.000000
11876,0.000000
11877,0.000000
11884,0.000000
11889,0.000000
11892,0.000000
11896,0.000000
11898,0.000000
11905,0.000000
11908,0.000000
11915,0.000000
11916,0.000000
11917,0.000000
11919,0.000000
11922,0.000000
11924,0.000000
11928,0.000000
11931,0.000000
11932,0.000000
11933,0.000000
11937,0.000000
11942,0.000000
11943,0.000000
11948,0.000000
11953,0.000000
11955,0.000000
11960,0.000000
11961,0.000000
11962,0.000000
11969,0.000000
11978,0.000000
11982,0.000000
11983,0.000000
11989,0.000000
11991,0.000000
11994,0.000000
11997,0.000000
11999,0.000000
12010,0.000000
12013,0.000000
12014,0.000000
12017,0.000000
12019,0.000000
12022,0.000000
12025,0.000000
12026,0.000000
12029,0.000000
12030,0.000000
12031,0.000000
12033,0.000000
12035,0.000000
12039,0.000000
12045,0.000000
12047,0.000000
12051,0.000000
12052,0.000000
12054,0.000000
12061,0.000000
12068,0.000000
12069,0.000000
12072,0.000000
12074,0.000000
12076,0.000000
12077,0.000000
12079,0.000000
12080,0.000000
12082,0.000000
12086,0.000000
12094,0.000000
12095,0.000000
12097,0.000000
12099,0.000000
12100,0.000000
12108,0.000000
12110,0.000000
12113,0.000000
12120,0.000000
12125,0.000000
12127,0.000000
12130,0.000000
12138,0.000000
12142,0.000000
12148,0.000000
12157,0.000000
12160,0.000000
12161,0.000000
12162,0.000000
12166,0.000000
12167,0.000000
12168,0.000000
12169,0.000000
12177,0.000000
12184,0.000000
12200,0.000000
12208,0.000000
12209,0.000000
12215,0.000000
12217,0.000000
12220,0.000000
12222,0.000000
12225,0.000000
12226,0.000000
12227,0.000000
12229,0.000000
12234,0.000000
12238,0.000000
12239,0.000000
12243,0.000000
12245,0.000000
12247,0.000000
12248,0.000000
12251,0.000000
12255,0.000000
12257,0.000000
12260,0.000000
12261,0.000000
12262,0.000000
12263,0.000000
12266,0.000000
12272,0.000000
12273,0.000000
12275,0.000000
12276,0.000000
12279,0.000000
12282,0.000000
12288,0.000000
12294,0.000000
12295,0.000000
12297,0.000000
12298,0.000000
12307,0.000000
12308,0.000000
12312,0.000000
12317,0.000000
12321,0.000000
12324,0.000000
12327,0.000000
12338,0.000000
12340,0.000000
12341,0.000000
12346,0.000000
12347,0.000000
12351,0.000000
12354,0.000000
12363,0.000000
12366,0.000000
12370,0.000000
12375,0.000000
12376,0.000000
12383,0.000000
12384,0.000000
12389,0.000000
12391,0.000000
12394,0.000000
12395,0.000000
12396,0.000000
12397,0.000000
12406,0.000000
12407,0.000000
12410,0.000000
12413,0.000000
12415,0.000000
12423,0.000000
12424,0.000000
12426,0.000000
12432,0.000000
12437,0.000000
12441,0.000000
12442,0.000000
12451,0.000000
12455,0.000000
12459,0.000000
12464,0.000000
12467,0.000000
12469,0.000000
12476,0.000000
12483,0.000000
12486,0.000000
12492,0.000000
12495,0.000000
12499,0.000000
12503,0.000000
12505,0.000000
12507,0.000000
12512,0.000000
12522,0.000000
12524,0.000000
12526,0.000000
12528,0.000000
12529,0.000000
12534,0.000000
12542,0.000000
12544,0.000000
12545,0.000000
12546,0.000000
12549,0.000000
12551,0.000000
12555,0.000000
12556,0.000000
12561,0.000000
12563,0.000000
12564,0.000000
12567,0.000000
12572,0.000000
12573,0.000000
12574,0.000000
12580,0.000000
12581,0.000000
12582,0.000000
12586,0.000000
12588,0.000000
12590,0.000000
12598,0.000000
12604,0.000000
12611,0.000000
12616,0.000000
12621,0.000000
12624,0.000000
12625,0.000000
12628,0.000000
12629,0.000000
12630,0.000000
12639,0.000000
12642,0.000000
12644,0.000000
12645,0.000000
12648,0.000000
12651,0.000000
12656,0.000000
12658,0.000000
12659,0.000000
12667,0.000000
12670,0.000000
12677,0.000000
12681,0.000000
12686,0.000000
12688,0.000000
12690,0.000000
12693,0.000000
12695,0.000000
12698,0.000000
12700,0.000000
12704,0.000000
12705,0.000000
12708,0.000000
12709,0.000000
12713,0.000000
12715,0.000000
12716,0.000000
12719,0.000000
12720,0.000000
12721,0.000000
12725,0.000000
12728,0.000000
12729,0.000000
12732,0.000000
12737,0.000000
12742,0.000000
12749,0.000000
12751,0.000000
12753,0.000000
12755,0.000000
12756,0.000000
12761,0.000000
12764,0.000000
12771,0.000000
12773,0.000000
12775,0.000000
12779,0.000000
12780,0.000000
12789,0.000000
12790,0.000000
12795,0.000000
12799,0.000000
12800,0.000000
12801,0.000000
12802,0.000000
12804,0.000000
12807,0.000000
12809,0.000000
12812,0.000000
12815,0.000000
12822,0.000000
12828,0.000000
12833,0.000000
12835,0.000000
12839,0.000000
12840,0.000000
12841,0.000000
12846,0.000000
12847,0.000000
12851,0.000000
12852,0.000000
12858,0.000000
12861,0.000000
12862,0.000000
12864,0.000000
12870,0.000000
12874,0.000000
12875,0.000000
12884,0.000000
12886,0.000000
12892,0.000000
12899,0.000000
12904,0.000000
12906,0.000000
12908,0.000000
12911,0.000000
12913,0.000000
12917,0.000000
12925,0.000000
12926,0.000000
12932,0.000000
12935,0.000000
12937,0.000000
12938,0.000000
12942,0.000000
12945,0.000000
12947,0.000000
12949,0.000000
12950,0.000000
12951,0.000000
12953,0.000000
12954,0.000000
12955,0.000000
12956,0.000000
12963,0.000000
12968,0.000000
12974,0.000000
12976,0.000000
12978,0.000000
12980,0.000000
12982,0.000000
12983,0.000000
12986,0.000000
12988,0.000000
12992,0.000000
12993,0.000000
12996,0.000000
12997,0.000000
13002,0.000000
13003,0.000000
13009,0.000000
13011,0.000000
13015,0.000000
13017,0.000000
13021,0.000000
13022,0.000000
13027,0.000000
13033,0.000000
13041,0.000000
13042,0.000000
13045,0.000000
13046,0.000000
13047,0.000000
13048,0.000000
13053,0.000000
13055,0.000000
13057,0.000000
13062,0.000000
13071,0.000000
13073,0.000000
13077,0.000000
13084,0.000000
13085,0.000000
13086,0.000000
13089,0.000000
13090,0.000000
13093,0.000000
13098,0.000000
13099,0.000000
13103,0.000000
13109,0.000000
13111,0.000000
13113,0.000000
13121,0.000000
13124,0.000000
13132,0.000000
13133,0.000000
13136,0.000000
13142,0.000000
13144,0.000000
13146,0.000000
13148,0.000000
13149,0.000000
13152,0.000000
13154,0.000000
13155,0.000000
13161,0.000000
13163,0.000000
13165,0.000000
13167,0.000000
13172,0.000000
13180,0.000000
13182,0.000000
13183,0.000000
13185,0.000000
13189,0.000000
13193,0.000000
13194,0.000000
13197,0.000000
13201,0.000000
13209,0.000000
13212,0.000000
13213,0.000000
13218,0.000000
13219,0.000000
13229,0.000000
13230,0.000000
13234,0.000000
13237,0.000000
13241,0.000000
13249,0.000000
13250,0.000000
13253,0.000000
13254,0.000000
13260,0.000000
13261,0.000000
13262,0.000000
13266,0.000000
13273,0.000000
13275,0.000000
13277,0.000000
13278,0.000000
13283,0.000000
13284,0.000000
13291,0.000000
13304,0.000000
13309,0.000000
13312,0.000000
13316,0.000000
13324,0.000000
13326,0.000000
13331,0.000000
13333,0.000000
13340,0.000000
13342,0.000000
13347,0.000000
13349,0.000000
13353,0.000000
13357,0.000000
13362,0.000000
13371,0.000000
13372,0.000000
13382,0.000000
13384,0.000000
13392,0.000000
13398,0.000000
13401,0.000000
13408,0.000000
13412,0.000000
13416,0.000000
13419,0.000000
13422,0.000000
13426,0.000000
13429,0.000000
13432,0.000000
13440,0.000000
13443,0.000000
13444,0.000000
13448,0.000000
13453,0.000000
13455,0.000000
13460,0.000000
13464,0.000000
13465,0.000000
13475,0.000000
13476,0.000000
13479,0.000000
13482,0.000000
13484,0.000000
13485,0.000000
13487,0.000000
13494,0.000000
13498,0.000000
13499,0.000000
13501,0.000000
13504,0.000000
13505,0.000000
13516,0.000000
13518,0.000000
13521,0.000000
13522,0.000000
13525,0.000000
13526,0.000000
13527,0.000000
13529,0.000000
13532,0.000000
13535,0.000000
13539,0.000000
13541,0.000000
13544,0.000000
13550,0.000000
13551,0.000000
13553,0.000000
13554,0.000000
13555,0.000000
13557,0.000000
13558,0.000000
13559,0.000000
13563,0.000000
13564,0.000000
13568,0.000000
13571,0.000000
13576,0.000000
13577,0.000000
13578,0.000000
13579,0.000000
13580,0.000000
13581,0.000000
13583,0.000000
13584,0.000000
13585,0.000000
13587,0.000000
13593,0.000000
13596,0.000000
13604,0.000000
13608,0.000000
13609,0.000000
13610,0.000000
13613,0.000000
13616,0.000000
13622,0.000000
13625,0.000000
13626,0.000000
13627,0.000000
13630,0.000000
13632,0.000000
13635,0.000000
13637,0.000000
13641,0.000000
13646,0.000000
13648,0.000000
13652,0.000000
13653,0.000000
13655,0.000000
13659,0.000000
13661,0.000000
13662,0.000000
13663,0.000000
13664,0.000000
13666,0.000000
13671,0.000000
13673,0.000000
13675,0.000000
13676,0.000000
13677,0.000000
13683,0.000000
13685,0.000000
13688,0.000000
13690,0.000000
13691,0.000000
13699,0.000000
13702,0.000000
13704,0.000000
13708,0.000000
13712,0.000000
13713,0.000000
13717,0.000000
13718,0.000000
13719,0.000000
13720,0.000000
13722,0.000000
13723,0.000000
13727,0.000000
13732,0.000000
13739,0.000000
13743,0.000000
13747,0.000000
13751,0.000000
13758,0.000000
13761,0.000000
13762,0.000000
13765,0.000000
13766,0.000000
13769,0.000000
13771,0.000000
13774,0.000000
13778,0.000000
13779,0.000000
13782,0.000000
13785,0.000000
13787,0.000000
13789,0.000000
13798,0.000000
13803,0.000000
13819,0.000000
13827,0.000000
13833,0.000000
13837,0.000000
13838,0.000000
13844,0.000000
13845,0.000000
13847,0.000000
13852,0.000000
13854,0.000000
13855,0.000000
13861,0.000000
13867,0.000000
13870,0.000000
13871,0.000000
13872,0.000000
13874,0.000000
13875,0.000000
13881,0.000000
13887,0.000000
13892,0.000000
13895,0.000000
13900,0.000000
13902,0.000000
13908,0.000000
13916,0.000000
13917,0.000000
13921,0.000000
13922,0.000000
13929,0.000000
13932,0.000000
13936,0.000000
13943,0.000000
13945,0.000000
13960,0.000000
13962,0.000000
13964,0.000000
13966,0.000000
13971,0.000000
13973,0.000000
13974,0.000000
13977,0.000000
13979,0.000000
13980,0.000000
13986,0.000000
13988,0.000000
13991,0.000000
13994,0.000000
14002,0.000000
14003,0.000000
14010,0.000000
14011,0.000000
14012,0.000000
14016,0.000000
14021,0.000000
14022,0.000000
14023,0.000000
14027,0.000000
14030,0.000000
14032,0.000000
14041,0.000000
14042,0.000000
14044,0.000000
14047,0.000000
14049,0.000000
14051,0.000000
14057,0.000000
14064,0.000000
14067,0.000000
14068,0.000000
14071,0.000000
14072,0.000000
14073,0.000000
14075,0.000000
14077,0.000000
14083,0.000000
14087,0.000000
14091,0.000000
14092,0.000000
14094,0.000000
14106,0.000000
14113,0.000000
14117,0.000000
14119,0.000000
14121,0.000000
14123,0.000000
14130,0.000000
14132,0.000000
14134,0.000000
14141,0.000000
14146,0.000000
14149,0.000000
14156,0.000000
14165,0.000000
14166,0.000000
14167,0.000000
14172,0.000000
14173,0.000000
14176,0.000000
14177,0.000000
14180,0.000000
14187,0.000000
14194,0.000000
14195,0.000000
14199,0.000000
14200,0.000000
14202,0.000000
14203,0.000000
14206,0.000000
14209,0.000000
14211,0.000000
14214,0.000000
14218,0.000000
14223,0.000000
14225,0.000000
14228,0.000000
14235,0.000000
14236,0.000000
14241,0.000000
14244,0.000000
14246,0.000000
14252,0.000000
14253,0.000000
14256,0.000000
14261,0.000000
14262,0.000000
14263,0.000000
14264,0.000000
14270,0.000000
14271,0.000000
14274,0.000000
14275,0.000000
14279,0.000000
14282,0.000000
14283,0.000000
14284,0.000000
14287,0.000000
14292,0.000000
14294,0.000000
14302,0.000000
14305,0.000000
14310,0.000000
14311,0.000000
14314,0.000000
14315,0.000000
14323,0.000000
14328,0.000000
14333,0.000000
14334,0.000000
14341,0.000000
14344,0.000000
14349,0.000000
14354,0.000000
14356,0.000000
14357,0.000000
14360,0.000000
14362,0.000000
14366,0.000000
14369,0.000000
14371,0.000000
14378,0.000000
14379,0.000000
14381,0.000000
14383,0.000000
14386,0.000000
14390,0.000000
14392,0.000000
14395,0.000000
14396,0.000000
14398,0.000000
14401,0.000000
14403,0.000000
14406,0.000000
14407,0.000000
14418,0.000000
14419,0.000000
14421,0.000000
14423,0.000000
14425,0.000000
14432,0.000000
14434,0.000000
14437,0.000000
14443,0.000000
14444,0.000000
14445,0.000000
14449,0.000000
14455,0.000000
14456,0.000000
14459,0.000000
14463,0.000000
14470,0.000000
14471,0.000000
14476,0.000000
14478,0.000000
14482,0.000000
14486,0.000000
14489,0.000000
14492,0.000000
14493,0.000000
14494,0.000000
14498,0.000000
14501,0.000000
14502,0.000000
14503,0.000000
14504,0.000000
14505,0.000000
14508,0.000000
14509,0.000000
14510,0.000000
14512,0.000000
14513,0.000000
14514,0.000000
14516,0.000000
14520,0.000000
14524,0.000000
14529,0.000000
14530,0.000000
14532,0.000000
14537,0.000000
14541,0.000000
14544,0.000000
14546,0.000000
14551,0.000000
14555,0.000000
14559,0.000000
14564,0.000000
14566,0.000000
14567,0.000000
14572,0.000000
14573,0.000000
14574,0.000000
14577,0.000000
14578,0.000000
14582,0.000000
14585,0.000000
14588,0.000000
14591,0.000000
14594,0.000000
14595,0.000000
14597,0.000000
14598,0.000000
14599,0.000000
14600,0.000000
14601,0.000000
14602,0.000000
14604,0.000000
14606,0.000000
14609,0.000000
14614,0.000000
14616,0.000000
14620,0.000000
14623,0.000000
14628,0.000000
14641,0.000000
14643,0.000000
14650,0.000000
14652,0.000000
14657,0.000000
14660,0.000000
14666,0.000000
14669,0.000000
14670,0.000000
14671,0.000000
14672,0.000000
14673,0.000000
14674,0.000000
14675,0.000000
14676,0.000000
14680,0.000000
14681,0.000000
14682,0.000000
14690,0.000000
14691,0.000000
14704,0.000000
14705,0.000000
14713,0.000000
14716,0.000000
14718,0.000000
14719,0.000000
14726,0.000000
14732,0.000000
14742,0.000000
14750,0.000000
14753,0.000000
14756,0.000000
14758,0.000000
14759,0.000000
14762,0.000000
14766,0.000000
14769,0.000000
14774,0.000000
14776,0.000000
14779,0.000000
14786,0.000000
14790,0.000000
14791,0.000000
14795,0.000000
14799,0.000000
14804,0.000000
14805,0.000000
14806,0.000000
14809,0.000000
14810,0.000000
14812,0.000000
14814,0.000000
14816,0.000000
14820,0.000000
14828,0.000000
14829,0.000000
14830,0.000000
14838,0.000000
14844,0.000000
14846,0.000000
14847,0.000000
14849,0.000000
14856,0.000000
14861,0.000000
14869,0.000000
14872,0.000000
14874,0.000000
14875,0.000000
14881,0.000000
14888,0.000000
14890,0.000000
14894,0.000000
14901,0.000000
14908,0.000000
14910,0.000000
14915,0.000000
14917,0.000000
14921,0.000000
14931,0.000000
14935,0.000000
14937,0.000000
14938,0.000000
14939,0.000000
14941,0.000000
14943,0.000000
14944,0.000000
14945,0.000000
14946,0.000000
14952,0.000000
14957,0.000000
14965,0.000000
14968,0.000000
14969,0.000000
14970,0.000000
