Evaluations,Fitness
1,1047548752.264565
3,724115505.169475
7,711881191.093220
22,684118224.715249
87,628587461.442896
93,619989517.087907
95,577412864.299056
130,570848142.126789
135,434303577.112638
157,402320225.398897
159,288302381.719411
188,274777755.913581
189,272843644.304648
197,244986601.507115
222,221804981.669797
232,192745714.875838
270,186916824.498730
291,129320931.817058
308,92178432.768473
322,89053646.669968
330,38477141.671351
390,31745245.137879
398,30126699.808735
411,28186431.476085
418,19194360.423789
420,13383820.922192
464,9175830.672136
517,8658954.347260
555,8161805.354818
556,6170663.323574
566,4377778.886670
608,2992507.505345
649,2756731.229906
682,2658434.327792
707,2310103.202785
710,1740484.969769
729,1416482.646354
736,1207159.283825
741,1013180.087708
766,994320.190716
771,793059.490459
801,762420.020049
824,678815.593983
831,612958.581911
838,421211.970273
853,272039.344996
854,241160.453271
885,225244.947650
913,214102.298012
918,192976.405835
934,162334.017065
954,102626.426284
1004,84112.305278
1018,67666.075658
1022,53742.785475
1053,42477.422332
1061,26234.981158
1093,20024.464672
1107,13385.985280
1110,12837.180222
1121,11445.990809
1139,9668.663531
1151,6694.167081
1180,5145.429466
1219,3134.766746
1248,2809.278780
1274,2530.391198
1288,2313.858036
1300,2262.224455
1301,1971.037619
1318,1651.228185
1320,1268.751315
1355,1209.934411
1360,763.404705
1390,569.589804
1447,494.807711
1461,428.387464
1478,388.654902
1483,316.014923
1529,275.430474
1551,258.571520
1552,238.523819
1558,185.805348
1582,177.523599
1622,169.042739
1625,156.540238
1650,143.830304
1659,140.997954
1667,139.916942
1699,127.999442
1710,124.337608
1724,119.927140
1731,113.505714
1747,103.872667
1754,102.459283
1757,101.932641
1761,87.085674
1767,86.263129
1777,85.686269
1784,84.156650
1797,80.525810
1800,73.698766
1817,72.389877
1830,68.942007
1842,68.838989
1860,67.206778
1880,66.736464
1907,65.298286
1920,63.510679
1928,63.461210
1954,63.109876
1967,62.387477
1987,61.854896
1991,61.750783
1992,61.155465
2014,60.985677
2031,60.584228
2040,60.440101
2051,60.355183
2070,60.197607
2091,60.111214
2096,60.080845
2110,59.966189
2111,59.633338
2126,59.496469
2138,59.458891
2144,59.435737
2168,59.239433
2187,59.222958
2192,59.219863
2193,59.148455
2208,59.085394
2217,58.931864
2243,58.931205
2249,58.892464
2259,58.744993
2311,58.729007
2329,58.691218
2376,58.636503
2406,58.619581
2429,58.600744
2445,58.591922
2454,58.518978
2537,58.487715
2553,58.396409
2571,58.362100
2608,58.292660
2633,58.290259
2651,58.173175
2669,58.163417
2672,58.028944
2689,57.985420
2697,57.952047
2700,57.929069
2810,57.885699
2820,57.874857
2824,57.873566
2832,57.806500
2875,57.801171
2883,57.658140
3064,57.653203
3153,57.639913
3250,57.491399
3427,57.363836
3564,57.198093
4121,57.178540
4615,57.165258
5151,57.134595
5211,57.126585
5903,57.094733
11145,57.091995
12044,57.090009
12217,57.088904
12383,57.086597
12826,57.086275
13401,57.085823
13758,57.085453
14016,57.084590
14051,57.083653
14227,57.083315
14267,57.083233
14318,57.082797
14333,57.082776
14400,57.082650
14438,57.082614
14452,57.081152
14489,57.080924
14572,57.080806
14587,57.080703
14589,57.080324
14602,57.080158
14650,57.079544
14685,57.079401
14717,57.079137
14858,57.079031
14868,57.079015
14886,57.079003
14897,57.078988
14913,57.078867
14924,57.078777
14955,57.078769
14962,57.078751
14968,57.078742
