Evaluations,Fitness
1,882393393.114465
5,854076623.226598
20,454311081.051179
131,427218370.660161
144,410469684.525373
158,353658225.366494
176,331977023.564694
183,293791354.256207
191,289020634.953249
213,278149593.709495
227,197695649.905211
277,196011796.757442
286,185627871.061168
294,139834958.319908
358,139641060.859995
481,139568667.823594
543,123621182.541668
802,118874905.837086
856,108287862.836840
1156,93700019.151574
1542,85957220.172927
1788,79352797.464167
1809,69794194.918836
2264,68445190.812850
2453,68436117.371610
3755,68285527.154873
3798,65748868.041587
3878,65604095.515501
3887,65481634.922557
4066,63290628.274142
4401,61285973.245099
4811,59659500.297747
4926,59271408.666983
5212,56438735.246271
6258,54052664.711889
6892,53084221.960087
7081,52984231.998357
7157,50320054.990915
8174,48914177.708835
8722,48749106.868927
8885,48544051.884704
8891,48431272.506305
8935,46712602.886233
9538,46246864.600008
9716,45703377.936022
9865,45257769.242935
10448,45138624.049796
11097,45054913.119641
11232,44867341.724505
11249,44743507.262147
11352,44328527.860367
11394,44137864.968702
11519,43757847.782174
11673,43511867.394388
11847,43361229.801706
12086,43196765.849192
12177,42989031.251148
12588,42674823.814143
13042,42665321.775416
13133,42619689.179281
13139,42487083.593350
13143,42147777.797141
13235,41883612.886156
13466,41832180.562371
13497,41800292.499539
13527,41772131.472372
13663,41708688.192805
13747,41508336.063905
13810,41351362.389653
13866,41317610.737253
13888,41227742.879786
13947,41165886.055761
13954,41136519.629844
13986,41099174.289999
14048,41083310.954871
14052,41044822.283338
14135,41038844.301137
14140,40942241.114639
14214,40823067.371529
14321,40803009.781762
14415,40797549.112073
14434,40794346.021854
14459,40722111.307135
14475,40706690.948270
14491,40693329.946328
14497,40672574.640624
14582,40661735.117504
14585,40621600.425048
14659,40613045.312840
14664,40573118.919245
14686,40560101.460319
14709,40550589.538158
14739,40549843.450619
14764,40542537.963056
14780,40528205.384230
14787,40524309.766203
14796,40517349.610447
14804,40503035.670576
14828,40497503.304490
14838,40495669.478244
14841,40488078.611984
14847,40470628.012897
14855,40454757.219760
14874,40451704.070294
14886,40448974.489308
14898,40442815.773593
14907,40439626.532496
14914,40438986.711362
14917,40436363.631919
14921,40425687.232999
14923,40425435.337508
14929,40424406.782004
14934,40423957.479511
14945,40422520.315633
14950,40419917.614422
14959,40419334.041875
14962,40417962.287268
14967,40416005.534643
14969,40415365.457998
