Evaluations,Fitness
1,9.86116e+06
3,7.13582e+06
29,6.98781e+06
62,6.86151e+06
70,5.58378e+06
74,5.42929e+06
76,4.98523e+06
77,3.76791e+06
125,3.54538e+06
134,2.95861e+06
155,2.37295e+06
192,2.28259e+06
222,2.1644e+06
244,1.98223e+06
255,1.79803e+06
280,1.79485e+06
282,1.5493e+06
321,1.41511e+06
355,1.29737e+06
371,1.25866e+06
385,1.24501e+06
484,1.17997e+06
491,1.1544e+06
550,1.11256e+06
585,1.06943e+06
619,1.0197e+06
627,940628
754,874480
953,857186
1091,850301
1104,832090
1121,828827
1271,781534
1317,743352
1336,727859
1344,676691
1367,657070
1452,622109
1480,589480
1773,587689
1908,541530
1941,534939
2317,525526
2455,428735
3354,423731
3771,414829
3809,408164
3830,384441
3867,337416
4153,323318
4854,286360
6042,285121
6556,283664
7000,272101
7447,263266
7461,260936
7509,243662
8987,236371
9296,233561
9312,233460
9561,223858
10231,221529
10247,220032
10547,215486
10903,213342
11022,208467
11251,206510
11483,204455
11630,199809
11816,198711
11911,197340
11943,196801
11954,196035
12135,191985
12164,190551
12215,189326
12330,189026
12581,186549
12676,186344
12812,186133
12844,185214
12863,184985
12877,183342
12927,182300
12988,181490
13011,178489
13073,177849
13109,177403
13129,177231
13187,177172
13209,176583
13267,176390
13326,176184
13356,175832
13359,175377
13400,174570
13461,174020
13482,173326
13508,173266
13531,172949
13540,171889
13546,171834
13575,170550
13592,169915
13595,169328
13598,168929
13617,168559
13701,167879
13763,167536
13778,167079
13822,166632
13869,165972
13885,165881
13891,165670
13901,165132
13932,164586
13944,164586
13956,164565
13979,164344
13984,163988
14022,163861
14023,163315
14032,163091
14038,162995
14046,162722
14060,162677
14063,162120
14097,161817
14099,161752
14108,161311
14109,160912
14122,160887
14126,160793
14127,160167
14130,159949
14133,159700
14145,159592
14153,158673
14181,158410
14185,157837
14194,157291
14211,156855
14219,156308
14250,155860
14268,155753
14301,155720
14313,155696
14314,155627
14315,155404
14323,154933
14335,154793
14341,154585
14342,154430
14351,154411
14361,153926
14382,153642
14385,153180
14418,152911
14419,152757
14422,152397
14430,152311
14434,152280
14439,152187
14440,151696
14463,151583
14464,150831
14489,150276
14515,150253
14525,150236
14526,150232
14530,150148
14532,149675
14537,149443
14545,149369
14549,149346
14554,149234
14556,149176
14563,148845
14572,148786
14573,148754
14579,148494
14581,148137
14585,148095
14588,148066
14589,148014
14603,148004
14605,147707
14613,147615
14614,147408
14626,147049
14629,147046
14636,146855
14647,146723
14650,146605
14654,146471
14656,146397
14661,146201
14669,146134
14670,146111
14671,145855
14685,145721
14686,145638
14689,145444
14697,145389
14702,145373
14704,145186
14707,145157
14714,144960
14724,144836
14727,144754
14736,144668
14739,144649
14740,144617
14743,144534
14746,144457
14749,144198
14753,144135
14765,144067
14767,143980
14771,143799
14773,143698
14778,143639
14782,143481
14789,143459
14792,143261
14797,143248
14799,143234
14803,143141
14804,143032
14815,143011
14819,142926
14821,142923
14826,142845
14827,142727
14833,142715
14834,142702
14837,142647
14838,142631
14843,142558
14847,142474
14854,142435
14856,142425
14861,142277
14873,142232
14878,142029
14888,142027
14893,142014
14896,141931
14898,141853
14903,141839
14908,141792
14909,141744
14912,141736
14917,141702
14924,141643
14927,141634
14931,141629
14933,141593
14949,141585
14951,141579
14955,141547
14960,141529
14969,141518
