Evaluations,Fitness
1,1699.804128
2,1316.274915
11,1251.177703
21,1177.037082
89,1168.691054
95,1166.031437
108,1140.027614
112,1133.496694
118,1092.926836
124,1090.911435
125,1083.592782
141,1056.944146
142,939.493306
166,918.507868
172,884.658471
202,882.132722
230,874.675185
237,822.533735
261,789.908500
268,789.012796
275,721.955482
358,716.645882
430,714.647472
564,707.304321
596,639.501417
1202,595.475571
1482,581.680486
4311,573.996169
5096,572.190625
5146,560.260353
5199,545.308418
5946,534.403197
7728,528.076596
7759,520.573786
8150,516.133219
8416,490.602384
8750,478.653445
9731,463.703062
11032,461.657663
11048,448.325106
11304,440.722362
11945,429.322524
12392,427.725263
12474,423.309333
12555,422.320158
12626,421.148075
12640,419.864708
12680,414.864387
12690,410.208552
12786,399.698898
12815,393.496524
12894,389.920889
12915,386.825152
12942,359.531961
13353,356.765655
13582,354.420818
13718,352.748332
13781,351.013043
13796,350.353953
13929,349.086010
14008,344.161724
14037,336.693312
14052,336.547409
14081,336.028274
14082,333.258835
14105,331.696114
14154,324.670922
14205,323.551492
14206,319.933521
14222,318.660740
14264,318.587981
14270,318.426715
14278,317.182731
14283,316.197582
14336,313.814395
14363,311.382519
14408,310.321510
14442,308.560904
14450,307.483334
14452,307.177064
14458,305.486830
14481,305.127114
14496,304.653487
14512,304.109564
14537,303.090491
14544,302.973329
14547,302.734529
14558,301.788294
14560,301.762877
14563,301.387045
14572,301.026725
14584,300.750558
14596,299.734919
14598,299.229877
14623,299.129381
14670,298.712416
14683,298.656203
14685,298.548254
14688,297.893692
14691,297.720577
14718,297.020627
14736,296.730562
14782,296.206537
14786,295.520034
14794,295.344496
14800,295.202009
14803,294.715685
14812,294.576585
14825,294.496541
14827,294.099620
14835,294.072417
14854,294.032199
14861,293.929586
14862,293.928524
14866,293.620911
14872,293.314018
14876,293.299807
14886,292.978893
14894,292.785619
14909,292.723189
14911,292.679622
14914,292.644684
14918,292.555895
14919,292.477224
14922,292.390646
14926,292.328057
14931,292.224496
14943,292.173028
14952,292.160656
14953,292.147178
14954,292.111579
14961,292.111229
14962,292.067406
14966,292.058044
14968,292.038943
14974,292.038216
14975,292.037974
14976,292.037881
14982,292.037881
14983,292.037880
14984,292.037880
14993,292.037880
14994,292.037880
14995,292.037880
