Evaluations,Fitness
1,226229.756136
2,185031.868989
6,176151.228852
20,173499.608926
21,170435.776873
56,154554.929473
61,132130.749788
86,122161.006235
116,106511.177789
123,99773.907255
125,97863.565439
139,87450.688437
192,60500.852108
197,54041.500540
227,46027.777706
232,42544.530727
294,40093.589438
296,35348.344189
339,32068.750447
353,31728.713070
361,27283.847008
363,26927.583176
389,24386.076140
398,20658.800672
465,19010.016430
473,18274.848853
497,16727.842319
527,16101.732213
529,15052.918832
551,14378.670477
570,13384.037694
571,12288.335062
581,12149.403215
607,12112.487089
609,11608.117465
619,10227.655429
631,9662.899578
665,9455.710413
666,7653.171721
674,7175.833142
679,6701.413939
692,6577.632870
696,6361.538305
712,5911.242994
720,5466.530699
734,5197.811728
736,5108.174831
739,4361.342078
764,3805.796957
769,3416.971070
794,3267.398084
803,2834.123791
807,2622.426984
809,2308.337726
845,2201.619542
858,2104.491394
859,1923.341015
869,1796.777089
875,1563.381038
889,1472.011097
918,1111.242585
919,861.940843
942,828.184135
978,802.990720
997,790.852391
1008,730.380253
1028,725.539250
1038,617.663029
1047,610.706274
1058,549.900568
1069,462.734172
1077,439.311996
1098,415.953484
1107,398.932182
1110,346.708976
1151,337.768903
1159,322.233859
1167,317.899785
1168,305.292575
1189,233.506387
1215,224.237951
1227,220.136420
1228,138.476137
1268,97.509793
1287,83.914275
1288,75.331212
1318,69.666637
1338,60.345483
1339,47.517671
1387,45.811612
1395,45.274116
1401,42.411626
1417,39.277794
1420,32.859859
1435,26.551850
1454,25.436877
1463,23.448092
1491,22.220068
1494,18.707768
1510,17.609888
1524,16.133060
1544,13.042909
1558,13.038158
1567,10.361359
1579,9.669001
1592,8.292586
1630,8.149543
1634,7.686481
1640,7.155825
1660,6.724968
1662,6.698901
1678,6.284287
1683,5.745533
1689,4.172774
1716,3.919586
1724,3.888725
1725,3.806366
1727,3.684734
1758,3.412465
1761,3.290945
1777,2.998404
1789,2.769291
1791,2.601823
1797,2.411048
1798,2.173159
1815,1.890522
1819,1.633907
1822,1.600985
1833,1.526996
1851,1.226634
1878,0.915256
1882,0.856167
1895,0.828767
1914,0.808278
1916,0.683782
1936,0.661645
1938,0.640848
1961,0.621106
1962,0.605491
1976,0.455460
1987,0.432751
1992,0.421542
1995,0.381854
2000,0.331777
2011,0.311135
2024,0.306582
2038,0.227698
2051,0.156919
2069,0.152986
2081,0.138815
2092,0.130595
2098,0.116573
2111,0.116492
2113,0.107468
2115,0.103936
2122,0.083630
2157,0.074913
2163,0.059616
2175,0.055958
2188,0.050676
2200,0.044859
2212,0.035796
2251,0.033630
2254,0.032146
2260,0.029593
2269,0.024126
2276,0.023993
2281,0.023964
2283,0.018159
2286,0.017773
2309,0.016877
2311,0.015208
2338,0.013321
2346,0.012798
2368,0.012327
2377,0.011779
2378,0.011166
2380,0.010388
2381,0.010177
2389,0.009017
2390,0.008594
2400,0.006515
2411,0.005842
2422,0.004615
2456,0.004425
2457,0.003336
2471,0.003132
2490,0.002697
2493,0.002438
2505,0.002243
2520,0.002008
2525,0.001809
2531,0.001802
2536,0.001693
2540,0.001609
2542,0.001092
2556,0.001075
2571,0.000789
2579,0.000764
2590,0.000581
2601,0.000531
2624,0.000465
2652,0.000434
2665,0.000412
2669,0.000408
2671,0.000392
2679,0.000284
2682,0.000284
2689,0.000280
2697,0.000261
2711,0.000248
2723,0.000243
2729,0.000242
2732,0.000222
2735,0.000221
2752,0.000174
2764,0.000164
2792,0.000134
2805,0.000117
2812,0.000108
2826,0.000095
2841,0.000079
2849,0.000078
2850,0.000068
2856,0.000060
2871,0.000059
2875,0.000042
2894,0.000032
2905,0.000031
2909,0.000030
2914,0.000030
2924,0.000029
2944,0.000028
2955,0.000019
2967,0.000015
2984,0.000014
2986,0.000012
3004,0.000011
3007,0.000010
3021,0.000009
3022,0.000009
3034,0.000006
3068,0.000006
3084,0.000005
3090,0.000005
3107,0.000005
3110,0.000004
3112,0.000004
3120,0.000003
3137,0.000003
3139,0.000003
3145,0.000003
3147,0.000003
3150,0.000003
3151,0.000002
3155,0.000002
3156,0.000002
3184,0.000002
3186,0.000002
3187,0.000001
3196,0.000001
3201,0.000001
3215,0.000001
3220,0.000001
3224,0.000001
3242,0.000001
3252,0.000001
3270,0.000001
3276,0.000001
3284,0.000001
3292,0.000001
3293,0.000000
3323,0.000000
3327,0.000000
3333,0.000000
3334,0.000000
3352,0.000000
3354,0.000000
3357,0.000000
3383,0.000000
3405,0.000000
3414,0.000000
3423,0.000000
3429,0.000000
3444,0.000000
3477,0.000000
3492,0.000000
3500,0.000000
3501,0.000000
3511,0.000000
3525,0.000000
3528,0.000000
3541,0.000000
3555,0.000000
3558,0.000000
3561,0.000000
3563,0.000000
3565,0.000000
3571,0.000000
3587,0.000000
3589,0.000000
3601,0.000000
3603,0.000000
3608,0.000000
3609,0.000000
3614,0.000000
3616,0.000000
3621,0.000000
3644,0.000000
3649,0.000000
3670,0.000000
3674,0.000000
3681,0.000000
3683,0.000000
3700,0.000000
3708,0.000000
3712,0.000000
3724,0.000000
3727,0.000000
3742,0.000000
3743,0.000000
3752,0.000000
3759,0.000000
3771,0.000000
3773,0.000000
3785,0.000000
3795,0.000000
3803,0.000000
3807,0.000000
3814,0.000000
3820,0.000000
3837,0.000000
3840,0.000000
3843,0.000000
3844,0.000000
3848,0.000000
3871,0.000000
3878,0.000000
3881,0.000000
3897,0.000000
3908,0.000000
3914,0.000000
3922,0.000000
3940,0.000000
3949,0.000000
3951,0.000000
3958,0.000000
3961,0.000000
3967,0.000000
3972,0.000000
3974,0.000000
3983,0.000000
4002,0.000000
4022,0.000000
4031,0.000000
4039,0.000000
4045,0.000000
4061,0.000000
4064,0.000000
4071,0.000000
4075,0.000000
4090,0.000000
4091,0.000000
4097,0.000000
4102,0.000000
4120,0.000000
4121,0.000000
4126,0.000000
4127,0.000000
4134,0.000000
4135,0.000000
4138,0.000000
4142,0.000000
4149,0.000000
4160,0.000000
4166,0.000000
4170,0.000000
4172,0.000000
4188,0.000000
4190,0.000000
4191,0.000000
4200,0.000000
4204,0.000000
4222,0.000000
4233,0.000000
4246,0.000000
4251,0.000000
4252,0.000000
4259,0.000000
4269,0.000000
4283,0.000000
4293,0.000000
4306,0.000000
4310,0.000000
4312,0.000000
4313,0.000000
4316,0.000000
4320,0.000000
4331,0.000000
4343,0.000000
4346,0.000000
4373,0.000000
4378,0.000000
4382,0.000000
4383,0.000000
4385,0.000000
4393,0.000000
4399,0.000000
4408,0.000000
4413,0.000000
4415,0.000000
4424,0.000000
4425,0.000000
4428,0.000000
4430,0.000000
4434,0.000000
4446,0.000000
4447,0.000000
4457,0.000000
4458,0.000000
4466,0.000000
4473,0.000000
4482,0.000000
4487,0.000000
4488,0.000000
4491,0.000000
4495,0.000000
4512,0.000000
4520,0.000000
4528,0.000000
4536,0.000000
4538,0.000000
4541,0.000000
4551,0.000000
4556,0.000000
4560,0.000000
4573,0.000000
4603,0.000000
4606,0.000000
4616,0.000000
4621,0.000000
4623,0.000000
4626,0.000000
4631,0.000000
4639,0.000000
4645,0.000000
4654,0.000000
4656,0.000000
4659,0.000000
4671,0.000000
4675,0.000000
4687,0.000000
4689,0.000000
4691,0.000000
4694,0.000000
4705,0.000000
4708,0.000000
4716,0.000000
4721,0.000000
4722,0.000000
4731,0.000000
4746,0.000000
4752,0.000000
4761,0.000000
4764,0.000000
4765,0.000000
4768,0.000000
4770,0.000000
4777,0.000000
4783,0.000000
4785,0.000000
4798,0.000000
4806,0.000000
4815,0.000000
4835,0.000000
4839,0.000000
4842,0.000000
4844,0.000000
4845,0.000000
4861,0.000000
4865,0.000000
4879,0.000000
4881,0.000000
4900,0.000000
4904,0.000000
4906,0.000000
4911,0.000000
4914,0.000000
4921,0.000000
4927,0.000000
4929,0.000000
4951,0.000000
4963,0.000000
4968,0.000000
4971,0.000000
4984,0.000000
4987,0.000000
5013,0.000000
5015,0.000000
5030,0.000000
5035,0.000000
5040,0.000000
5045,0.000000
5054,0.000000
5060,0.000000
5070,0.000000
5072,0.000000
5075,0.000000
5079,0.000000
5082,0.000000
5086,0.000000
5088,0.000000
5089,0.000000
5093,0.000000
5096,0.000000
5100,0.000000
5109,0.000000
5114,0.000000
5123,0.000000
5143,0.000000
5148,0.000000
5151,0.000000
5159,0.000000
5160,0.000000
5167,0.000000
5174,0.000000
5176,0.000000
5197,0.000000
5206,0.000000
5214,0.000000
5215,0.000000
5221,0.000000
5223,0.000000
5224,0.000000
5232,0.000000
5233,0.000000
5254,0.000000
5264,0.000000
5267,0.000000
5277,0.000000
5284,0.000000
5292,0.000000
5293,0.000000
5297,0.000000
5303,0.000000
5318,0.000000
5325,0.000000
5327,0.000000
5333,0.000000
5340,0.000000
5344,0.000000
5346,0.000000
5349,0.000000
5356,0.000000
5370,0.000000
5376,0.000000
5379,0.000000
5401,0.000000
5405,0.000000
5415,0.000000
5418,0.000000
5431,0.000000
5435,0.000000
5436,0.000000
5442,0.000000
5450,0.000000
5470,0.000000
5472,0.000000
5473,0.000000
5475,0.000000
5480,0.000000
5484,0.000000
5516,0.000000
5518,0.000000
5520,0.000000
5525,0.000000
5526,0.000000
5529,0.000000
5538,0.000000
5547,0.000000
5551,0.000000
5581,0.000000
5583,0.000000
5585,0.000000
5588,0.000000
5589,0.000000
5590,0.000000
5594,0.000000
5605,0.000000
5613,0.000000
5624,0.000000
5637,0.000000
5647,0.000000
5649,0.000000
5651,0.000000
5658,0.000000
5663,0.000000
5666,0.000000
5670,0.000000
5673,0.000000
5679,0.000000
5681,0.000000
5690,0.000000
5704,0.000000
5714,0.000000
5717,0.000000
5726,0.000000
5728,0.000000
5736,0.000000
5738,0.000000
5758,0.000000
5773,0.000000
5781,0.000000
5785,0.000000
5794,0.000000
5804,0.000000
5805,0.000000
5809,0.000000
5812,0.000000
5814,0.000000
5818,0.000000
5829,0.000000
5832,0.000000
5837,0.000000
5850,0.000000
5856,0.000000
5859,0.000000
5864,0.000000
5874,0.000000
5881,0.000000
5884,0.000000
5886,0.000000
5897,0.000000
5900,0.000000
5903,0.000000
5910,0.000000
5921,0.000000
5924,0.000000
5936,0.000000
5942,0.000000
5947,0.000000
5960,0.000000
5961,0.000000
5963,0.000000
5966,0.000000
5972,0.000000
5973,0.000000
5978,0.000000
5979,0.000000
5991,0.000000
6002,0.000000
6005,0.000000
6009,0.000000
6020,0.000000
6022,0.000000
6025,0.000000
6034,0.000000
6037,0.000000
6039,0.000000
6048,0.000000
6055,0.000000
6062,0.000000
6067,0.000000
6069,0.000000
6074,0.000000
6081,0.000000
6083,0.000000
6085,0.000000
6087,0.000000
6089,0.000000
6092,0.000000
6110,0.000000
6116,0.000000
6117,0.000000
6119,0.000000
6122,0.000000
6124,0.000000
6131,0.000000
6132,0.000000
6143,0.000000
6146,0.000000
6147,0.000000
6148,0.000000
6151,0.000000
6157,0.000000
6160,0.000000
6163,0.000000
6167,0.000000
6172,0.000000
6175,0.000000
6181,0.000000
6182,0.000000
6183,0.000000
6189,0.000000
6191,0.000000
6203,0.000000
6206,0.000000
6212,0.000000
6213,0.000000
6226,0.000000
6227,0.000000
6242,0.000000
6252,0.000000
6255,0.000000
6272,0.000000
6274,0.000000
6279,0.000000
6291,0.000000
6307,0.000000
6310,0.000000
6315,0.000000
6316,0.000000
6322,0.000000
6327,0.000000
6335,0.000000
6338,0.000000
6346,0.000000
6347,0.000000
6359,0.000000
6368,0.000000
6375,0.000000
6378,0.000000
6384,0.000000
6387,0.000000
6396,0.000000
6398,0.000000
6401,0.000000
6406,0.000000
6408,0.000000
6414,0.000000
6429,0.000000
6442,0.000000
6446,0.000000
6448,0.000000
6468,0.000000
6472,0.000000
6483,0.000000
6486,0.000000
6490,0.000000
6497,0.000000
6500,0.000000
6501,0.000000
6503,0.000000
6504,0.000000
6509,0.000000
6513,0.000000
6518,0.000000
6520,0.000000
6529,0.000000
6539,0.000000
6543,0.000000
6549,0.000000
6556,0.000000
6565,0.000000
6573,0.000000
6591,0.000000
6595,0.000000
6609,0.000000
6614,0.000000
6616,0.000000
6618,0.000000
6623,0.000000
6626,0.000000
6630,0.000000
6640,0.000000
6643,0.000000
6648,0.000000
6649,0.000000
6663,0.000000
6673,0.000000
6684,0.000000
6686,0.000000
6696,0.000000
6697,0.000000
6698,0.000000
6703,0.000000
6717,0.000000
6720,0.000000
6724,0.000000
6726,0.000000
6728,0.000000
6732,0.000000
6737,0.000000
6741,0.000000
6753,0.000000
6756,0.000000
6766,0.000000
6768,0.000000
6779,0.000000
6786,0.000000
6790,0.000000
6793,0.000000
6796,0.000000
6799,0.000000
6800,0.000000
6801,0.000000
6807,0.000000
6808,0.000000
6811,0.000000
6814,0.000000
6821,0.000000
6831,0.000000
6832,0.000000
6843,0.000000
6845,0.000000
6847,0.000000
6850,0.000000
6852,0.000000
6857,0.000000
6862,0.000000
6864,0.000000
6870,0.000000
6876,0.000000
6877,0.000000
6878,0.000000
6879,0.000000
6883,0.000000
6885,0.000000
6890,0.000000
6892,0.000000
6895,0.000000
6896,0.000000
6897,0.000000
6909,0.000000
6922,0.000000
6926,0.000000
6927,0.000000
6928,0.000000
6933,0.000000
6942,0.000000
6944,0.000000
6946,0.000000
6950,0.000000
6955,0.000000
6966,0.000000
6971,0.000000
6977,0.000000
6983,0.000000
6987,0.000000
6988,0.000000
6997,0.000000
7000,0.000000
7001,0.000000
7006,0.000000
7012,0.000000
7015,0.000000
7016,0.000000
7026,0.000000
7028,0.000000
7034,0.000000
7036,0.000000
7037,0.000000
7039,0.000000
7055,0.000000
7057,0.000000
7063,0.000000
7066,0.000000
7069,0.000000
7088,0.000000
7090,0.000000
7092,0.000000
7093,0.000000
7106,0.000000
7111,0.000000
7113,0.000000
7115,0.000000
7121,0.000000
7122,0.000000
7125,0.000000
7131,0.000000
7134,0.000000
7135,0.000000
7138,0.000000
7143,0.000000
7146,0.000000
7147,0.000000
7149,0.000000
7156,0.000000
7158,0.000000
7160,0.000000
7161,0.000000
7181,0.000000
7185,0.000000
7191,0.000000
7209,0.000000
7215,0.000000
7229,0.000000
7231,0.000000
7234,0.000000
7237,0.000000
7240,0.000000
7242,0.000000
7245,0.000000
7246,0.000000
7248,0.000000
7258,0.000000
7266,0.000000
7270,0.000000
7271,0.000000
7278,0.000000
7281,0.000000
7286,0.000000
7294,0.000000
7300,0.000000
7304,0.000000
7312,0.000000
7315,0.000000
7320,0.000000
7325,0.000000
7330,0.000000
7335,0.000000
7345,0.000000
7354,0.000000
7360,0.000000
7365,0.000000
7368,0.000000
7371,0.000000
7374,0.000000
7375,0.000000
7376,0.000000
7378,0.000000
7379,0.000000
7385,0.000000
7388,0.000000
7405,0.000000
7415,0.000000
7421,0.000000
7423,0.000000
7436,0.000000
7449,0.000000
7450,0.000000
7451,0.000000
7453,0.000000
7460,0.000000
7470,0.000000
7474,0.000000
7478,0.000000
7481,0.000000
7490,0.000000
7492,0.000000
7493,0.000000
7494,0.000000
7496,0.000000
7503,0.000000
7514,0.000000
7521,0.000000
7524,0.000000
7530,0.000000
7536,0.000000
7539,0.000000
7544,0.000000
7549,0.000000
7550,0.000000
7553,0.000000
7558,0.000000
7559,0.000000
7566,0.000000
7574,0.000000
7596,0.000000
7605,0.000000
7617,0.000000
7624,0.000000
7626,0.000000
7632,0.000000
7639,0.000000
7644,0.000000
7647,0.000000
7651,0.000000
7660,0.000000
7664,0.000000
7665,0.000000
7678,0.000000
7682,0.000000
7690,0.000000
7699,0.000000
7709,0.000000
7710,0.000000
7717,0.000000
7718,0.000000
7720,0.000000
7722,0.000000
7726,0.000000
7727,0.000000
7729,0.000000
7737,0.000000
7740,0.000000
7742,0.000000
7744,0.000000
7746,0.000000
7752,0.000000
7761,0.000000
7764,0.000000
7771,0.000000
7773,0.000000
7779,0.000000
7782,0.000000
7785,0.000000
7786,0.000000
7787,0.000000
7788,0.000000
7790,0.000000
7797,0.000000
7803,0.000000
7806,0.000000
7814,0.000000
7817,0.000000
7818,0.000000
7820,0.000000
7821,0.000000
7827,0.000000
7831,0.000000
7834,0.000000
7840,0.000000
7847,0.000000
7851,0.000000
7855,0.000000
7859,0.000000
7862,0.000000
7863,0.000000
7866,0.000000
7870,0.000000
7872,0.000000
7892,0.000000
7902,0.000000
7904,0.000000
7908,0.000000
7912,0.000000
7914,0.000000
7921,0.000000
7922,0.000000
7926,0.000000
7928,0.000000
7931,0.000000
7938,0.000000
7939,0.000000
7943,0.000000
7944,0.000000
7949,0.000000
7952,0.000000
7960,0.000000
7964,0.000000
7966,0.000000
7970,0.000000
7973,0.000000
7975,0.000000
7982,0.000000
7985,0.000000
7986,0.000000
7993,0.000000
8002,0.000000
8003,0.000000
8005,0.000000
8011,0.000000
8013,0.000000
8014,0.000000
8015,0.000000
8016,0.000000
8023,0.000000
8034,0.000000
8036,0.000000
8037,0.000000
8044,0.000000
8050,0.000000
8051,0.000000
8052,0.000000
8062,0.000000
8063,0.000000
8066,0.000000
8067,0.000000
8078,0.000000
8082,0.000000
8087,0.000000
8088,0.000000
8093,0.000000
8095,0.000000
8108,0.000000
8115,0.000000
8116,0.000000
8120,0.000000
8125,0.000000
8127,0.000000
8129,0.000000
8141,0.000000
8142,0.000000
8144,0.000000
8145,0.000000
8149,0.000000
8155,0.000000
8158,0.000000
8162,0.000000
8163,0.000000
8176,0.000000
8178,0.000000
8186,0.000000
8190,0.000000
8191,0.000000
8192,0.000000
8193,0.000000
8197,0.000000
8202,0.000000
8211,0.000000
8218,0.000000
8221,0.000000
8227,0.000000
8235,0.000000
8240,0.000000
8244,0.000000
8245,0.000000
8248,0.000000
8252,0.000000
8256,0.000000
8264,0.000000
8272,0.000000
8273,0.000000
8278,0.000000
8280,0.000000
8293,0.000000
8304,0.000000
8306,0.000000
8308,0.000000
8314,0.000000
8320,0.000000
8322,0.000000
8324,0.000000
8328,0.000000
8329,0.000000
8341,0.000000
8342,0.000000
8343,0.000000
8347,0.000000
8351,0.000000
8359,0.000000
8365,0.000000
8376,0.000000
8379,0.000000
8388,0.000000
8390,0.000000
8392,0.000000
8393,0.000000
8394,0.000000
8401,0.000000
8402,0.000000
8405,0.000000
8406,0.000000
8412,0.000000
8416,0.000000
8419,0.000000
8422,0.000000
8424,0.000000
8429,0.000000
8435,0.000000
8441,0.000000
8443,0.000000
8444,0.000000
8448,0.000000
8451,0.000000
8452,0.000000
8454,0.000000
8457,0.000000
8458,0.000000
8459,0.000000
8460,0.000000
8461,0.000000
8468,0.000000
8473,0.000000
8474,0.000000
8479,0.000000
8484,0.000000
8491,0.000000
8497,0.000000
8499,0.000000
8500,0.000000
8502,0.000000
8509,0.000000
8511,0.000000
8513,0.000000
8519,0.000000
8520,0.000000
8525,0.000000
8526,0.000000
8530,0.000000
8532,0.000000
8533,0.000000
8536,0.000000
8539,0.000000
8545,0.000000
8546,0.000000
8549,0.000000
8550,0.000000
8551,0.000000
8555,0.000000
8557,0.000000
8564,0.000000
8568,0.000000
8573,0.000000
8574,0.000000
8580,0.000000
8581,0.000000
8589,0.000000
8591,0.000000
8598,0.000000
8609,0.000000
8611,0.000000
8615,0.000000
8622,0.000000
8625,0.000000
8627,0.000000
8628,0.000000
8637,0.000000
8647,0.000000
8654,0.000000
8658,0.000000
8661,0.000000
8664,0.000000
8666,0.000000
8677,0.000000
8678,0.000000
8690,0.000000
8693,0.000000
8697,0.000000
8698,0.000000
8700,0.000000
8706,0.000000
8709,0.000000
8712,0.000000
8714,0.000000
8718,0.000000
8719,0.000000
8724,0.000000
8725,0.000000
8736,0.000000
8739,0.000000
8743,0.000000
8749,0.000000
8753,0.000000
8755,0.000000
8757,0.000000
8765,0.000000
8766,0.000000
8770,0.000000
8777,0.000000
8783,0.000000
8787,0.000000
8795,0.000000
8798,0.000000
8799,0.000000
8805,0.000000
8808,0.000000
8812,0.000000
8814,0.000000
8815,0.000000
8817,0.000000
8826,0.000000
8828,0.000000
8835,0.000000
8842,0.000000
8844,0.000000
8846,0.000000
8847,0.000000
8853,0.000000
8854,0.000000
8866,0.000000
8872,0.000000
8874,0.000000
8879,0.000000
8880,0.000000
8885,0.000000
8890,0.000000
8891,0.000000
8904,0.000000
8906,0.000000
8907,0.000000
8910,0.000000
8914,0.000000
8932,0.000000
8933,0.000000
8935,0.000000
8939,0.000000
8941,0.000000
8943,0.000000
8948,0.000000
8955,0.000000
8956,0.000000
8964,0.000000
8966,0.000000
8971,0.000000
8973,0.000000
8976,0.000000
8978,0.000000
8986,0.000000
8989,0.000000
8990,0.000000
8991,0.000000
8995,0.000000
9000,0.000000
9003,0.000000
9008,0.000000
9011,0.000000
9013,0.000000
9015,0.000000
9018,0.000000
9020,0.000000
9027,0.000000
9038,0.000000
9040,0.000000
9041,0.000000
9045,0.000000
9049,0.000000
9052,0.000000
9060,0.000000
9065,0.000000
9066,0.000000
9069,0.000000
9079,0.000000
9082,0.000000
9083,0.000000
9084,0.000000
9088,0.000000
9090,0.000000
9091,0.000000
9095,0.000000
9104,0.000000
9105,0.000000
9108,0.000000
9111,0.000000
9115,0.000000
9131,0.000000
9138,0.000000
9142,0.000000
9149,0.000000
9154,0.000000
9161,0.000000
9165,0.000000
9167,0.000000
9168,0.000000
9169,0.000000
9170,0.000000
9171,0.000000
9173,0.000000
9179,0.000000
9185,0.000000
9195,0.000000
9199,0.000000
9201,0.000000
9203,0.000000
9213,0.000000
9216,0.000000
9220,0.000000
9223,0.000000
9225,0.000000
9231,0.000000
9234,0.000000
9237,0.000000
9243,0.000000
9246,0.000000
9251,0.000000
9253,0.000000
9257,0.000000
9258,0.000000
9263,0.000000
9264,0.000000
9267,0.000000
9268,0.000000
9271,0.000000
9276,0.000000
9278,0.000000
9281,0.000000
9283,0.000000
9290,0.000000
9295,0.000000
9297,0.000000
9298,0.000000
9306,0.000000
9309,0.000000
9317,0.000000
9323,0.000000
9324,0.000000
9326,0.000000
9329,0.000000
9333,0.000000
9335,0.000000
9336,0.000000
9337,0.000000
9350,0.000000
9359,0.000000
9361,0.000000
9369,0.000000
9370,0.000000
9371,0.000000
9373,0.000000
9379,0.000000
9384,0.000000
9385,0.000000
9389,0.000000
9390,0.000000
9391,0.000000
9393,0.000000
9401,0.000000
9408,0.000000
9410,0.000000
9412,0.000000
9413,0.000000
9414,0.000000
9415,0.000000
9417,0.000000
9424,0.000000
9434,0.000000
9445,0.000000
9447,0.000000
9449,0.000000
9456,0.000000
9466,0.000000
9469,0.000000
9472,0.000000
9477,0.000000
9483,0.000000
9487,0.000000
9489,0.000000
9492,0.000000
9495,0.000000
9496,0.000000
9500,0.000000
9502,0.000000
9506,0.000000
9509,0.000000
9512,0.000000
9514,0.000000
9525,0.000000
9526,0.000000
9530,0.000000
9532,0.000000
9533,0.000000
9537,0.000000
9544,0.000000
9546,0.000000
9547,0.000000
9549,0.000000
9554,0.000000
9556,0.000000
9559,0.000000
9561,0.000000
9562,0.000000
9567,0.000000
9573,0.000000
9576,0.000000
9577,0.000000
9583,0.000000
9590,0.000000
9596,0.000000
9597,0.000000
9600,0.000000
9603,0.000000
9609,0.000000
9615,0.000000
9622,0.000000
9625,0.000000
9635,0.000000
9649,0.000000
9651,0.000000
9656,0.000000
9657,0.000000
9660,0.000000
9662,0.000000
9665,0.000000
9667,0.000000
9668,0.000000
9675,0.000000
9680,0.000000
9685,0.000000
9696,0.000000
9698,0.000000
9702,0.000000
9704,0.000000
9711,0.000000
9713,0.000000
9718,0.000000
9721,0.000000
9723,0.000000
9725,0.000000
9728,0.000000
9732,0.000000
9743,0.000000
9752,0.000000
9756,0.000000
9758,0.000000
9761,0.000000
9765,0.000000
9779,0.000000
9781,0.000000
9785,0.000000
9788,0.000000
9792,0.000000
9794,0.000000
9799,0.000000
9800,0.000000
9802,0.000000
9803,0.000000
9806,0.000000
9809,0.000000
9812,0.000000
9816,0.000000
9819,0.000000
9820,0.000000
9824,0.000000
9829,0.000000
9830,0.000000
9834,0.000000
9840,0.000000
9842,0.000000
9848,0.000000
9849,0.000000
9853,0.000000
9857,0.000000
9861,0.000000
9866,0.000000
9867,0.000000
9868,0.000000
9869,0.000000
9871,0.000000
9875,0.000000
9876,0.000000
9878,0.000000
9880,0.000000
9882,0.000000
9884,0.000000
9885,0.000000
9890,0.000000
9893,0.000000
9894,0.000000
9899,0.000000
9908,0.000000
9909,0.000000
9911,0.000000
9917,0.000000
9925,0.000000
9929,0.000000
9936,0.000000
9941,0.000000
9943,0.000000
9946,0.000000
9948,0.000000
9952,0.000000
9954,0.000000
9955,0.000000
9959,0.000000
9978,0.000000
9979,0.000000
9985,0.000000
9991,0.000000
9995,0.000000
9996,0.000000
9998,0.000000
10004,0.000000
10010,0.000000
10015,0.000000
10018,0.000000
10025,0.000000
10031,0.000000
10032,0.000000
10038,0.000000
10042,0.000000
10044,0.000000
10061,0.000000
10069,0.000000
10070,0.000000
10073,0.000000
10075,0.000000
10082,0.000000
10088,0.000000
10092,0.000000
10096,0.000000
10097,0.000000
10102,0.000000
10104,0.000000
10112,0.000000
10117,0.000000
10118,0.000000
10125,0.000000
10127,0.000000
10130,0.000000
10136,0.000000
10138,0.000000
10142,0.000000
10144,0.000000
10145,0.000000
10146,0.000000
10147,0.000000
10149,0.000000
10150,0.000000
10152,0.000000
10155,0.000000
10157,0.000000
10162,0.000000
10168,0.000000
10172,0.000000
10184,0.000000
10185,0.000000
10193,0.000000
10194,0.000000
10200,0.000000
10206,0.000000
10207,0.000000
10208,0.000000
10218,0.000000
10223,0.000000
10225,0.000000
10228,0.000000
10229,0.000000
10230,0.000000
10239,0.000000
10241,0.000000
10249,0.000000
10250,0.000000
10252,0.000000
10260,0.000000
10262,0.000000
10267,0.000000
10270,0.000000
10272,0.000000
10275,0.000000
10287,0.000000
10289,0.000000
10291,0.000000
10293,0.000000
10294,0.000000
10295,0.000000
10296,0.000000
10298,0.000000
10303,0.000000
10306,0.000000
10307,0.000000
10308,0.000000
10314,0.000000
10320,0.000000
10323,0.000000
10324,0.000000
10328,0.000000
10335,0.000000
10338,0.000000
10342,0.000000
10344,0.000000
10349,0.000000
10352,0.000000
10353,0.000000
10356,0.000000
10371,0.000000
10375,0.000000
10378,0.000000
10382,0.000000
10393,0.000000
10395,0.000000
10397,0.000000
10400,0.000000
10403,0.000000
10406,0.000000
10407,0.000000
10416,0.000000
10417,0.000000
10420,0.000000
10421,0.000000
10424,0.000000
10428,0.000000
10429,0.000000
10430,0.000000
10441,0.000000
10442,0.000000
10450,0.000000
10459,0.000000
10461,0.000000
10463,0.000000
10467,0.000000
10468,0.000000
10473,0.000000
10475,0.000000
10479,0.000000
10480,0.000000
10481,0.000000
10482,0.000000
10487,0.000000
10491,0.000000
10493,0.000000
10494,0.000000
10508,0.000000
10509,0.000000
10514,0.000000
10516,0.000000
10522,0.000000
10525,0.000000
10533,0.000000
10535,0.000000
10536,0.000000
10551,0.000000
10559,0.000000
10561,0.000000
10562,0.000000
10569,0.000000
10571,0.000000
10575,0.000000
10578,0.000000
10581,0.000000
10585,0.000000
10589,0.000000
10591,0.000000
10592,0.000000
10595,0.000000
10598,0.000000
10599,0.000000
10602,0.000000
10605,0.000000
10606,0.000000
10608,0.000000
10609,0.000000
10610,0.000000
10614,0.000000
10617,0.000000
10618,0.000000
10624,0.000000
10626,0.000000
10628,0.000000
10629,0.000000
10631,0.000000
10638,0.000000
10643,0.000000
10647,0.000000
10648,0.000000
10649,0.000000
10650,0.000000
10653,0.000000
10655,0.000000
10656,0.000000
10661,0.000000
10665,0.000000
10666,0.000000
10669,0.000000
10672,0.000000
10674,0.000000
10679,0.000000
10681,0.000000
10683,0.000000
10687,0.000000
10705,0.000000
10706,0.000000
10707,0.000000
10710,0.000000
10719,0.000000
10721,0.000000
10729,0.000000
10731,0.000000
10734,0.000000
10737,0.000000
10739,0.000000
10744,0.000000
10748,0.000000
10753,0.000000
10757,0.000000
10760,0.000000
10767,0.000000
10775,0.000000
10776,0.000000
10780,0.000000
10783,0.000000
10792,0.000000
10794,0.000000
10797,0.000000
10803,0.000000
10808,0.000000
10809,0.000000
10810,0.000000
10817,0.000000
10819,0.000000
10824,0.000000
10829,0.000000
10831,0.000000
10832,0.000000
10834,0.000000
10845,0.000000
10846,0.000000
10854,0.000000
10863,0.000000
10873,0.000000
10875,0.000000
10877,0.000000
10881,0.000000
10883,0.000000
10884,0.000000
10885,0.000000
10891,0.000000
10892,0.000000
10893,0.000000
10897,0.000000
10898,0.000000
10905,0.000000
10912,0.000000
10914,0.000000
10917,0.000000
10924,0.000000
10926,0.000000
10929,0.000000
10932,0.000000
10933,0.000000
10934,0.000000
10937,0.000000
10939,0.000000
10945,0.000000
10951,0.000000
10953,0.000000
10962,0.000000
10966,0.000000
10968,0.000000
10970,0.000000
10971,0.000000
10972,0.000000
10982,0.000000
10985,0.000000
10987,0.000000
10991,0.000000
10992,0.000000
10995,0.000000
11005,0.000000
11006,0.000000
11009,0.000000
11012,0.000000
11018,0.000000
11020,0.000000
11021,0.000000
11022,0.000000
11026,0.000000
11028,0.000000
11029,0.000000
11030,0.000000
11035,0.000000
11037,0.000000
11038,0.000000
11044,0.000000
11049,0.000000
11057,0.000000
11067,0.000000
11069,0.000000
11081,0.000000
11082,0.000000
11086,0.000000
11087,0.000000
11088,0.000000
11090,0.000000
11091,0.000000
11093,0.000000
11095,0.000000
11098,0.000000
11104,0.000000
11106,0.000000
11107,0.000000
11108,0.000000
11109,0.000000
11110,0.000000
11113,0.000000
11114,0.000000
11119,0.000000
11122,0.000000
11123,0.000000
11124,0.000000
11130,0.000000
11132,0.000000
11136,0.000000
11137,0.000000
11143,0.000000
11146,0.000000
11152,0.000000
11157,0.000000
11160,0.000000
11167,0.000000
11170,0.000000
11174,0.000000
11178,0.000000
11180,0.000000
11181,0.000000
11187,0.000000
11188,0.000000
11194,0.000000
11195,0.000000
11198,0.000000
11201,0.000000
11204,0.000000
11207,0.000000
11208,0.000000
11210,0.000000
11214,0.000000
11215,0.000000
11219,0.000000
11222,0.000000
11228,0.000000
11230,0.000000
11231,0.000000
11239,0.000000
11240,0.000000
11241,0.000000
11244,0.000000
11247,0.000000
11248,0.000000
11250,0.000000
11253,0.000000
11258,0.000000
11263,0.000000
11264,0.000000
11266,0.000000
11268,0.000000
11271,0.000000
11279,0.000000
11281,0.000000
11283,0.000000
11286,0.000000
11296,0.000000
11302,0.000000
11309,0.000000
11311,0.000000
11314,0.000000
11315,0.000000
11316,0.000000
11317,0.000000
11320,0.000000
11322,0.000000
11323,0.000000
11324,0.000000
11326,0.000000
11327,0.000000
11329,0.000000
11338,0.000000
11344,0.000000
11346,0.000000
11349,0.000000
11350,0.000000
11353,0.000000
11359,0.000000
11365,0.000000
11377,0.000000
11387,0.000000
11393,0.000000
11395,0.000000
11401,0.000000
11402,0.000000
11403,0.000000
11411,0.000000
11417,0.000000
11420,0.000000
11425,0.000000
11427,0.000000
11428,0.000000
11429,0.000000
11433,0.000000
11434,0.000000
11440,0.000000
11444,0.000000
11445,0.000000
11447,0.000000
11448,0.000000
11449,0.000000
11455,0.000000
11456,0.000000
11458,0.000000
11459,0.000000
11467,0.000000
11470,0.000000
11471,0.000000
11473,0.000000
11475,0.000000
11478,0.000000
11479,0.000000
11480,0.000000
11484,0.000000
11485,0.000000
11494,0.000000
11496,0.000000
11498,0.000000
11501,0.000000
11504,0.000000
11505,0.000000
11510,0.000000
11517,0.000000
11519,0.000000
11526,0.000000
11527,0.000000
11529,0.000000
11531,0.000000
11535,0.000000
11539,0.000000
11540,0.000000
11547,0.000000
11550,0.000000
11551,0.000000
11553,0.000000
11557,0.000000
11558,0.000000
11562,0.000000
11566,0.000000
11568,0.000000
11569,0.000000
11571,0.000000
11573,0.000000
11577,0.000000
11579,0.000000
11583,0.000000
11584,0.000000
11587,0.000000
11590,0.000000
11594,0.000000
11602,0.000000
11605,0.000000
11607,0.000000
11612,0.000000
11614,0.000000
11615,0.000000
11618,0.000000
11620,0.000000
11622,0.000000
11625,0.000000
11626,0.000000
11631,0.000000
11632,0.000000
11633,0.000000
11637,0.000000
11638,0.000000
11639,0.000000
11641,0.000000
11646,0.000000
11652,0.000000
11653,0.000000
11657,0.000000
11659,0.000000
11666,0.000000
11671,0.000000
11673,0.000000
11677,0.000000
11679,0.000000
11686,0.000000
11687,0.000000
11689,0.000000
11691,0.000000
11698,0.000000
11701,0.000000
11702,0.000000
11704,0.000000
11712,0.000000
11724,0.000000
11730,0.000000
11734,0.000000
11740,0.000000
11742,0.000000
11743,0.000000
11745,0.000000
11748,0.000000
11752,0.000000
11757,0.000000
11762,0.000000
11766,0.000000
11769,0.000000
11771,0.000000
11773,0.000000
11778,0.000000
11779,0.000000
11782,0.000000
11783,0.000000
11786,0.000000
11792,0.000000
11797,0.000000
11800,0.000000
11807,0.000000
11810,0.000000
11816,0.000000
11821,0.000000
11822,0.000000
11826,0.000000
11829,0.000000
11830,0.000000
11831,0.000000
11842,0.000000
11845,0.000000
11846,0.000000
11853,0.000000
11858,0.000000
11861,0.000000
11873,0.000000
11874,0.000000
11877,0.000000
11885,0.000000
11887,0.000000
11892,0.000000
11894,0.000000
11900,0.000000
11902,0.000000
11904,0.000000
11905,0.000000
11906,0.000000
11909,0.000000
11914,0.000000
11918,0.000000
11922,0.000000
11924,0.000000
11931,0.000000
11935,0.000000
11937,0.000000
11939,0.000000
11940,0.000000
11944,0.000000
11946,0.000000
11947,0.000000
11948,0.000000
11955,0.000000
11958,0.000000
11972,0.000000
11975,0.000000
11983,0.000000
11987,0.000000
11993,0.000000
11994,0.000000
11995,0.000000
12003,0.000000
12008,0.000000
12009,0.000000
12010,0.000000
12016,0.000000
12024,0.000000
12026,0.000000
12028,0.000000
12032,0.000000
12033,0.000000
12037,0.000000
12042,0.000000
12046,0.000000
12056,0.000000
12062,0.000000
12063,0.000000
12065,0.000000
12070,0.000000
12074,0.000000
12079,0.000000
12080,0.000000
12081,0.000000
12083,0.000000
12086,0.000000
12096,0.000000
12097,0.000000
12102,0.000000
12103,0.000000
12104,0.000000
12110,0.000000
12118,0.000000
12120,0.000000
12129,0.000000
12132,0.000000
12134,0.000000
12135,0.000000
12138,0.000000
12140,0.000000
12141,0.000000
12144,0.000000
12150,0.000000
12152,0.000000
12155,0.000000
12157,0.000000
12159,0.000000
12160,0.000000
12161,0.000000
12164,0.000000
12165,0.000000
12168,0.000000
12170,0.000000
12172,0.000000
12175,0.000000
12177,0.000000
12181,0.000000
12183,0.000000
12190,0.000000
12195,0.000000
12198,0.000000
12201,0.000000
12205,0.000000
12207,0.000000
12209,0.000000
12211,0.000000
12212,0.000000
12218,0.000000
12221,0.000000
12222,0.000000
12224,0.000000
12225,0.000000
12229,0.000000
12238,0.000000
12241,0.000000
12244,0.000000
12245,0.000000
12251,0.000000
12254,0.000000
12255,0.000000
12258,0.000000
12259,0.000000
12266,0.000000
12273,0.000000
12275,0.000000
12277,0.000000
12278,0.000000
12282,0.000000
12283,0.000000
12289,0.000000
12294,0.000000
12298,0.000000
12299,0.000000
12301,0.000000
12304,0.000000
12308,0.000000
12314,0.000000
12315,0.000000
12317,0.000000
12318,0.000000
12320,0.000000
12321,0.000000
12322,0.000000
12323,0.000000
12324,0.000000
12329,0.000000
12330,0.000000
12335,0.000000
12342,0.000000
12343,0.000000
12345,0.000000
12350,0.000000
12354,0.000000
12365,0.000000
12367,0.000000
12369,0.000000
12374,0.000000
12375,0.000000
12376,0.000000
12379,0.000000
12385,0.000000
12387,0.000000
12390,0.000000
12393,0.000000
12395,0.000000
12397,0.000000
12398,0.000000
12401,0.000000
12406,0.000000
12407,0.000000
12409,0.000000
12412,0.000000
12413,0.000000
12423,0.000000
12427,0.000000
12429,0.000000
12431,0.000000
12432,0.000000
12436,0.000000
12438,0.000000
12440,0.000000
12442,0.000000
12446,0.000000
12448,0.000000
12459,0.000000
12463,0.000000
12476,0.000000
12478,0.000000
12479,0.000000
12485,0.000000
12487,0.000000
12488,0.000000
12489,0.000000
12495,0.000000
12498,0.000000
12499,0.000000
12503,0.000000
12512,0.000000
12521,0.000000
12522,0.000000
12529,0.000000
12533,0.000000
12539,0.000000
12540,0.000000
12543,0.000000
12544,0.000000
12546,0.000000
12549,0.000000
12551,0.000000
12552,0.000000
12562,0.000000
12563,0.000000
12564,0.000000
12569,0.000000
12572,0.000000
12573,0.000000
12574,0.000000
12579,0.000000
12580,0.000000
12583,0.000000
12590,0.000000
12592,0.000000
12599,0.000000
12600,0.000000
12602,0.000000
12607,0.000000
12609,0.000000
12610,0.000000
12611,0.000000
12617,0.000000
12619,0.000000
12623,0.000000
12625,0.000000
12628,0.000000
12635,0.000000
12645,0.000000
12648,0.000000
12649,0.000000
12657,0.000000
12658,0.000000
12659,0.000000
12669,0.000000
12671,0.000000
12677,0.000000
12679,0.000000
12683,0.000000
12686,0.000000
12688,0.000000
12692,0.000000
12694,0.000000
12698,0.000000
12711,0.000000
12712,0.000000
12713,0.000000
12725,0.000000
12729,0.000000
12731,0.000000
12732,0.000000
12734,0.000000
12735,0.000000
12738,0.000000
12743,0.000000
12748,0.000000
12749,0.000000
12750,0.000000
12757,0.000000
12758,0.000000
12767,0.000000
12768,0.000000
12769,0.000000
12772,0.000000
12775,0.000000
12779,0.000000
12780,0.000000
12785,0.000000
12788,0.000000
12789,0.000000
12795,0.000000
12800,0.000000
12801,0.000000
12806,0.000000
12808,0.000000
12809,0.000000
12810,0.000000
12813,0.000000
12816,0.000000
12823,0.000000
12828,0.000000
12834,0.000000
12835,0.000000
12836,0.000000
12840,0.000000
12842,0.000000
12843,0.000000
12850,0.000000
12856,0.000000
12864,0.000000
12873,0.000000
12875,0.000000
12877,0.000000
12888,0.000000
12889,0.000000
12891,0.000000
12894,0.000000
12901,0.000000
12903,0.000000
12904,0.000000
12909,0.000000
12911,0.000000
12914,0.000000
12917,0.000000
12919,0.000000
12922,0.000000
12924,0.000000
12925,0.000000
12928,0.000000
12934,0.000000
12937,0.000000
12949,0.000000
12955,0.000000
12959,0.000000
12963,0.000000
12965,0.000000
12968,0.000000
12969,0.000000
12976,0.000000
12977,0.000000
12979,0.000000
12984,0.000000
12986,0.000000
12992,0.000000
12993,0.000000
12996,0.000000
12999,0.000000
13002,0.000000
13004,0.000000
13005,0.000000
13011,0.000000
13016,0.000000
13020,0.000000
13021,0.000000
13022,0.000000
13027,0.000000
13031,0.000000
13038,0.000000
13039,0.000000
13040,0.000000
13046,0.000000
13047,0.000000
13050,0.000000
13053,0.000000
13055,0.000000
13058,0.000000
13060,0.000000
13062,0.000000
13064,0.000000
13068,0.000000
13070,0.000000
13071,0.000000
13074,0.000000
13078,0.000000
13080,0.000000
13081,0.000000
13083,0.000000
13086,0.000000
13088,0.000000
13089,0.000000
13090,0.000000
13093,0.000000
13096,0.000000
13097,0.000000
13107,0.000000
13111,0.000000
13115,0.000000
13116,0.000000
13118,0.000000
13120,0.000000
13125,0.000000
13128,0.000000
13129,0.000000
13136,0.000000
13143,0.000000
13147,0.000000
13149,0.000000
13150,0.000000
13154,0.000000
13161,0.000000
13162,0.000000
13164,0.000000
13167,0.000000
13169,0.000000
13173,0.000000
13176,0.000000
13181,0.000000
13184,0.000000
13185,0.000000
13188,0.000000
13190,0.000000
13193,0.000000
13197,0.000000
13201,0.000000
13204,0.000000
13207,0.000000
13208,0.000000
13214,0.000000
13215,0.000000
13216,0.000000
13217,0.000000
13223,0.000000
13227,0.000000
13229,0.000000
13231,0.000000
13235,0.000000
13237,0.000000
13238,0.000000
13241,0.000000
13244,0.000000
13250,0.000000
13253,0.000000
13255,0.000000
13256,0.000000
13260,0.000000
13263,0.000000
13269,0.000000
13273,0.000000
13283,0.000000
13291,0.000000
13293,0.000000
13294,0.000000
13295,0.000000
13310,0.000000
13312,0.000000
13314,0.000000
13322,0.000000
13324,0.000000
13327,0.000000
13330,0.000000
13339,0.000000
13344,0.000000
13346,0.000000
13347,0.000000
13348,0.000000
13349,0.000000
13353,0.000000
13358,0.000000
13359,0.000000
13360,0.000000
13362,0.000000
13368,0.000000
13370,0.000000
13371,0.000000
13372,0.000000
13382,0.000000
13383,0.000000
13384,0.000000
13385,0.000000
13388,0.000000
13392,0.000000
13394,0.000000
13396,0.000000
13404,0.000000
13407,0.000000
13409,0.000000
13411,0.000000
13413,0.000000
13420,0.000000
13424,0.000000
13428,0.000000
13435,0.000000
13437,0.000000
13439,0.000000
13442,0.000000
13444,0.000000
13445,0.000000
13448,0.000000
13453,0.000000
13454,0.000000
13458,0.000000
13463,0.000000
13466,0.000000
13467,0.000000
13472,0.000000
13476,0.000000
13485,0.000000
13487,0.000000
13489,0.000000
13491,0.000000
13494,0.000000
13497,0.000000
13498,0.000000
13500,0.000000
13501,0.000000
13510,0.000000
13516,0.000000
13521,0.000000
13525,0.000000
13526,0.000000
13529,0.000000
13538,0.000000
13539,0.000000
13543,0.000000
13545,0.000000
13546,0.000000
13551,0.000000
13552,0.000000
13554,0.000000
13561,0.000000
13563,0.000000
13564,0.000000
13570,0.000000
13571,0.000000
13577,0.000000
13578,0.000000
13585,0.000000
13587,0.000000
13589,0.000000
13590,0.000000
13595,0.000000
13597,0.000000
13600,0.000000
13607,0.000000
13611,0.000000
13614,0.000000
13619,0.000000
13629,0.000000
13630,0.000000
13631,0.000000
13633,0.000000
13634,0.000000
13637,0.000000
13639,0.000000
13640,0.000000
13641,0.000000
13646,0.000000
13650,0.000000
13651,0.000000
13654,0.000000
13655,0.000000
13659,0.000000
13663,0.000000
13664,0.000000
13666,0.000000
13668,0.000000
13670,0.000000
13673,0.000000
13675,0.000000
13680,0.000000
13683,0.000000
13686,0.000000
13688,0.000000
13691,0.000000
13695,0.000000
13699,0.000000
13700,0.000000
13701,0.000000
13702,0.000000
13708,0.000000
13718,0.000000
13720,0.000000
13727,0.000000
13732,0.000000
13735,0.000000
13736,0.000000
13738,0.000000
13739,0.000000
13740,0.000000
13743,0.000000
13745,0.000000
13749,0.000000
13757,0.000000
13764,0.000000
13766,0.000000
13771,0.000000
13777,0.000000
13783,0.000000
13789,0.000000
13797,0.000000
13798,0.000000
13803,0.000000
13808,0.000000
13811,0.000000
13813,0.000000
13817,0.000000
13825,0.000000
13830,0.000000
13832,0.000000
13833,0.000000
13835,0.000000
13839,0.000000
13840,0.000000
13843,0.000000
13844,0.000000
13846,0.000000
13854,0.000000
13860,0.000000
13865,0.000000
13869,0.000000
13873,0.000000
13874,0.000000
13881,0.000000
13884,0.000000
13888,0.000000
13889,0.000000
13901,0.000000
13902,0.000000
13908,0.000000
13911,0.000000
13918,0.000000
13921,0.000000
13922,0.000000
13929,0.000000
13935,0.000000
13936,0.000000
13938,0.000000
13941,0.000000
13947,0.000000
13952,0.000000
13958,0.000000
13959,0.000000
13964,0.000000
13970,0.000000
13972,0.000000
13974,0.000000
13980,0.000000
13981,0.000000
13982,0.000000
13988,0.000000
13993,0.000000
13997,0.000000
14003,0.000000
14005,0.000000
14009,0.000000
14010,0.000000
14014,0.000000
14018,0.000000
14021,0.000000
14030,0.000000
14031,0.000000
14035,0.000000
14036,0.000000
14040,0.000000
14041,0.000000
14046,0.000000
14047,0.000000
14049,0.000000
14050,0.000000
14052,0.000000
14054,0.000000
14056,0.000000
14057,0.000000
14064,0.000000
14066,0.000000
14067,0.000000
14068,0.000000
14069,0.000000
14070,0.000000
14077,0.000000
14081,0.000000
14082,0.000000
14083,0.000000
14088,0.000000
14092,0.000000
14095,0.000000
14097,0.000000
14098,0.000000
14099,0.000000
14104,0.000000
14111,0.000000
14112,0.000000
14116,0.000000
14126,0.000000
14128,0.000000
14129,0.000000
14137,0.000000
14140,0.000000
14142,0.000000
14144,0.000000
14146,0.000000
14149,0.000000
14151,0.000000
14152,0.000000
14153,0.000000
14162,0.000000
14166,0.000000
14170,0.000000
14174,0.000000
14177,0.000000
14179,0.000000
14182,0.000000
14185,0.000000
14191,0.000000
14195,0.000000
14200,0.000000
14204,0.000000
14205,0.000000
14210,0.000000
14213,0.000000
14216,0.000000
14218,0.000000
14227,0.000000
14232,0.000000
14233,0.000000
14235,0.000000
14246,0.000000
14247,0.000000
14248,0.000000
14251,0.000000
14254,0.000000
14255,0.000000
14258,0.000000
14261,0.000000
14263,0.000000
14264,0.000000
14268,0.000000
14269,0.000000
14271,0.000000
14272,0.000000
14274,0.000000
14275,0.000000
14281,0.000000
14284,0.000000
14285,0.000000
14290,0.000000
14292,0.000000
14295,0.000000
14299,0.000000
14302,0.000000
14309,0.000000
14312,0.000000
14318,0.000000
14319,0.000000
14320,0.000000
14321,0.000000
14324,0.000000
14325,0.000000
14327,0.000000
14328,0.000000
14330,0.000000
14335,0.000000
14337,0.000000
14340,0.000000
14345,0.000000
14348,0.000000
14356,0.000000
14357,0.000000
14364,0.000000
14368,0.000000
14371,0.000000
14378,0.000000
14380,0.000000
14381,0.000000
14392,0.000000
14397,0.000000
14398,0.000000
14403,0.000000
14406,0.000000
14416,0.000000
14419,0.000000
14421,0.000000
14424,0.000000
14429,0.000000
14432,0.000000
14434,0.000000
14435,0.000000
14437,0.000000
14442,0.000000
14449,0.000000
14452,0.000000
14453,0.000000
14454,0.000000
14455,0.000000
14458,0.000000
14460,0.000000
14463,0.000000
14464,0.000000
14467,0.000000
14469,0.000000
14470,0.000000
14471,0.000000
14472,0.000000
14473,0.000000
14475,0.000000
14477,0.000000
14479,0.000000
14483,0.000000
14486,0.000000
14489,0.000000
14490,0.000000
14493,0.000000
14494,0.000000
14498,0.000000
14503,0.000000
14504,0.000000
14507,0.000000
14510,0.000000
14511,0.000000
14513,0.000000
14516,0.000000
14519,0.000000
14522,0.000000
14525,0.000000
14528,0.000000
14537,0.000000
14542,0.000000
14543,0.000000
14547,0.000000
14557,0.000000
14559,0.000000
14560,0.000000
14562,0.000000
14566,0.000000
14570,0.000000
14571,0.000000
14575,0.000000
14577,0.000000
14588,0.000000
14591,0.000000
14592,0.000000
14593,0.000000
14600,0.000000
14602,0.000000
14603,0.000000
14607,0.000000
14609,0.000000
14611,0.000000
14612,0.000000
14615,0.000000
14626,0.000000
14627,0.000000
14631,0.000000
14634,0.000000
14637,0.000000
14639,0.000000
14641,0.000000
14650,0.000000
14652,0.000000
14653,0.000000
14657,0.000000
14660,0.000000
14662,0.000000
14664,0.000000
14671,0.000000
14674,0.000000
14675,0.000000
14679,0.000000
14681,0.000000
14684,0.000000
14685,0.000000
14687,0.000000
14690,0.000000
14695,0.000000
14698,0.000000
14701,0.000000
14705,0.000000
14706,0.000000
14709,0.000000
14713,0.000000
14715,0.000000
14716,0.000000
14723,0.000000
14728,0.000000
14729,0.000000
14731,0.000000
14732,0.000000
14733,0.000000
14736,0.000000
14737,0.000000
14751,0.000000
14753,0.000000
14759,0.000000
14762,0.000000
14764,0.000000
14768,0.000000
14769,0.000000
14775,0.000000
14779,0.000000
14781,0.000000
14782,0.000000
14787,0.000000
14789,0.000000
14790,0.000000
14795,0.000000
14799,0.000000
14802,0.000000
14803,0.000000
14804,0.000000
14805,0.000000
14806,0.000000
14809,0.000000
14812,0.000000
14813,0.000000
14818,0.000000
14820,0.000000
14823,0.000000
14826,0.000000
14828,0.000000
14836,0.000000
14841,0.000000
14847,0.000000
14849,0.000000
14854,0.000000
14858,0.000000
14859,0.000000
14864,0.000000
14867,0.000000
14869,0.000000
14874,0.000000
14877,0.000000
14880,0.000000
14882,0.000000
14889,0.000000
14890,0.000000
14894,0.000000
14895,0.000000
14904,0.000000
14908,0.000000
14911,0.000000
14913,0.000000
14914,0.000000
14916,0.000000
14917,0.000000
14919,0.000000
14921,0.000000
14926,0.000000
14928,0.000000
14933,0.000000
14940,0.000000
14941,0.000000
14946,0.000000
14950,0.000000
14952,0.000000
14956,0.000000
14958,0.000000
14966,0.000000
14968,0.000000
14969,0.000000
