Evaluations,Fitness
1,21.1461
4,21.1359
7,21.0389
11,21.0319
15,21.015
21,20.9488
26,20.826
108,20.8038
139,20.6401
181,20.527
186,20.4135
210,20.3862
212,20.1251
229,20.0593
241,20.0088
262,19.9634
269,19.7909
271,19.698
277,19.6287
282,19.4414
328,19.3823
341,19.2249
343,19.0504
361,18.8701
382,18.7604
415,18.3717
434,17.6753
464,16.3312
491,16.156
511,16.147
522,15.8144
532,15.6047
541,15.3674
546,14.692
564,14.2309
571,13.9062
602,13.6821
604,13.5876
631,13.0744
632,12.2003
698,11.9237
709,11.7868
710,10.5417
728,10.3739
740,10.1003
771,10.0644
813,9.35063
818,9.13311
824,9.03977
832,8.22256
874,8.15633
881,7.94036
898,7.09361
913,6.9695
929,6.86651
938,6.72689
943,6.59363
977,6.43212
992,6.3959
1004,6.11796
1012,6.00001
1035,5.68723
1042,5.61584
1065,5.46488
1085,5.29868
1100,4.9637
1104,4.64596
1139,4.63547
1161,4.40518
1167,4.34442
1189,4.32366
1197,4.17327
1213,4.1392
1216,4.02155
1228,3.88526
1246,3.86563
1267,3.82048
1269,3.78321
1274,3.74608
1283,3.65355
1329,3.44913
1331,3.35593
1337,3.23232
1356,3.07101
1391,2.99662
1397,2.8091
1399,2.80832
1400,2.73616
1405,2.64383
1421,2.49576
1442,2.4892
1460,2.27498
1503,2.17954
1510,2.17301
1515,2.045
1533,1.98007
1544,1.87535
1563,1.81614
1567,1.6665
1598,1.6287
1605,1.59195
1609,1.45353
1628,1.34695
1657,1.33099
1658,1.24175
1675,1.18567
1680,1.18536
1688,1.03384
1705,1.03275
1730,0.976442
1742,0.954991
1744,0.896509
1755,0.868336
1765,0.866873
1768,0.817281
1769,0.778856
1785,0.737268
1796,0.716203
1799,0.632165
1804,0.61302
1807,0.561277
1838,0.55149
1847,0.547028
1856,0.538287
1863,0.45519
1865,0.4456
1866,0.426656
1897,0.41862
1907,0.349708
1937,0.283444
1974,0.271784
1980,0.261693
1993,0.241522
2006,0.238596
2012,0.217164
2019,0.217106
2025,0.21552
2033,0.214913
2036,0.19274
2049,0.166043
2073,0.154588
2088,0.131428
2103,0.122011
2133,0.117556
2161,0.108607
2164,0.101688
2167,0.099827
2179,0.0992535
2194,0.0904886
2195,0.090312
2200,0.0854435
2210,0.0741782
2245,0.0723357
2246,0.0718822
2255,0.069143
2265,0.0675754
2276,0.065145
2285,0.0643883
2293,0.0633493
2300,0.0597952
2306,0.0594142
2315,0.0584965
2323,0.056937
2326,0.0518533
2336,0.0501143
2343,0.049435
2353,0.0479082
2360,0.0459701
2364,0.0443753
2373,0.0435612
2383,0.0366297
2421,0.0351377
2426,0.0316802
2428,0.0315153
2444,0.0302466
2450,0.0283421
2480,0.0258457
2496,0.0241306
2512,0.0240444
2515,0.0221536
2528,0.0205954
2529,0.017987
2543,0.0170588
2548,0.0167567
2561,0.0156268
2569,0.0147608
2575,0.0145977
2578,0.0140653
2580,0.0136703
2591,0.0133752
2603,0.0132372
2610,0.0117865
2614,0.010077
2624,0.00942407
2640,0.00888413
2659,0.0075233
2674,0.00733164
2676,0.00718007
2691,0.00700676
2698,0.00690256
2711,0.00680204
2728,0.00667969
2732,0.00659358
2737,0.00639198
2738,0.00612779
2748,0.00559343
2776,0.00556607
2779,0.00544168
2800,0.00504352
2801,0.00481412
2818,0.00445692
2839,0.00419968
2841,0.00414017
2869,0.00379273
2875,0.00377994
2878,0.00336952
2880,0.00328338
2881,0.00326946
2897,0.00323244
2910,0.00303813
2911,0.00259427
2917,0.00237722
2929,0.00215035
2940,0.00206563
2950,0.00204294
2954,0.00200275
2955,0.00193436
2959,0.00185755
2981,0.00175717
2985,0.0016454
3004,0.00151177
3015,0.0014794
3020,0.0014449
3024,0.0013693
3034,0.00132884
3036,0.00121663
3068,0.00118379
3071,0.00117889
3080,0.00107907
3091,0.0010304
3098,0.000967866
3121,0.000772744
3146,0.000737899
3158,0.000720267
3165,0.000690625
3176,0.000685799
3189,0.000678084
3195,0.000597162
3201,0.000572382
3230,0.000569845
3237,0.000554145
3238,0.000550272
3254,0.000507342
3255,0.000475289
3283,0.000433852
3289,0.000405659
3293,0.000377441
3315,0.000375937
3320,0.000342653
3321,0.000335562
3343,0.000331388
3344,0.000329829
3350,0.000298556
3365,0.000291908
3371,0.000265225
3375,0.000242402
3407,0.000222764
3412,0.000193725
3426,0.000193586
3434,0.000171778
3452,0.000159569
3456,0.000157554
3472,0.00014883
3475,0.000144758
3476,0.000138987
3481,0.000137657
3487,0.000122549
3508,0.000122249
3517,0.000117446
3524,0.000116795
3526,0.000112178
3535,0.000111238
3541,0.00011121
3542,0.000106789
3548,0.000103242
3554,9.47372e-05
3558,8.72746e-05
3561,7.49988e-05
3597,7.09508e-05
3616,6.98237e-05
3621,6.33262e-05
3640,6.0472e-05
3643,5.40748e-05
3668,5.03534e-05
3672,4.98791e-05
3674,4.9574e-05
3682,4.84905e-05
3693,4.6591e-05
3704,4.51893e-05
3705,4.20314e-05
3718,3.88186e-05
3724,3.49861e-05
3754,3.36151e-05
3755,3.22261e-05
3758,3.17391e-05
3769,3.00728e-05
3780,2.90273e-05
3785,2.49852e-05
3797,2.18964e-05
3802,2.15962e-05
3803,2.03209e-05
3817,2.02204e-05
3822,2.01113e-05
3825,1.97749e-05
3827,1.76068e-05
3848,1.68776e-05
3854,1.62817e-05
3856,1.57735e-05
3864,1.46086e-05
3884,1.45682e-05
3887,1.44425e-05
3890,1.28316e-05
3900,1.21281e-05
3905,1.19778e-05
3906,1.18013e-05
3908,1.15331e-05
3909,1.05595e-05
3945,1.02063e-05
3953,9.79174e-06
3960,9.52349e-06
3963,9.28119e-06
3964,8.92564e-06
3983,8.8031e-06
3984,8.44985e-06
3989,8.04588e-06
3991,7.64099e-06
3998,6.46867e-06
4019,6.30312e-06
4025,6.27824e-06
4036,6.17368e-06
4044,6.09384e-06
4050,5.93263e-06
4052,5.75898e-06
4061,5.75611e-06
4062,5.75299e-06
4071,5.23599e-06
4073,5.21485e-06
4082,4.94239e-06
4088,4.88983e-06
4090,4.30563e-06
4091,4.06081e-06
4101,3.95178e-06
4117,3.73104e-06
4121,3.26823e-06
4131,3.09416e-06
4141,3.07324e-06
4146,3.01974e-06
4148,2.55867e-06
4151,2.55433e-06
4158,2.38986e-06
4176,2.30475e-06
4180,2.25468e-06
4187,2.20187e-06
4188,2.1651e-06
4190,1.89541e-06
4206,1.74801e-06
4221,1.65138e-06
4225,1.49715e-06
4231,1.4581e-06
4252,1.43065e-06
4253,1.29483e-06
4267,1.21166e-06
4274,1.13699e-06
4275,1.12262e-06
4278,1.10824e-06
4283,1.04989e-06
4293,1.00255e-06
4300,9.91632e-07
4302,9.78695e-07
4305,9.53578e-07
4313,9.00754e-07
4320,8.96291e-07
4323,8.77339e-07
4333,8.22926e-07
4338,8.01679e-07
4350,8.01543e-07
4361,7.61634e-07
4364,6.90749e-07
4374,6.81199e-07
4384,6.31748e-07
4392,5.8423e-07
4398,5.52869e-07
4399,5.22357e-07
4400,4.9542e-07
4407,4.93512e-07
4413,4.74784e-07
4421,4.63206e-07
4429,4.50154e-07
4430,4.4633e-07
4432,4.12106e-07
4441,3.99874e-07
4445,3.62987e-07
4462,3.38322e-07
4480,3.00689e-07
4494,2.77961e-07
4499,2.45637e-07
4502,2.12273e-07
4506,2.10856e-07
4529,2.10013e-07
4532,2.0432e-07
4548,2.02754e-07
4549,1.86167e-07
4559,1.7486e-07
4573,1.72847e-07
4578,1.69172e-07
4592,1.64687e-07
4603,1.62168e-07
4606,1.56699e-07
4609,1.43012e-07
4611,1.38128e-07
4627,1.27197e-07
4632,1.21484e-07
4640,1.19521e-07
4645,1.18227e-07
4649,1.15779e-07
4650,1.09681e-07
4670,1.09263e-07
4671,1.0635e-07
4676,1.04384e-07
4684,1.03072e-07
4688,9.61345e-08
4689,8.62225e-08
4712,8.39346e-08
4714,8.259e-08
4721,8.08339e-08
4722,7.39279e-08
4740,7.19248e-08
4748,7.10019e-08
4759,7.04534e-08
4761,6.12604e-08
4766,6.11474e-08
4767,5.84021e-08
4773,5.63604e-08
4787,5.62642e-08
4793,5.6008e-08
4795,5.44332e-08
4800,5.41187e-08
4802,5.01255e-08
4812,4.91776e-08
4830,4.89825e-08
4832,4.71156e-08
4833,4.70451e-08
4835,4.61086e-08
4839,3.99008e-08
4858,3.83783e-08
4862,3.68374e-08
4865,3.52221e-08
4872,3.51751e-08
4877,3.19155e-08
4885,2.70923e-08
4900,2.68321e-08
4917,2.68184e-08
4918,2.37903e-08
4926,2.32396e-08
4930,2.22916e-08
4931,2.10104e-08
4949,2.09968e-08
4951,2.047e-08
4953,1.94772e-08
4963,1.90218e-08
4971,1.85814e-08
4975,1.782e-08
4991,1.64792e-08
5010,1.56648e-08
5015,1.54445e-08
5019,1.50829e-08
5022,1.4118e-08
5026,1.3622e-08
5029,1.34157e-08
5030,1.32876e-08
5031,1.30683e-08
5037,1.18209e-08
5038,1.08793e-08
5055,1.08668e-08
5059,1.08122e-08
5060,1.02661e-08
5061,9.8466e-09
5080,9.44761e-09
5082,9.2288e-09
5083,8.26521e-09
5089,8.2087e-09
5090,7.95151e-09
5098,7.76245e-09
5116,7.64902e-09
5119,7.35043e-09
5123,7.04499e-09
5125,6.98087e-09
5127,6.57368e-09
5130,6.42299e-09
5139,6.25638e-09
5147,6.04337e-09
5149,5.81749e-09
5150,5.61624e-09
5156,5.61133e-09
5164,5.15391e-09
5171,4.95439e-09
5180,4.19555e-09
5197,3.91092e-09
5202,3.90776e-09
5210,3.77954e-09
5213,3.67005e-09
5223,3.65525e-09
5226,3.59069e-09
5228,3.41386e-09
5229,3.28909e-09
5254,2.96692e-09
5260,2.86508e-09
5271,2.82275e-09
5274,2.7806e-09
5276,2.70191e-09
5282,2.66386e-09
5284,2.5833e-09
5291,2.53178e-09
5318,2.26552e-09
5329,2.25855e-09
5335,2.17836e-09
5340,2.13338e-09
5343,2.01707e-09
5354,1.97546e-09
5369,1.95667e-09
5371,1.85796e-09
5373,1.83854e-09
5379,1.7857e-09
5391,1.64985e-09
5396,1.58288e-09
5397,1.55932e-09
5400,1.53367e-09
5408,1.47795e-09
5414,1.23896e-09
5426,1.10721e-09
5436,9.90803e-10
5449,9.5913e-10
5479,9.53446e-10
5487,9.21507e-10
5488,8.63161e-10
5492,7.77434e-10
5509,6.77329e-10
5510,6.76903e-10
5526,6.57551e-10
5538,6.47905e-10
5547,6.03081e-10
5549,6.02555e-10
5552,5.24459e-10
5560,5.20388e-10
5561,4.94119e-10
5568,4.04569e-10
5591,3.75302e-10
5595,3.2501e-10
5608,3.07765e-10
5613,2.85518e-10
5617,2.75492e-10
5620,2.69012e-10
5625,2.43709e-10
5652,2.39521e-10
5653,2.36316e-10
5659,2.32081e-10
5660,2.31751e-10
5665,2.27513e-10
5674,1.91517e-10
5685,1.85587e-10
5690,1.79192e-10
5701,1.76769e-10
5705,1.69319e-10
5722,1.53954e-10
5726,1.51776e-10
5730,1.36616e-10
5741,1.36176e-10
5743,1.29948e-10
5746,1.17961e-10
5753,1.03708e-10
5758,1.00358e-10
5765,9.64957e-11
5767,9.35647e-11
5779,9.35114e-11
5784,8.97029e-11
5804,8.6168e-11
5807,8.29528e-11
5816,8.20539e-11
5820,7.97056e-11
5826,7.83591e-11
5834,7.55169e-11
5838,7.46785e-11
5845,7.35452e-11
5846,7.05183e-11
5854,6.88023e-11
5856,6.73812e-11
5868,6.30931e-11
5870,6.26028e-11
5875,5.96114e-11
5881,5.91496e-11
5885,5.63856e-11
5896,5.56644e-11
5902,5.28577e-11
5906,4.88893e-11
5909,4.77063e-11
5915,4.66867e-11
5932,4.56457e-11
5935,4.46509e-11
5936,4.19118e-11
5943,4.13256e-11
5948,4.07039e-11
5949,4.05049e-11
5951,3.98122e-11
5952,3.82347e-11
5962,3.57656e-11
5974,3.38152e-11
5975,3.35452e-11
5976,3.23337e-11
5982,3.08167e-11
5985,3.05467e-11
5989,2.90616e-11
5993,2.81806e-11
5999,2.79923e-11
6004,2.75198e-11
6009,2.70117e-11
6012,2.65499e-11
6015,2.59601e-11
6016,2.47984e-11
6023,2.3697e-11
6027,2.34732e-11
6029,2.31002e-11
6031,2.20486e-11
6037,2.18461e-11
6038,2.12848e-11
6043,2.10183e-11
6045,2.05422e-11
6051,2.01585e-11
6056,1.96434e-11
6057,1.83218e-11
6062,1.68261e-11
6069,1.68083e-11
6072,1.6517e-11
6075,1.38276e-11
6086,1.30531e-11
6105,1.26801e-11
6109,1.26339e-11
6113,1.26055e-11
6114,1.25913e-11
6116,1.18345e-11
6120,1.12625e-11
6137,1.09996e-11
6140,1.09961e-11
6148,1.00475e-11
6158,9.82725e-12
6160,9.66738e-12
6166,8.92841e-12
6171,8.37064e-12
6179,8.33511e-12
6180,8.16813e-12
6187,7.92655e-12
6191,7.62812e-12
6195,6.4273e-12
6201,6.37757e-12
6212,6.36691e-12
6221,6.28519e-12
6233,6.22835e-12
6236,5.94058e-12
6241,5.83045e-12
6246,5.81979e-12
6248,5.77716e-12
6252,5.43254e-12
6260,5.41833e-12
6266,4.99556e-12
6269,4.80016e-12
6276,4.77529e-12
6281,4.74687e-12
6282,4.68292e-12
6286,4.40936e-12
6297,3.9404e-12
6310,3.76277e-12
6311,3.31157e-12
6314,3.02736e-12
6333,2.91367e-12
6335,2.70761e-12
6340,2.6863e-12
6341,2.27418e-12
6344,2.24221e-12
6346,2.16049e-12
6348,2.14628e-12
6350,2.11076e-12
6364,1.99707e-12
6372,1.89404e-12
6373,1.8443e-12
6377,1.80878e-12
6378,1.73417e-12
6381,1.69509e-12
6389,1.62403e-12
6393,1.5743e-12
6403,1.52101e-12
6407,1.47127e-12
6414,1.42863e-12
6415,1.26521e-12
6431,1.251e-12
6432,1.22258e-12
6444,1.21192e-12
6449,1.16929e-12
6451,1.13021e-12
6455,1.10889e-12
6465,1.04494e-12
6473,1.04139e-12
6479,1.03428e-12
6481,8.67306e-13
6490,8.21121e-13
6507,8.14016e-13
6508,7.64278e-13
6510,7.39409e-13
6517,7.07434e-13
6518,6.71907e-13
6519,6.43485e-13
6525,6.11511e-13
6539,6.00853e-13
6548,5.83089e-13
6554,5.65326e-13
6558,5.22693e-13
6559,5.08482e-13
6562,5.04929e-13
6567,4.83613e-13
6569,4.69402e-13
6570,4.6585e-13
6573,4.58744e-13
6576,4.48086e-13
6577,4.30322e-13
6583,4.12559e-13
6594,4.09006e-13
6596,3.84137e-13
6608,3.52163e-13
6609,3.4861e-13
6621,3.41505e-13
6626,3.23741e-13
6630,3.13083e-13
6638,2.98872e-13
6642,2.88214e-13
6646,2.84661e-13
6649,2.77556e-13
6650,2.42029e-13
6659,2.38476e-13
6665,2.34923e-13
6666,2.3137e-13
6668,2.27818e-13
6669,2.20712e-13
6670,1.99396e-13
6684,1.95843e-13
6693,1.85185e-13
6696,1.67422e-13
6701,1.60316e-13
6719,1.56763e-13
6731,1.49658e-13
6733,1.46105e-13
6741,1.42553e-13
6743,1.35447e-13
6755,1.31894e-13
6758,1.28342e-13
6763,1.21236e-13
6769,1.14131e-13
6777,1.10578e-13
6778,1.07025e-13
6794,1.03473e-13
6811,9.28146e-14
6849,8.57092e-14
6874,8.21565e-14
6904,7.86038e-14
6954,7.14984e-14
7151,6.79456e-14
7337,6.43929e-14
7726,6.08402e-14
8057,5.72875e-14
9167,5.37348e-14
9382,5.01821e-14
