Evaluations,Fitness
1,21.312314
2,21.289366
3,21.228796
4,21.030476
9,20.921193
10,20.745106
89,20.739637
117,20.706307
123,20.676019
125,20.624826
136,20.271773
187,19.755747
215,19.592631
216,19.409336
227,19.043210
246,18.681495
276,18.612278
298,18.446221
307,18.324631
320,17.731613
341,17.314789
350,16.618800
357,16.059242
396,15.731934
473,15.675386
475,15.559050
476,15.086943
479,14.900622
493,14.314710
515,14.028110
523,13.240443
605,12.666910
653,12.519019
666,12.259733
675,10.998295
710,10.965957
716,10.338380
749,10.209217
760,9.647480
771,9.572674
792,9.375946
800,9.351428
801,9.199767
811,9.019698
812,8.995263
815,8.968810
834,8.644315
843,8.631884
854,7.889130
860,7.744645
902,7.600231
913,7.400484
928,7.068751
934,7.031772
935,6.439984
958,6.275847
967,6.115868
977,5.659734
1007,5.447776
1021,5.038652
1056,4.995441
1105,4.745874
1107,4.578851
1126,4.330472
1156,4.284410
1165,4.270510
1167,4.241464
1174,4.082378
1195,3.839713
1204,3.706757
1225,3.526208
1234,3.522884
1237,3.506538
1271,3.474551
1274,3.239542
1303,3.214149
1305,3.205933
1317,3.079109
1334,2.989970
1338,2.948550
1348,2.732867
1361,2.550907
1369,2.461399
1390,2.169462
1440,2.024355
1461,2.011526
1466,1.828710
1475,1.745106
1476,1.719033
1500,1.704758
1510,1.664637
1518,1.600931
1539,1.514554
1548,1.471765
1552,1.452425
1589,1.439140
1592,1.282055
1593,1.252962
1603,1.192157
1619,1.058187
1626,0.983735
1632,0.834166
1663,0.726056
1679,0.707392
1681,0.677134
1686,0.671716
1694,0.475707
1721,0.464330
1724,0.441999
1749,0.433631
1750,0.417569
1751,0.334793
1773,0.326289
1777,0.255740
1808,0.242303
1810,0.206784
1814,0.191221
1848,0.169204
1879,0.165910
1887,0.157038
1888,0.156938
1892,0.140266
1909,0.138761
1934,0.131294
1939,0.116452
1966,0.109448
1999,0.097791
2004,0.085890
2035,0.082614
2037,0.082330
2069,0.082063
2072,0.080160
2074,0.079421
2077,0.075834
2082,0.074136
2094,0.071903
2107,0.070536
2121,0.068712
2134,0.061329
2147,0.060859
2155,0.055835
2156,0.054273
2168,0.054166
2172,0.053303
2173,0.050675
2177,0.047120
2202,0.046115
2207,0.044473
2224,0.042233
2225,0.041231
2232,0.040273
2237,0.038074
2241,0.037523
2249,0.036804
2254,0.032794
2274,0.032102
2276,0.029362
2304,0.024968
2324,0.024811
2325,0.021789
2326,0.021185
2355,0.021062
2356,0.018540
2366,0.018452
2370,0.017605
2371,0.017118
2386,0.015918
2403,0.014811
2435,0.012929
2454,0.012895
2456,0.012656
2465,0.011315
2473,0.011087
2474,0.010422
2486,0.009858
2495,0.009854
2518,0.008945
2531,0.008908
2543,0.008562
2550,0.008093
2576,0.006923
2585,0.006397
2615,0.005992
2626,0.005855
2636,0.005512
2665,0.005217
2666,0.004670
2708,0.004477
2723,0.004174
2730,0.004059
2732,0.003721
2746,0.003548
2747,0.003236
2755,0.003222
2765,0.002893
2779,0.002774
2782,0.002697
2787,0.002129
2810,0.001971
2829,0.001873
2830,0.001870
2838,0.001774
2842,0.001691
2859,0.001398
2869,0.001393
2875,0.001342
2883,0.001280
2907,0.001255
2912,0.001184
2937,0.001096
2944,0.001010
2991,0.000995
3001,0.000974
3004,0.000926
3007,0.000919
3010,0.000900
3014,0.000826
3035,0.000773
3066,0.000763
3068,0.000741
3084,0.000706
3091,0.000692
3099,0.000575
3120,0.000530
3134,0.000513
3142,0.000438
3149,0.000422
3164,0.000413
3165,0.000399
3179,0.000363
3191,0.000332
3196,0.000326
3206,0.000309
3207,0.000290
3213,0.000278
3218,0.000255
3231,0.000246
3255,0.000232
3256,0.000225
3263,0.000221
3264,0.000216
3286,0.000206
3296,0.000194
3317,0.000187
3326,0.000182
3327,0.000156
3340,0.000142
3370,0.000137
3380,0.000133
3388,0.000127
3390,0.000124
3391,0.000124
3397,0.000124
3400,0.000117
3411,0.000102
3423,0.000101
3432,0.000099
3433,0.000097
3442,0.000081
3457,0.000073
3472,0.000066
3496,0.000065
3503,0.000063
3506,0.000062
3509,0.000060
3516,0.000059
3525,0.000059
3531,0.000056
3546,0.000054
3555,0.000053
3563,0.000044
3582,0.000043
3593,0.000041
3597,0.000036
3600,0.000035
3606,0.000035
3611,0.000034
3621,0.000033
3647,0.000031
3649,0.000030
3651,0.000028
3659,0.000025
3671,0.000025
3680,0.000024
3683,0.000023
3701,0.000019
3725,0.000017
3737,0.000017
3752,0.000014
3764,0.000013
3773,0.000013
3794,0.000012
3796,0.000012
3802,0.000012
3805,0.000011
3820,0.000011
3826,0.000010
3830,0.000010
3832,0.000009
3841,0.000009
3856,0.000008
3865,0.000008
3868,0.000008
3878,0.000007
3884,0.000007
3895,0.000007
3902,0.000006
3915,0.000006
3918,0.000006
3923,0.000005
3930,0.000005
3936,0.000005
3950,0.000005
3961,0.000004
3972,0.000004
3973,0.000004
3989,0.000004
4002,0.000004
4032,0.000003
4038,0.000003
4039,0.000003
4044,0.000003
4049,0.000003
4052,0.000003
4059,0.000002
4084,0.000002
4096,0.000002
4097,0.000002
4108,0.000002
4121,0.000002
4137,0.000002
4149,0.000002
4158,0.000002
4165,0.000002
4171,0.000002
4175,0.000002
4180,0.000002
4190,0.000001
4198,0.000001
4201,0.000001
4225,0.000001
4231,0.000001
4234,0.000001
4235,0.000001
4238,0.000001
4259,0.000001
4260,0.000001
4269,0.000001
4282,0.000001
4284,0.000001
4286,0.000001
4288,0.000001
4290,0.000001
4298,0.000001
4303,0.000001
4314,0.000001
4326,0.000001
4330,0.000001
4341,0.000001
4343,0.000000
4349,0.000000
4354,0.000000
4355,0.000000
4371,0.000000
4376,0.000000
4385,0.000000
4394,0.000000
4407,0.000000
4413,0.000000
4417,0.000000
4423,0.000000
4430,0.000000
4450,0.000000
4460,0.000000
4461,0.000000
4463,0.000000
4473,0.000000
4490,0.000000
4491,0.000000
4493,0.000000
4505,0.000000
4508,0.000000
4511,0.000000
4514,0.000000
4523,0.000000
4530,0.000000
4533,0.000000
4534,0.000000
4538,0.000000
4540,0.000000
4563,0.000000
4566,0.000000
4578,0.000000
4579,0.000000
4596,0.000000
4605,0.000000
4608,0.000000
4614,0.000000
4616,0.000000
4629,0.000000
4652,0.000000
4653,0.000000
4657,0.000000
4659,0.000000
4683,0.000000
4689,0.000000
4703,0.000000
4711,0.000000
4715,0.000000
4716,0.000000
4718,0.000000
4719,0.000000
4736,0.000000
4749,0.000000
4758,0.000000
4759,0.000000
4769,0.000000
4770,0.000000
4785,0.000000
4800,0.000000
4801,0.000000
4802,0.000000
4803,0.000000
4815,0.000000
4823,0.000000
4828,0.000000
4833,0.000000
4860,0.000000
4873,0.000000
4880,0.000000
4884,0.000000
4904,0.000000
4907,0.000000
4916,0.000000
4922,0.000000
4931,0.000000
4934,0.000000
4948,0.000000
4957,0.000000
4959,0.000000
4971,0.000000
4978,0.000000
4987,0.000000
4993,0.000000
5000,0.000000
5003,0.000000
5007,0.000000
5009,0.000000
5014,0.000000
5020,0.000000
5032,0.000000
5034,0.000000
5040,0.000000
5047,0.000000
5065,0.000000
5074,0.000000
5077,0.000000
5080,0.000000
5082,0.000000
5084,0.000000
5085,0.000000
5089,0.000000
5101,0.000000
5104,0.000000
5114,0.000000
5115,0.000000
5117,0.000000
5118,0.000000
5119,0.000000
5131,0.000000
5132,0.000000
5142,0.000000
5152,0.000000
5153,0.000000
5155,0.000000
5165,0.000000
5168,0.000000
5173,0.000000
5175,0.000000
5199,0.000000
5200,0.000000
5201,0.000000
5211,0.000000
5217,0.000000
5221,0.000000
5232,0.000000
5236,0.000000
5255,0.000000
5257,0.000000
5260,0.000000
5269,0.000000
5274,0.000000
5279,0.000000
5280,0.000000
5284,0.000000
5302,0.000000
5318,0.000000
5328,0.000000
5330,0.000000
5332,0.000000
5333,0.000000
5341,0.000000
5344,0.000000
5372,0.000000
5378,0.000000
5390,0.000000
5393,0.000000
5399,0.000000
5402,0.000000
5405,0.000000
5406,0.000000
5410,0.000000
5418,0.000000
5426,0.000000
5436,0.000000
5452,0.000000
5460,0.000000
5478,0.000000
5479,0.000000
5485,0.000000
5489,0.000000
5498,0.000000
5501,0.000000
5505,0.000000
5510,0.000000
5520,0.000000
5539,0.000000
5541,0.000000
5543,0.000000
5552,0.000000
5569,0.000000
5570,0.000000
5588,0.000000
5599,0.000000
5610,0.000000
5612,0.000000
5613,0.000000
5614,0.000000
5618,0.000000
5620,0.000000
5630,0.000000
5638,0.000000
5641,0.000000
5644,0.000000
5647,0.000000
5651,0.000000
5667,0.000000
5676,0.000000
5682,0.000000
5689,0.000000
5697,0.000000
5702,0.000000
5708,0.000000
5712,0.000000
5717,0.000000
5729,0.000000
5732,0.000000
5734,0.000000
5735,0.000000
5737,0.000000
5750,0.000000
5756,0.000000
5758,0.000000
5763,0.000000
5765,0.000000
5776,0.000000
5799,0.000000
5801,0.000000
5809,0.000000
5811,0.000000
5815,0.000000
5818,0.000000
5825,0.000000
5829,0.000000
5831,0.000000
5840,0.000000
5845,0.000000
5846,0.000000
5850,0.000000
5856,0.000000
5859,0.000000
5864,0.000000
5869,0.000000
5872,0.000000
5876,0.000000
5881,0.000000
5885,0.000000
5894,0.000000
5897,0.000000
5901,0.000000
5916,0.000000
5918,0.000000
5922,0.000000
5924,0.000000
5930,0.000000
5936,0.000000
5939,0.000000
5942,0.000000
5944,0.000000
5950,0.000000
5951,0.000000
5960,0.000000
5968,0.000000
5972,0.000000
5974,0.000000
5980,0.000000
5984,0.000000
5999,0.000000
6004,0.000000
6012,0.000000
6013,0.000000
6016,0.000000
6027,0.000000
6029,0.000000
6035,0.000000
6047,0.000000
6048,0.000000
6053,0.000000
6061,0.000000
6063,0.000000
6065,0.000000
6071,0.000000
6074,0.000000
6077,0.000000
6079,0.000000
6102,0.000000
6107,0.000000
6112,0.000000
6113,0.000000
6133,0.000000
6137,0.000000
6142,0.000000
6153,0.000000
6157,0.000000
6161,0.000000
6170,0.000000
6171,0.000000
6180,0.000000
6189,0.000000
6193,0.000000
6207,0.000000
6209,0.000000
6210,0.000000
6212,0.000000
6221,0.000000
6223,0.000000
6231,0.000000
6232,0.000000
6233,0.000000
6235,0.000000
6246,0.000000
6248,0.000000
6262,0.000000
6264,0.000000
6276,0.000000
6283,0.000000
6284,0.000000
6289,0.000000
6292,0.000000
6304,0.000000
6311,0.000000
6317,0.000000
6326,0.000000
6328,0.000000
6329,0.000000
6330,0.000000
6342,0.000000
6359,0.000000
6380,0.000000
6388,0.000000
6389,0.000000
6407,0.000000
6415,0.000000
6420,0.000000
6427,0.000000
6428,0.000000
6436,0.000000
6437,0.000000
6439,0.000000
6453,0.000000
6454,0.000000
6459,0.000000
6461,0.000000
6466,0.000000
6477,0.000000
6494,0.000000
6501,0.000000
6510,0.000000
6517,0.000000
6527,0.000000
6533,0.000000
6534,0.000000
6558,0.000000
6562,0.000000
6564,0.000000
6567,0.000000
6569,0.000000
6573,0.000000
6587,0.000000
6588,0.000000
6590,0.000000
6600,0.000000
6630,0.000000
6664,0.000000
6684,0.000000
6702,0.000000
6938,0.000000
6962,0.000000
7000,0.000000
7235,0.000000
7564,0.000000
