Evaluations,Fitness
1,1965.610664
2,1565.308469
3,2.423758
5,1.797940
6,1.736202
42,1.328893
52,-0.483822
60,-0.933818
151,-0.988429
191,-1.028610
250,-1.030661
378,-1.030899
483,-1.031195
853,-1.031279
1189,-1.031330
1329,-1.031354
1376,-1.031366
1502,-1.031480
3222,-1.031572
5234,-1.031614
7794,-1.031620
11567,-1.031621
12336,-1.031621
12593,-1.031624
12709,-1.031625
12887,-1.031627
12910,-1.031627
14288,-1.031628
14494,-1.031628
14858,-1.031628
14864,-1.031628
