Evaluations,Fitness
1,2856.39
2,2475.26
9,1999.77
97,1626.7
131,1551.3
134,1330.88
139,1052.5
181,1043.4
201,912.409
220,879.072
222,676.445
228,668.856
258,631.622
278,592.393
288,577.353
293,556.017
302,528.693
316,477.803
343,471.178
380,462.754
451,437.169
620,436.475
625,402.989
774,398.299
886,378.955
953,377.236
966,374.155
986,342.14
1153,341.479
1189,335.756
1195,325.02
1271,318.515
1314,302.208
1489,301.219
1547,297.438
1694,294.425
1872,281.514
2363,274.37
2828,257.978
3029,257.923
3091,255.566
3253,250.948
3268,248.726
3392,228.116
3513,218.23
3588,217.203
3681,211.583
3689,204.11
3709,203.844
3985,198.214
4011,191.506
4243,186.468
5043,182.883
5093,180.651
5155,180.074
5180,179.675
5186,177.034
5213,173.003
5257,163.165
5574,162.719
6092,160.08
6422,158.893
6452,157.188
6503,154.385
6668,153.875
6753,150.761
7505,149.293
7543,148.835
7568,147.084
7710,147.022
7755,144.774
8062,136.19
8328,130.95
8565,129.063
8717,128.796
8719,127.582
9014,127.324
9351,125.9
9415,124.86
9583,124.061
9703,123.206
9856,120.861
10188,118.576
10313,118.002
10413,117.002
10625,116.222
10629,115.016
10818,114.895
10888,113.02
11059,112.631
11293,112.148
11317,111.863
11464,111.095
11636,110.527
11648,108.568
11794,108.219
12019,108.114
12143,108.077
12150,107.581
12220,105.57
12289,105.311
12365,105.257
12378,105.235
12438,105.067
12506,105.007
12516,104.684
12604,104.328
12710,104.104
12725,103.663
13025,103.244
13155,102.895
13286,102.853
13311,102.807
13322,102.633
13333,102.477
13423,102.452
13492,102.309
13565,102.195
13572,102.116
13600,102.115
13604,102.056
13744,101.793
13933,101.746
14020,101.727
14022,101.682
14045,101.672
14048,101.542
14083,101.454
14096,101.254
14149,101.216
14171,101.144
14211,101.052
14228,101.014
14236,100.992
14268,100.929
14320,100.823
14362,100.788
14388,100.782
14411,100.749
14436,100.711
14447,100.612
14466,100.583
14470,100.573
14475,100.508
14513,100.488
14524,100.458
14533,100.44
14566,100.405
14571,100.402
14584,100.349
14590,100.339
14611,100.305
14614,100.291
14635,100.287
14639,100.269
14644,100.231
14661,100.228
14673,100.226
14675,100.208
14683,100.191
14691,100.183
14702,100.171
14708,100.153
14714,100.149
14718,100.105
14731,100.082
14736,100.068
14750,100.062
14758,100.055
14762,100.042
14770,100.04
14791,100.019
14805,100.008
14819,100.007
14825,100.004
14827,99.9849
14854,99.9789
14868,99.9706
14873,99.9639
14882,99.9595
14889,99.955
14891,99.9515
14897,99.9514
14906,99.9498
14907,99.9477
14911,99.9409
14914,99.94
14924,99.9372
14931,99.9361
14932,99.9344
14933,99.9307
14943,99.9302
14946,99.9298
14948,99.9293
14952,99.9273
14958,99.9262
14965,99.9249
14967,99.9247
14968,99.9237
14972,99.9236
14976,99.9236
14978,99.9236
14980,99.9236
14982,99.9236
14984,99.9236
14985,99.9236
