Evaluations,Fitness
1,21.417327
9,21.375853
12,21.366760
16,21.292456
28,21.276709
31,21.165062
36,21.090421
94,21.045375
99,21.021103
132,20.963336
159,20.903002
166,20.730668
174,20.648322
201,20.602420
207,20.451155
225,20.297160
228,20.284062
231,20.154017
237,20.111224
268,20.036509
277,19.980711
287,19.778631
297,19.160631
356,19.032753
362,18.763440
424,18.731106
448,18.374154
454,18.315115
476,17.384852
508,17.064742
650,17.027712
709,16.907744
810,16.669306
819,16.442235
931,16.096296
1094,15.981795
1147,15.886191
1158,15.636061
1337,15.345702
1630,15.224647
1994,15.196461
2499,14.977988
3183,14.825091
3471,14.740826
3576,14.736325
3759,14.541189
4007,13.983009
5094,13.817605
5443,13.816554
6138,13.791291
7199,13.778919
7313,13.696283
8085,13.686743
8092,13.650157
8296,13.549543
8399,13.548684
8443,13.537668
8450,13.450154
8536,13.449130
8593,13.439346
8605,13.335070
8629,13.285205
8666,13.198886
8695,13.116100
8870,13.114337
8910,13.087457
8995,12.958045
9257,12.816662
9407,12.808258
9803,12.800166
9827,12.773894
9848,12.654881
10153,12.612589
10209,12.593840
10227,12.567150
11226,12.558248
11297,12.470171
11867,12.468167
11941,12.465975
11948,12.417442
12120,12.342946
12373,12.214648
13162,12.194682
13439,12.154973
13707,12.120968
13774,12.076630
14257,12.066215
14272,12.047377
14343,12.007373
14490,12.004978
14514,11.997760
14520,11.975282
14558,11.960665
14575,11.948486
14604,11.936620
14607,11.885736
14617,11.850670
14649,11.846776
14669,11.823358
14688,11.820589
14712,11.789595
14718,11.746398
14725,11.744484
14734,11.722117
14737,11.658428
14754,11.641393
14786,11.637815
14791,11.608125
14810,11.603414
14812,11.575480
14827,11.563453
14857,11.556505
14862,11.550685
14876,11.523540
14908,11.522040
14921,11.508477
14939,11.507996
14941,11.507189
14942,11.506128
14943,11.499917
14958,11.498210
14966,11.497783
14971,11.496385
14978,11.496380
14979,11.496380
14980,11.496380
14981,11.496380
14983,11.496380
