Evaluations,Fitness
1,201732.920804
2,190107.269716
6,178936.965625
17,169076.313576
29,165734.747021
62,155169.778323
90,136696.805993
92,133087.062353
127,122997.173496
130,114326.726655
160,111364.595750
178,108623.293451
185,99476.543611
200,93075.353188
215,67926.144891
292,52120.065747
307,43835.370531
320,42507.476099
346,40179.614375
353,38378.945968
379,35586.405084
380,29944.063322
407,29042.594588
461,27406.834844
467,23277.246214
491,20883.917998
516,20122.808395
521,19898.971036
548,16864.153319
553,15083.456636
586,12223.345098
599,10082.924134
659,9680.530380
670,8539.720625
689,7038.125367
707,7017.433778
711,6694.831170
724,6376.003779
730,6280.105920
740,5589.385489
749,4979.811494
787,4861.450545
793,4600.483749
807,3887.823227
819,3526.839105
822,3443.160349
849,2644.501265
889,2387.748522
898,1963.104084
905,1725.483188
909,1397.109197
928,1253.344013
948,1245.383448
968,1174.652729
973,1034.724794
988,963.148446
1006,902.006555
1033,882.954305
1055,727.908988
1066,716.260031
1067,662.480558
1097,563.951590
1110,388.938352
1111,362.780399
1123,269.200103
1153,254.734755
1171,219.772697
1183,191.051845
1188,185.680373
1196,157.904397
1215,155.904527
1233,137.733570
1244,135.293353
1245,131.120502
1256,106.297021
1264,95.467981
1281,65.414105
1294,61.101311
1316,58.891919
1341,48.122781
1346,46.081343
1360,43.413801
1376,41.671971
1413,39.832850
1422,36.528032
1427,32.472539
1454,31.188313
1468,27.378052
1486,19.556548
1498,18.681978
1537,17.255341
1546,14.084439
1550,9.648898
1567,9.200675
1597,8.456925
1598,6.374880
1607,6.323728
1611,6.233298
1635,6.194699
1637,5.541366
1641,4.215040
1657,4.062006
1667,3.902471
1675,3.790672
1687,3.698852
1691,3.172338
1700,3.108416
1711,3.078614
1714,2.715965
1724,2.183338
1727,1.862610
1741,1.813634
1757,1.761882
1760,1.522981
1766,1.438373
1789,1.190295
1801,1.026082
1810,0.855747
1838,0.666736
1851,0.624423
1860,0.610881
1868,0.561956
1874,0.529417
1886,0.491712
1890,0.479922
1904,0.454947
1916,0.353536
1936,0.336494
1943,0.287437
1944,0.243093
1949,0.226208
1974,0.174597
2007,0.173620
2021,0.125712
2026,0.120979
2034,0.095067
2067,0.089579
2082,0.089094
2083,0.088027
2092,0.083478
2097,0.081440
2100,0.070855
2113,0.064557
2124,0.060962
2134,0.059652
2137,0.057452
2144,0.047543
2150,0.037214
2183,0.028379
2195,0.021589
2225,0.016976
2239,0.016810
2276,0.015625
2286,0.015203
2289,0.014226
2302,0.013404
2304,0.013271
2311,0.011429
2316,0.010461
2317,0.009705
2334,0.008079
2359,0.007330
2368,0.007059
2392,0.006789
2394,0.006145
2398,0.005807
2403,0.004671
2423,0.004661
2427,0.004157
2431,0.003984
2436,0.003767
2446,0.003249
2461,0.003129
2466,0.002889
2482,0.002604
2487,0.002287
2505,0.002268
2514,0.002052
2515,0.002001
2564,0.001933
2581,0.001535
2597,0.001271
2603,0.000991
2637,0.000973
2639,0.000955
2663,0.000867
2676,0.000827
2692,0.000822
2694,0.000595
2706,0.000541
2713,0.000521
2745,0.000492
2756,0.000480
2768,0.000459
2769,0.000402
2779,0.000359
2790,0.000339
2791,0.000309
2793,0.000308
2795,0.000217
2822,0.000194
2829,0.000185
2838,0.000137
2862,0.000132
2869,0.000107
2879,0.000104
2880,0.000101
2889,0.000083
2909,0.000060
2910,0.000054
2923,0.000053
2940,0.000045
2965,0.000044
2971,0.000036
2981,0.000034
2986,0.000032
2998,0.000032
3003,0.000031
3016,0.000025
3041,0.000023
3045,0.000020
3060,0.000015
3075,0.000015
3084,0.000014
3086,0.000013
3099,0.000012
3105,0.000010
3107,0.000010
3122,0.000010
3123,0.000009
3131,0.000009
3136,0.000009
3151,0.000009
3152,0.000007
3154,0.000007
3160,0.000006
3167,0.000005
3178,0.000005
3186,0.000005
3200,0.000004
3208,0.000003
3216,0.000003
3221,0.000002
3251,0.000002
3252,0.000002
3273,0.000002
3284,0.000001
3321,0.000001
3325,0.000001
3336,0.000001
3355,0.000001
3357,0.000001
3362,0.000001
3363,0.000001
3366,0.000001
3371,0.000000
3396,0.000000
3399,0.000000
3405,0.000000
3411,0.000000
3415,0.000000
3424,0.000000
3429,0.000000
3446,0.000000
3457,0.000000
3459,0.000000
3465,0.000000
3466,0.000000
3470,0.000000
3474,0.000000
3491,0.000000
3497,0.000000
3499,0.000000
3504,0.000000
3519,0.000000
3525,0.000000
3531,0.000000
3561,0.000000
3565,0.000000
3581,0.000000
3595,0.000000
3605,0.000000
3607,0.000000
3608,0.000000
3611,0.000000
3614,0.000000
3619,0.000000
3627,0.000000
3630,0.000000
3634,0.000000
3638,0.000000
3657,0.000000
3662,0.000000
3678,0.000000
3679,0.000000
3681,0.000000
3704,0.000000
3732,0.000000
3737,0.000000
3744,0.000000
3748,0.000000
3760,0.000000
3777,0.000000
3799,0.000000
3805,0.000000
3818,0.000000
3821,0.000000
3829,0.000000
3830,0.000000
3841,0.000000
3850,0.000000
3851,0.000000
3860,0.000000
3863,0.000000
3865,0.000000
3871,0.000000
3890,0.000000
3893,0.000000
3901,0.000000
3920,0.000000
3953,0.000000
3960,0.000000
3963,0.000000
3985,0.000000
3990,0.000000
3995,0.000000
3998,0.000000
4020,0.000000
4032,0.000000
4044,0.000000
4054,0.000000
4061,0.000000
4082,0.000000
4084,0.000000
4090,0.000000
4091,0.000000
4095,0.000000
4106,0.000000
4114,0.000000
4128,0.000000
4144,0.000000
4147,0.000000
4153,0.000000
4154,0.000000
4160,0.000000
4165,0.000000
4174,0.000000
4190,0.000000
4198,0.000000
4200,0.000000
4204,0.000000
4222,0.000000
4234,0.000000
4235,0.000000
4238,0.000000
4248,0.000000
4259,0.000000
4264,0.000000
4272,0.000000
4273,0.000000
4276,0.000000
4278,0.000000
4292,0.000000
4293,0.000000
4298,0.000000
4319,0.000000
4320,0.000000
4331,0.000000
4335,0.000000
4349,0.000000
4350,0.000000
4353,0.000000
4359,0.000000
4361,0.000000
4378,0.000000
4382,0.000000
4392,0.000000
4402,0.000000
4422,0.000000
4424,0.000000
4432,0.000000
4435,0.000000
4437,0.000000
4447,0.000000
4458,0.000000
4463,0.000000
4466,0.000000
4469,0.000000
4473,0.000000
4474,0.000000
4476,0.000000
4477,0.000000
4482,0.000000
4490,0.000000
4501,0.000000
4506,0.000000
4520,0.000000
4521,0.000000
4528,0.000000
4537,0.000000
4540,0.000000
4551,0.000000
4558,0.000000
4570,0.000000
4579,0.000000
4589,0.000000
4592,0.000000
4599,0.000000
4601,0.000000
4614,0.000000
4623,0.000000
4636,0.000000
4637,0.000000
4645,0.000000
4654,0.000000
4659,0.000000
4672,0.000000
4677,0.000000
4692,0.000000
4693,0.000000
4712,0.000000
4715,0.000000
4716,0.000000
4727,0.000000
4732,0.000000
4737,0.000000
4741,0.000000
4744,0.000000
4746,0.000000
4769,0.000000
4772,0.000000
4777,0.000000
4781,0.000000
4785,0.000000
4786,0.000000
4791,0.000000
4802,0.000000
4812,0.000000
4824,0.000000
4830,0.000000
4844,0.000000
4851,0.000000
4860,0.000000
4864,0.000000
4865,0.000000
4870,0.000000
4876,0.000000
4879,0.000000
4881,0.000000
4888,0.000000
4894,0.000000
4911,0.000000
4918,0.000000
4921,0.000000
4922,0.000000
4925,0.000000
4930,0.000000
4931,0.000000
4932,0.000000
4942,0.000000
4951,0.000000
4953,0.000000
4957,0.000000
4959,0.000000
4962,0.000000
4994,0.000000
4996,0.000000
5008,0.000000
5014,0.000000
5016,0.000000
5017,0.000000
5023,0.000000
5025,0.000000
5044,0.000000
5046,0.000000
5050,0.000000
5071,0.000000
5075,0.000000
5079,0.000000
5092,0.000000
5093,0.000000
5098,0.000000
5101,0.000000
5107,0.000000
5108,0.000000
5110,0.000000
5112,0.000000
5115,0.000000
5121,0.000000
5129,0.000000
5132,0.000000
5139,0.000000
5140,0.000000
5151,0.000000
5153,0.000000
5164,0.000000
5170,0.000000
5176,0.000000
5178,0.000000
5179,0.000000
5183,0.000000
5184,0.000000
5191,0.000000
5214,0.000000
5216,0.000000
5224,0.000000
5228,0.000000
5234,0.000000
5236,0.000000
5239,0.000000
5252,0.000000
5257,0.000000
5260,0.000000
5267,0.000000
5269,0.000000
5287,0.000000
5288,0.000000
5289,0.000000
5296,0.000000
5298,0.000000
5300,0.000000
5303,0.000000
5304,0.000000
5315,0.000000
5318,0.000000
5327,0.000000
5348,0.000000
5359,0.000000
5372,0.000000
5377,0.000000
5379,0.000000
5387,0.000000
5394,0.000000
5395,0.000000
5402,0.000000
5403,0.000000
5405,0.000000
5411,0.000000
5412,0.000000
5422,0.000000
5425,0.000000
5426,0.000000
5437,0.000000
5443,0.000000
5447,0.000000
5449,0.000000
5456,0.000000
5459,0.000000
5465,0.000000
5467,0.000000
5475,0.000000
5486,0.000000
5487,0.000000
5488,0.000000
5495,0.000000
5498,0.000000
5501,0.000000
5511,0.000000
5519,0.000000
5522,0.000000
5535,0.000000
5547,0.000000
5551,0.000000
5561,0.000000
5563,0.000000
5571,0.000000
5579,0.000000
5584,0.000000
5599,0.000000
5605,0.000000
5606,0.000000
5618,0.000000
5620,0.000000
5623,0.000000
5624,0.000000
5654,0.000000
5657,0.000000
5658,0.000000
5669,0.000000
5677,0.000000
5678,0.000000
5679,0.000000
5680,0.000000
5689,0.000000
5693,0.000000
5700,0.000000
5712,0.000000
5722,0.000000
5735,0.000000
5738,0.000000
5739,0.000000
5753,0.000000
5759,0.000000
5763,0.000000
5765,0.000000
5766,0.000000
5771,0.000000
5778,0.000000
5782,0.000000
5784,0.000000
5791,0.000000
5794,0.000000
5799,0.000000
5811,0.000000
5821,0.000000
5825,0.000000
5826,0.000000
5827,0.000000
5830,0.000000
5855,0.000000
5861,0.000000
5866,0.000000
5871,0.000000
5885,0.000000
5900,0.000000
5901,0.000000
5908,0.000000
5910,0.000000
5914,0.000000
5922,0.000000
5937,0.000000
5938,0.000000
5942,0.000000
5944,0.000000
5946,0.000000
5957,0.000000
5960,0.000000
5963,0.000000
5973,0.000000
5974,0.000000
5975,0.000000
5978,0.000000
5979,0.000000
5986,0.000000
5990,0.000000
5996,0.000000
6005,0.000000
6007,0.000000
6016,0.000000
6022,0.000000
6024,0.000000
6026,0.000000
6027,0.000000
6030,0.000000
6039,0.000000
6040,0.000000
6048,0.000000
6049,0.000000
6058,0.000000
6063,0.000000
6087,0.000000
6090,0.000000
6094,0.000000
6107,0.000000
6114,0.000000
6115,0.000000
6117,0.000000
6132,0.000000
6137,0.000000
6144,0.000000
6147,0.000000
6148,0.000000
6152,0.000000
6153,0.000000
6154,0.000000
6155,0.000000
6160,0.000000
6161,0.000000
6162,0.000000
6166,0.000000
6182,0.000000
6185,0.000000
6187,0.000000
6190,0.000000
6191,0.000000
6195,0.000000
6200,0.000000
6203,0.000000
6214,0.000000
6224,0.000000
6226,0.000000
6238,0.000000
6245,0.000000
6252,0.000000
6256,0.000000
6258,0.000000
6268,0.000000
6269,0.000000
6284,0.000000
6288,0.000000
6292,0.000000
6294,0.000000
6305,0.000000
6310,0.000000
6319,0.000000
6325,0.000000
6328,0.000000
6329,0.000000
6335,0.000000
6340,0.000000
6348,0.000000
6351,0.000000
6359,0.000000
6362,0.000000
6379,0.000000
6382,0.000000
6384,0.000000
6386,0.000000
6391,0.000000
6395,0.000000
6397,0.000000
6407,0.000000
6415,0.000000
6417,0.000000
6425,0.000000
6437,0.000000
6442,0.000000
6445,0.000000
6448,0.000000
6452,0.000000
6465,0.000000
6468,0.000000
6470,0.000000
6476,0.000000
6479,0.000000
6486,0.000000
6492,0.000000
6501,0.000000
6502,0.000000
6514,0.000000
6517,0.000000
6518,0.000000
6523,0.000000
6524,0.000000
6532,0.000000
6543,0.000000
6549,0.000000
6554,0.000000
6558,0.000000
6576,0.000000
6579,0.000000
6583,0.000000
6584,0.000000
6586,0.000000
6588,0.000000
6590,0.000000
6591,0.000000
6595,0.000000
6600,0.000000
6609,0.000000
6620,0.000000
6632,0.000000
6636,0.000000
6638,0.000000
6644,0.000000
6658,0.000000
6660,0.000000
6661,0.000000
6663,0.000000
6664,0.000000
6675,0.000000
6686,0.000000
6687,0.000000
6691,0.000000
6693,0.000000
6694,0.000000
6695,0.000000
6697,0.000000
6698,0.000000
6702,0.000000
6715,0.000000
6722,0.000000
6726,0.000000
6746,0.000000
6750,0.000000
6757,0.000000
6769,0.000000
6782,0.000000
6787,0.000000
6794,0.000000
6798,0.000000
6802,0.000000
6813,0.000000
6816,0.000000
6829,0.000000
6834,0.000000
6846,0.000000
6849,0.000000
6852,0.000000
6859,0.000000
6862,0.000000
6868,0.000000
6872,0.000000
6873,0.000000
6879,0.000000
6891,0.000000
6894,0.000000
6895,0.000000
6902,0.000000
6903,0.000000
6904,0.000000
6909,0.000000
6917,0.000000
6924,0.000000
6925,0.000000
6930,0.000000
6932,0.000000
6940,0.000000
6946,0.000000
6949,0.000000
6954,0.000000
6955,0.000000
6973,0.000000
6974,0.000000
6985,0.000000
6989,0.000000
6990,0.000000
6991,0.000000
6994,0.000000
7008,0.000000
7009,0.000000
7012,0.000000
7013,0.000000
7014,0.000000
7015,0.000000
7017,0.000000
7018,0.000000
7020,0.000000
7021,0.000000
7024,0.000000
7026,0.000000
7028,0.000000
7042,0.000000
7052,0.000000
7066,0.000000
7069,0.000000
7073,0.000000
7081,0.000000
7088,0.000000
7090,0.000000
7100,0.000000
7105,0.000000
7110,0.000000
7113,0.000000
7115,0.000000
7125,0.000000
7128,0.000000
7135,0.000000
7138,0.000000
7144,0.000000
7145,0.000000
7146,0.000000
7154,0.000000
7158,0.000000
7160,0.000000
7165,0.000000
7170,0.000000
7172,0.000000
7173,0.000000
7178,0.000000
7179,0.000000
7185,0.000000
7186,0.000000
7195,0.000000
7207,0.000000
7212,0.000000
7218,0.000000
7226,0.000000
7230,0.000000
7234,0.000000
7235,0.000000
7242,0.000000
7246,0.000000
7248,0.000000
7268,0.000000
7271,0.000000
7276,0.000000
7280,0.000000
7281,0.000000
7286,0.000000
7289,0.000000
7306,0.000000
7307,0.000000
7308,0.000000
7313,0.000000
7320,0.000000
7325,0.000000
7336,0.000000
7345,0.000000
7346,0.000000
7348,0.000000
7361,0.000000
7376,0.000000
7378,0.000000
7381,0.000000
7385,0.000000
7388,0.000000
7390,0.000000
7399,0.000000
7404,0.000000
7405,0.000000
7421,0.000000
7424,0.000000
7445,0.000000
7447,0.000000
7449,0.000000
7451,0.000000
7454,0.000000
7455,0.000000
7471,0.000000
7472,0.000000
7473,0.000000
7482,0.000000
7487,0.000000
7498,0.000000
7505,0.000000
7511,0.000000
7514,0.000000
7522,0.000000
7528,0.000000
7531,0.000000
7534,0.000000
7535,0.000000
7539,0.000000
7544,0.000000
7546,0.000000
7549,0.000000
7553,0.000000
7562,0.000000
7564,0.000000
7571,0.000000
7575,0.000000
7580,0.000000
7586,0.000000
7587,0.000000
7588,0.000000
7598,0.000000
7600,0.000000
7608,0.000000
7615,0.000000
7617,0.000000
7623,0.000000
7628,0.000000
7632,0.000000
7635,0.000000
7637,0.000000
7642,0.000000
7643,0.000000
7644,0.000000
7656,0.000000
7658,0.000000
7663,0.000000
7665,0.000000
7666,0.000000
7672,0.000000
7674,0.000000
7677,0.000000
7678,0.000000
7690,0.000000
7693,0.000000
7696,0.000000
7705,0.000000
7710,0.000000
7712,0.000000
7713,0.000000
7716,0.000000
7718,0.000000
7722,0.000000
7728,0.000000
7734,0.000000
7736,0.000000
7740,0.000000
7751,0.000000
7752,0.000000
7754,0.000000
7757,0.000000
7758,0.000000
7764,0.000000
7770,0.000000
7773,0.000000
7776,0.000000
7782,0.000000
7787,0.000000
7789,0.000000
7790,0.000000
7791,0.000000
7793,0.000000
7797,0.000000
7802,0.000000
7806,0.000000
7812,0.000000
7816,0.000000
7821,0.000000
7837,0.000000
7848,0.000000
7852,0.000000
7863,0.000000
7868,0.000000
7870,0.000000
7873,0.000000
7874,0.000000
7889,0.000000
7890,0.000000
7891,0.000000
7892,0.000000
7893,0.000000
7896,0.000000
7902,0.000000
7904,0.000000
7907,0.000000
7912,0.000000
7916,0.000000
7919,0.000000
7926,0.000000
7937,0.000000
7939,0.000000
7942,0.000000
7947,0.000000
7949,0.000000
7951,0.000000
7956,0.000000
7962,0.000000
7964,0.000000
7972,0.000000
7973,0.000000
7987,0.000000
7988,0.000000
7992,0.000000
7993,0.000000
7994,0.000000
8002,0.000000
8007,0.000000
8009,0.000000
8016,0.000000
8020,0.000000
8021,0.000000
8023,0.000000
8041,0.000000
8043,0.000000
8046,0.000000
8050,0.000000
8055,0.000000
8060,0.000000
8061,0.000000
8066,0.000000
8070,0.000000
8083,0.000000
8084,0.000000
8085,0.000000
8091,0.000000
8093,0.000000
8104,0.000000
8107,0.000000
8109,0.000000
8111,0.000000
8124,0.000000
8127,0.000000
8129,0.000000
8130,0.000000
8131,0.000000
8133,0.000000
8134,0.000000
8139,0.000000
8142,0.000000
8152,0.000000
8153,0.000000
8155,0.000000
8156,0.000000
8158,0.000000
8163,0.000000
8170,0.000000
8174,0.000000
8178,0.000000
8180,0.000000
8190,0.000000
8212,0.000000
8214,0.000000
8215,0.000000
8221,0.000000
8227,0.000000
8246,0.000000
8247,0.000000
8250,0.000000
8251,0.000000
8256,0.000000
8257,0.000000
8259,0.000000
8261,0.000000
8265,0.000000
8272,0.000000
8273,0.000000
8283,0.000000
8284,0.000000
8289,0.000000
8290,0.000000
8292,0.000000
8293,0.000000
8301,0.000000
8303,0.000000
8313,0.000000
8314,0.000000
8324,0.000000
8331,0.000000
8332,0.000000
8335,0.000000
8338,0.000000
8343,0.000000
8347,0.000000
8348,0.000000
8349,0.000000
8350,0.000000
8361,0.000000
8362,0.000000
8364,0.000000
8368,0.000000
8374,0.000000
8381,0.000000
8382,0.000000
8385,0.000000
8388,0.000000
8393,0.000000
8394,0.000000
8398,0.000000
8404,0.000000
8408,0.000000
8409,0.000000
8412,0.000000
8413,0.000000
8415,0.000000
8425,0.000000
8427,0.000000
8430,0.000000
8433,0.000000
8435,0.000000
8436,0.000000
8438,0.000000
8454,0.000000
8459,0.000000
8461,0.000000
8462,0.000000
8463,0.000000
8464,0.000000
8471,0.000000
8472,0.000000
8475,0.000000
8487,0.000000
8488,0.000000
8495,0.000000
8497,0.000000
8499,0.000000
8511,0.000000
8513,0.000000
8519,0.000000
8520,0.000000
8521,0.000000
8533,0.000000
8534,0.000000
8539,0.000000
8545,0.000000
8564,0.000000
8569,0.000000
8571,0.000000
8573,0.000000
8574,0.000000
8577,0.000000
8589,0.000000
8590,0.000000
8595,0.000000
8599,0.000000
8605,0.000000
8616,0.000000
8622,0.000000
8630,0.000000
8637,0.000000
8638,0.000000
8641,0.000000
8644,0.000000
8649,0.000000
8655,0.000000
8656,0.000000
8661,0.000000
8666,0.000000
8674,0.000000
8677,0.000000
8682,0.000000
8683,0.000000
8684,0.000000
8689,0.000000
8690,0.000000
8696,0.000000
8699,0.000000
8701,0.000000
8702,0.000000
8703,0.000000
8708,0.000000
8709,0.000000
8710,0.000000
8711,0.000000
8724,0.000000
8729,0.000000
8730,0.000000
8732,0.000000
8734,0.000000
8736,0.000000
8744,0.000000
8747,0.000000
8749,0.000000
8751,0.000000
8763,0.000000
8766,0.000000
8771,0.000000
8780,0.000000
8781,0.000000
8784,0.000000
8785,0.000000
8787,0.000000
8788,0.000000
8797,0.000000
8802,0.000000
8807,0.000000
8810,0.000000
8816,0.000000
8821,0.000000
8824,0.000000
8826,0.000000
8828,0.000000
8829,0.000000
8830,0.000000
8832,0.000000
8834,0.000000
8837,0.000000
8843,0.000000
8844,0.000000
8846,0.000000
8851,0.000000
8853,0.000000
8854,0.000000
8855,0.000000
8860,0.000000
8866,0.000000
8871,0.000000
8872,0.000000
8876,0.000000
8883,0.000000
8886,0.000000
8890,0.000000
8893,0.000000
8894,0.000000
8895,0.000000
8898,0.000000
8903,0.000000
8907,0.000000
8909,0.000000
8914,0.000000
8915,0.000000
8923,0.000000
8924,0.000000
8927,0.000000
8933,0.000000
8938,0.000000
8941,0.000000
8945,0.000000
8948,0.000000
8949,0.000000
8954,0.000000
8961,0.000000
8962,0.000000
8968,0.000000
8969,0.000000
8976,0.000000
8983,0.000000
8985,0.000000
8986,0.000000
8987,0.000000
8989,0.000000
8991,0.000000
8993,0.000000
8998,0.000000
9003,0.000000
9007,0.000000
9013,0.000000
9016,0.000000
9017,0.000000
9021,0.000000
9027,0.000000
9028,0.000000
9032,0.000000
9035,0.000000
9036,0.000000
9043,0.000000
9046,0.000000
9050,0.000000
9051,0.000000
9053,0.000000
9056,0.000000
9059,0.000000
9063,0.000000
9065,0.000000
9077,0.000000
9082,0.000000
9083,0.000000
9084,0.000000
9088,0.000000
9097,0.000000
9100,0.000000
9103,0.000000
9108,0.000000
9109,0.000000
9111,0.000000
9115,0.000000
9119,0.000000
9120,0.000000
9125,0.000000
9126,0.000000
9128,0.000000
9131,0.000000
9133,0.000000
9136,0.000000
9137,0.000000
9140,0.000000
9146,0.000000
9152,0.000000
9158,0.000000
9159,0.000000
9161,0.000000
9170,0.000000
9171,0.000000
9172,0.000000
9175,0.000000
9179,0.000000
9193,0.000000
9199,0.000000
9204,0.000000
9210,0.000000
9216,0.000000
9217,0.000000
9218,0.000000
9219,0.000000
9220,0.000000
9223,0.000000
9230,0.000000
9231,0.000000
9234,0.000000
9238,0.000000
9239,0.000000
9241,0.000000
9242,0.000000
9243,0.000000
9248,0.000000
9250,0.000000
9252,0.000000
9255,0.000000
9256,0.000000
9260,0.000000
9263,0.000000
9264,0.000000
9266,0.000000
9270,0.000000
9276,0.000000
9277,0.000000
9280,0.000000
9281,0.000000
9294,0.000000
9295,0.000000
9297,0.000000
9299,0.000000
9301,0.000000
9309,0.000000
9311,0.000000
9313,0.000000
9325,0.000000
9330,0.000000
9332,0.000000
9333,0.000000
9338,0.000000
9345,0.000000
9346,0.000000
9351,0.000000
9363,0.000000
9372,0.000000
9373,0.000000
9378,0.000000
9395,0.000000
9401,0.000000
9404,0.000000
9405,0.000000
9407,0.000000
9416,0.000000
9417,0.000000
9419,0.000000
9425,0.000000
9426,0.000000
9428,0.000000
9429,0.000000
9430,0.000000
9432,0.000000
9433,0.000000
9437,0.000000
9442,0.000000
9443,0.000000
9444,0.000000
9448,0.000000
9449,0.000000
9454,0.000000
9456,0.000000
9459,0.000000
9461,0.000000
9462,0.000000
9464,0.000000
9465,0.000000
9469,0.000000
9477,0.000000
9479,0.000000
9482,0.000000
9483,0.000000
9490,0.000000
9492,0.000000
9504,0.000000
9509,0.000000
9512,0.000000
9519,0.000000
9522,0.000000
9524,0.000000
9531,0.000000
9533,0.000000
9537,0.000000
9538,0.000000
9541,0.000000
9544,0.000000
9547,0.000000
9550,0.000000
9554,0.000000
9561,0.000000
9566,0.000000
9570,0.000000
9572,0.000000
9573,0.000000
9591,0.000000
9595,0.000000
9600,0.000000
9605,0.000000
9608,0.000000
9615,0.000000
9617,0.000000
9618,0.000000
9620,0.000000
9623,0.000000
9625,0.000000
9629,0.000000
9632,0.000000
9639,0.000000
9640,0.000000
9649,0.000000
9654,0.000000
9658,0.000000
9659,0.000000
9665,0.000000
9666,0.000000
9671,0.000000
9683,0.000000
9685,0.000000
9688,0.000000
9693,0.000000
9700,0.000000
9709,0.000000
9713,0.000000
9715,0.000000
9717,0.000000
9722,0.000000
9726,0.000000
9727,0.000000
9729,0.000000
9742,0.000000
9743,0.000000
9746,0.000000
9753,0.000000
9755,0.000000
9760,0.000000
9768,0.000000
9772,0.000000
9776,0.000000
9777,0.000000
9783,0.000000
9785,0.000000
9786,0.000000
9788,0.000000
9790,0.000000
9791,0.000000
9796,0.000000
9800,0.000000
9803,0.000000
9804,0.000000
9806,0.000000
9808,0.000000
9809,0.000000
9810,0.000000
9811,0.000000
9812,0.000000
9813,0.000000
9815,0.000000
9820,0.000000
9821,0.000000
9826,0.000000
9828,0.000000
9831,0.000000
9834,0.000000
9841,0.000000
9847,0.000000
9850,0.000000
9851,0.000000
9858,0.000000
9861,0.000000
9866,0.000000
9867,0.000000
9869,0.000000
9873,0.000000
9874,0.000000
9875,0.000000
9883,0.000000
9884,0.000000
9886,0.000000
9895,0.000000
9897,0.000000
9904,0.000000
9910,0.000000
9911,0.000000
9912,0.000000
9913,0.000000
9916,0.000000
9918,0.000000
9923,0.000000
9927,0.000000
9931,0.000000
9932,0.000000
9934,0.000000
9940,0.000000
9941,0.000000
9942,0.000000
9943,0.000000
9946,0.000000
9948,0.000000
9953,0.000000
9957,0.000000
9958,0.000000
9959,0.000000
9960,0.000000
9962,0.000000
9969,0.000000
9971,0.000000
9972,0.000000
9978,0.000000
9983,0.000000
9992,0.000000
9993,0.000000
9994,0.000000
9996,0.000000
10003,0.000000
10004,0.000000
10005,0.000000
10007,0.000000
10011,0.000000
10019,0.000000
10022,0.000000
10024,0.000000
10026,0.000000
10031,0.000000
10039,0.000000
10041,0.000000
10044,0.000000
10045,0.000000
10052,0.000000
10058,0.000000
10063,0.000000
10066,0.000000
10067,0.000000
10069,0.000000
10075,0.000000
10084,0.000000
10088,0.000000
10094,0.000000
10097,0.000000
10098,0.000000
10102,0.000000
10112,0.000000
10126,0.000000
10127,0.000000
10129,0.000000
10142,0.000000
10145,0.000000
10149,0.000000
10153,0.000000
10156,0.000000
10161,0.000000
10166,0.000000
10168,0.000000
10170,0.000000
10171,0.000000
10180,0.000000
10182,0.000000
10187,0.000000
10191,0.000000
10193,0.000000
10204,0.000000
10205,0.000000
10206,0.000000
10217,0.000000
10220,0.000000
10222,0.000000
10223,0.000000
10227,0.000000
10229,0.000000
10237,0.000000
10239,0.000000
10242,0.000000
10246,0.000000
10253,0.000000
10254,0.000000
10262,0.000000
10263,0.000000
10275,0.000000
10276,0.000000
10280,0.000000
10282,0.000000
10283,0.000000
10285,0.000000
10286,0.000000
10287,0.000000
10291,0.000000
10292,0.000000
10298,0.000000
10301,0.000000
10304,0.000000
10323,0.000000
10327,0.000000
10330,0.000000
10332,0.000000
10344,0.000000
10351,0.000000
10352,0.000000
10358,0.000000
10360,0.000000
10361,0.000000
10365,0.000000
10375,0.000000
10377,0.000000
10378,0.000000
10382,0.000000
10388,0.000000
10392,0.000000
10393,0.000000
10399,0.000000
10401,0.000000
10402,0.000000
10403,0.000000
10404,0.000000
10409,0.000000
10410,0.000000
10414,0.000000
10416,0.000000
10422,0.000000
10425,0.000000
10430,0.000000
10433,0.000000
10436,0.000000
10439,0.000000
10443,0.000000
10444,0.000000
10449,0.000000
10452,0.000000
10456,0.000000
10459,0.000000
10463,0.000000
10467,0.000000
10468,0.000000
10479,0.000000
10480,0.000000
10482,0.000000
10494,0.000000
10496,0.000000
10501,0.000000
10509,0.000000
10511,0.000000
10518,0.000000
10531,0.000000
10541,0.000000
10542,0.000000
10547,0.000000
10549,0.000000
10551,0.000000
10553,0.000000
10559,0.000000
10561,0.000000
10566,0.000000
10569,0.000000
10570,0.000000
10571,0.000000
10575,0.000000
10581,0.000000
10583,0.000000
10585,0.000000
10588,0.000000
10590,0.000000
10593,0.000000
10595,0.000000
10596,0.000000
10604,0.000000
10614,0.000000
10619,0.000000
10621,0.000000
10626,0.000000
10628,0.000000
10634,0.000000
10635,0.000000
10642,0.000000
10647,0.000000
10650,0.000000
10654,0.000000
10655,0.000000
10656,0.000000
10657,0.000000
10658,0.000000
10668,0.000000
10669,0.000000
10673,0.000000
10674,0.000000
10679,0.000000
10685,0.000000
10692,0.000000
10697,0.000000
10698,0.000000
10702,0.000000
10717,0.000000
10718,0.000000
10729,0.000000
10740,0.000000
10744,0.000000
10753,0.000000
10754,0.000000
10767,0.000000
10768,0.000000
10769,0.000000
10775,0.000000
10780,0.000000
10782,0.000000
10789,0.000000
10790,0.000000
10792,0.000000
10797,0.000000
10803,0.000000
10808,0.000000
10814,0.000000
10819,0.000000
10820,0.000000
10828,0.000000
10830,0.000000
10831,0.000000
10832,0.000000
10834,0.000000
10837,0.000000
10845,0.000000
10847,0.000000
10855,0.000000
10863,0.000000
10868,0.000000
10872,0.000000
10873,0.000000
10875,0.000000
10882,0.000000
10885,0.000000
10886,0.000000
10888,0.000000
10892,0.000000
10893,0.000000
10894,0.000000
10895,0.000000
10901,0.000000
10905,0.000000
10921,0.000000
10924,0.000000
10928,0.000000
10930,0.000000
10932,0.000000
10937,0.000000
10942,0.000000
10943,0.000000
10947,0.000000
10948,0.000000
10950,0.000000
10952,0.000000
10953,0.000000
10959,0.000000
10966,0.000000
10968,0.000000
10973,0.000000
10979,0.000000
10980,0.000000
10981,0.000000
10984,0.000000
10994,0.000000
10995,0.000000
11000,0.000000
11001,0.000000
11002,0.000000
11004,0.000000
11009,0.000000
11011,0.000000
11013,0.000000
11015,0.000000
11016,0.000000
11018,0.000000
11020,0.000000
11022,0.000000
11023,0.000000
11024,0.000000
11026,0.000000
11027,0.000000
11033,0.000000
11035,0.000000
11038,0.000000
11039,0.000000
11045,0.000000
11051,0.000000
11055,0.000000
11057,0.000000
11058,0.000000
11062,0.000000
11067,0.000000
11068,0.000000
11070,0.000000
11071,0.000000
11074,0.000000
11082,0.000000
11083,0.000000
11084,0.000000
11088,0.000000
11092,0.000000
11097,0.000000
11098,0.000000
11100,0.000000
11102,0.000000
11106,0.000000
11110,0.000000
11115,0.000000
11119,0.000000
11120,0.000000
11123,0.000000
11125,0.000000
11128,0.000000
11129,0.000000
11130,0.000000
11131,0.000000
11136,0.000000
11140,0.000000
11147,0.000000
11152,0.000000
11155,0.000000
11166,0.000000
11170,0.000000
11171,0.000000
11173,0.000000
11175,0.000000
11178,0.000000
11180,0.000000
11182,0.000000
11185,0.000000
11188,0.000000
11192,0.000000
11193,0.000000
11194,0.000000
11197,0.000000
11200,0.000000
11201,0.000000
11206,0.000000
11207,0.000000
11209,0.000000
11213,0.000000
11219,0.000000
11228,0.000000
11229,0.000000
11233,0.000000
11235,0.000000
11236,0.000000
11238,0.000000
11243,0.000000
11252,0.000000
11253,0.000000
11255,0.000000
11258,0.000000
11259,0.000000
11263,0.000000
11265,0.000000
11266,0.000000
11270,0.000000
11271,0.000000
11272,0.000000
11281,0.000000
11283,0.000000
11290,0.000000
11299,0.000000
11304,0.000000
11309,0.000000
11310,0.000000
11312,0.000000
11315,0.000000
11317,0.000000
11320,0.000000
11329,0.000000
11330,0.000000
11331,0.000000
11339,0.000000
11343,0.000000
11346,0.000000
11347,0.000000
11354,0.000000
11356,0.000000
11358,0.000000
11369,0.000000
11372,0.000000
11380,0.000000
11386,0.000000
11390,0.000000
11397,0.000000
11399,0.000000
11401,0.000000
11402,0.000000
11403,0.000000
11404,0.000000
11407,0.000000
11408,0.000000
11409,0.000000
11414,0.000000
11416,0.000000
11423,0.000000
11424,0.000000
11430,0.000000
11434,0.000000
11441,0.000000
11442,0.000000
11444,0.000000
11455,0.000000
11458,0.000000
11459,0.000000
11461,0.000000
11464,0.000000
11467,0.000000
11469,0.000000
11470,0.000000
11473,0.000000
11478,0.000000
11479,0.000000
11482,0.000000
11489,0.000000
11495,0.000000
11508,0.000000
11512,0.000000
11519,0.000000
11524,0.000000
11527,0.000000
11529,0.000000
11531,0.000000
11532,0.000000
11537,0.000000
11542,0.000000
11543,0.000000
11544,0.000000
11548,0.000000
11552,0.000000
11557,0.000000
11567,0.000000
11569,0.000000
11574,0.000000
11580,0.000000
11583,0.000000
11591,0.000000
11593,0.000000
11599,0.000000
11604,0.000000
11607,0.000000
11613,0.000000
11616,0.000000
11620,0.000000
11621,0.000000
11623,0.000000
11625,0.000000
11626,0.000000
11631,0.000000
11633,0.000000
11635,0.000000
11636,0.000000
11642,0.000000
11646,0.000000
11650,0.000000
11652,0.000000
11653,0.000000
11656,0.000000
11657,0.000000
11663,0.000000
11666,0.000000
11669,0.000000
11671,0.000000
11673,0.000000
11674,0.000000
11677,0.000000
11681,0.000000
11683,0.000000
11686,0.000000
11687,0.000000
11688,0.000000
11696,0.000000
11700,0.000000
11705,0.000000
11710,0.000000
11716,0.000000
11721,0.000000
11724,0.000000
11727,0.000000
11731,0.000000
11734,0.000000
11737,0.000000
11738,0.000000
11743,0.000000
11745,0.000000
11753,0.000000
11763,0.000000
11768,0.000000
11769,0.000000
11771,0.000000
11772,0.000000
11773,0.000000
11782,0.000000
11783,0.000000
11786,0.000000
11795,0.000000
11797,0.000000
11805,0.000000
11807,0.000000
11809,0.000000
11813,0.000000
11814,0.000000
11818,0.000000
11819,0.000000
11822,0.000000
11828,0.000000
11830,0.000000
11832,0.000000
11836,0.000000
11841,0.000000
11844,0.000000
11846,0.000000
11858,0.000000
11861,0.000000
11863,0.000000
11865,0.000000
11867,0.000000
11874,0.000000
11876,0.000000
11878,0.000000
11879,0.000000
11889,0.000000
11895,0.000000
11896,0.000000
11898,0.000000
11900,0.000000
11901,0.000000
11902,0.000000
11908,0.000000
11910,0.000000
11921,0.000000
11923,0.000000
11928,0.000000
11931,0.000000
11935,0.000000
11940,0.000000
11945,0.000000
11950,0.000000
11955,0.000000
11958,0.000000
11960,0.000000
11961,0.000000
11963,0.000000
11964,0.000000
11967,0.000000
11973,0.000000
11979,0.000000
11987,0.000000
11988,0.000000
11991,0.000000
11993,0.000000
12003,0.000000
12008,0.000000
12010,0.000000
12016,0.000000
12019,0.000000
12028,0.000000
12030,0.000000
12033,0.000000
12035,0.000000
12038,0.000000
12045,0.000000
12049,0.000000
12050,0.000000
12053,0.000000
12058,0.000000
12064,0.000000
12065,0.000000
12066,0.000000
12069,0.000000
12072,0.000000
12073,0.000000
12076,0.000000
12078,0.000000
12079,0.000000
12080,0.000000
12083,0.000000
12085,0.000000
12088,0.000000
12091,0.000000
12099,0.000000
12100,0.000000
12103,0.000000
12104,0.000000
12112,0.000000
12115,0.000000
12117,0.000000
12119,0.000000
12120,0.000000
12125,0.000000
12130,0.000000
12131,0.000000
12132,0.000000
12134,0.000000
12136,0.000000
12138,0.000000
12141,0.000000
12144,0.000000
12147,0.000000
12152,0.000000
12160,0.000000
12164,0.000000
12168,0.000000
12170,0.000000
12171,0.000000
12177,0.000000
12182,0.000000
12187,0.000000
12191,0.000000
12195,0.000000
12199,0.000000
12202,0.000000
12203,0.000000
12205,0.000000
12208,0.000000
12217,0.000000
12219,0.000000
12220,0.000000
12222,0.000000
12226,0.000000
12229,0.000000
12232,0.000000
12235,0.000000
12244,0.000000
12245,0.000000
12250,0.000000
12252,0.000000
12259,0.000000
12262,0.000000
12263,0.000000
12264,0.000000
12268,0.000000
12269,0.000000
12270,0.000000
12272,0.000000
12274,0.000000
12276,0.000000
12280,0.000000
12283,0.000000
12285,0.000000
12288,0.000000
12289,0.000000
12290,0.000000
12292,0.000000
12295,0.000000
12297,0.000000
12299,0.000000
12302,0.000000
12308,0.000000
12312,0.000000
12315,0.000000
12321,0.000000
12323,0.000000
12326,0.000000
12327,0.000000
12328,0.000000
12331,0.000000
12333,0.000000
12334,0.000000
12335,0.000000
12336,0.000000
12344,0.000000
12346,0.000000
12347,0.000000
12349,0.000000
12356,0.000000
12359,0.000000
12360,0.000000
12363,0.000000
12366,0.000000
12367,0.000000
12376,0.000000
12381,0.000000
12389,0.000000
12396,0.000000
12398,0.000000
12401,0.000000
12402,0.000000
12407,0.000000
12408,0.000000
12413,0.000000
12418,0.000000
12419,0.000000
12428,0.000000
12432,0.000000
12441,0.000000
12442,0.000000
12443,0.000000
12450,0.000000
12455,0.000000
12461,0.000000
12472,0.000000
12474,0.000000
12476,0.000000
12479,0.000000
12487,0.000000
12489,0.000000
12491,0.000000
12492,0.000000
12493,0.000000
12495,0.000000
12500,0.000000
12501,0.000000
12512,0.000000
12521,0.000000
12526,0.000000
12528,0.000000
12530,0.000000
12531,0.000000
12532,0.000000
12534,0.000000
12550,0.000000
12555,0.000000
12559,0.000000
12566,0.000000
12567,0.000000
12572,0.000000
12574,0.000000
12576,0.000000
12580,0.000000
12585,0.000000
12592,0.000000
12595,0.000000
12599,0.000000
12600,0.000000
12602,0.000000
12607,0.000000
12608,0.000000
12624,0.000000
12629,0.000000
12633,0.000000
12634,0.000000
12635,0.000000
12637,0.000000
12638,0.000000
12641,0.000000
12644,0.000000
12645,0.000000
12659,0.000000
12660,0.000000
12662,0.000000
12665,0.000000
12666,0.000000
12668,0.000000
12670,0.000000
12676,0.000000
12680,0.000000
12683,0.000000
12686,0.000000
12687,0.000000
12688,0.000000
12690,0.000000
12693,0.000000
12694,0.000000
12696,0.000000
12697,0.000000
12698,0.000000
12702,0.000000
12705,0.000000
12709,0.000000
12711,0.000000
12712,0.000000
12716,0.000000
12720,0.000000
12724,0.000000
12726,0.000000
12728,0.000000
12729,0.000000
12735,0.000000
12737,0.000000
12739,0.000000
12741,0.000000
12745,0.000000
12750,0.000000
12752,0.000000
12756,0.000000
12760,0.000000
12766,0.000000
12767,0.000000
12768,0.000000
12775,0.000000
12777,0.000000
12778,0.000000
12783,0.000000
12787,0.000000
12788,0.000000
12789,0.000000
12791,0.000000
12795,0.000000
12798,0.000000
12804,0.000000
12812,0.000000
12815,0.000000
12824,0.000000
12825,0.000000
12831,0.000000
12833,0.000000
12839,0.000000
12840,0.000000
12850,0.000000
12855,0.000000
12862,0.000000
12866,0.000000
12868,0.000000
12873,0.000000
12874,0.000000
12875,0.000000
12884,0.000000
12885,0.000000
12886,0.000000
12888,0.000000
12892,0.000000
12894,0.000000
12898,0.000000
12902,0.000000
12903,0.000000
12906,0.000000
12908,0.000000
12909,0.000000
12913,0.000000
12914,0.000000
12918,0.000000
12920,0.000000
12929,0.000000
12930,0.000000
12937,0.000000
12938,0.000000
12946,0.000000
12951,0.000000
12955,0.000000
12956,0.000000
12957,0.000000
12958,0.000000
12959,0.000000
12963,0.000000
12964,0.000000
12970,0.000000
12972,0.000000
12974,0.000000
12976,0.000000
12977,0.000000
12980,0.000000
12985,0.000000
12992,0.000000
12998,0.000000
13004,0.000000
13007,0.000000
13008,0.000000
13011,0.000000
13017,0.000000
13021,0.000000
13025,0.000000
13026,0.000000
13029,0.000000
13037,0.000000
13041,0.000000
13044,0.000000
13046,0.000000
13047,0.000000
13050,0.000000
13053,0.000000
13054,0.000000
13059,0.000000
13063,0.000000
13069,0.000000
13070,0.000000
13077,0.000000
13079,0.000000
13081,0.000000
13088,0.000000
13089,0.000000
13091,0.000000
13094,0.000000
13095,0.000000
13102,0.000000
13104,0.000000
13106,0.000000
13109,0.000000
13113,0.000000
13115,0.000000
13116,0.000000
13117,0.000000
13123,0.000000
13126,0.000000
13128,0.000000
13133,0.000000
13137,0.000000
13139,0.000000
13143,0.000000
13144,0.000000
13150,0.000000
13155,0.000000
13159,0.000000
13161,0.000000
13165,0.000000
13170,0.000000
13174,0.000000
13175,0.000000
13177,0.000000
13178,0.000000
13180,0.000000
13185,0.000000
13188,0.000000
13193,0.000000
13198,0.000000
13200,0.000000
13204,0.000000
13213,0.000000
13218,0.000000
13222,0.000000
13223,0.000000
13224,0.000000
13227,0.000000
13230,0.000000
13233,0.000000
13234,0.000000
13238,0.000000
13249,0.000000
13253,0.000000
13257,0.000000
13261,0.000000
13266,0.000000
13270,0.000000
13273,0.000000
13275,0.000000
13277,0.000000
13280,0.000000
13283,0.000000
13285,0.000000
13288,0.000000
13292,0.000000
13294,0.000000
13295,0.000000
13296,0.000000
13298,0.000000
13301,0.000000
13302,0.000000
13306,0.000000
13307,0.000000
13310,0.000000
13312,0.000000
13315,0.000000
13316,0.000000
13317,0.000000
13319,0.000000
13320,0.000000
13321,0.000000
13329,0.000000
13330,0.000000
13332,0.000000
13334,0.000000
13336,0.000000
13338,0.000000
13339,0.000000
13341,0.000000
13346,0.000000
13348,0.000000
13349,0.000000
13358,0.000000
13363,0.000000
13370,0.000000
13377,0.000000
13378,0.000000
13380,0.000000
13382,0.000000
13385,0.000000
13387,0.000000
13392,0.000000
13394,0.000000
13396,0.000000
13397,0.000000
13399,0.000000
13402,0.000000
13404,0.000000
13408,0.000000
13409,0.000000
13414,0.000000
13415,0.000000
13417,0.000000
13419,0.000000
13421,0.000000
13429,0.000000
13431,0.000000
13433,0.000000
13438,0.000000
13441,0.000000
13442,0.000000
13449,0.000000
13450,0.000000
13458,0.000000
13461,0.000000
13462,0.000000
13463,0.000000
13470,0.000000
13477,0.000000
13484,0.000000
13487,0.000000
13489,0.000000
13491,0.000000
13493,0.000000
13494,0.000000
13497,0.000000
13507,0.000000
13510,0.000000
13512,0.000000
13519,0.000000
13523,0.000000
13527,0.000000
13530,0.000000
13531,0.000000
13532,0.000000
13533,0.000000
13535,0.000000
13536,0.000000
13538,0.000000
13539,0.000000
13541,0.000000
13542,0.000000
13545,0.000000
13546,0.000000
13548,0.000000
13551,0.000000
13559,0.000000
13564,0.000000
13571,0.000000
13574,0.000000
13578,0.000000
13583,0.000000
13584,0.000000
13589,0.000000
13593,0.000000
13595,0.000000
13602,0.000000
13609,0.000000
13614,0.000000
13618,0.000000
13621,0.000000
13626,0.000000
13632,0.000000
13633,0.000000
13635,0.000000
13637,0.000000
13640,0.000000
13647,0.000000
13648,0.000000
13655,0.000000
13662,0.000000
13664,0.000000
13668,0.000000
13670,0.000000
13672,0.000000
13675,0.000000
13677,0.000000
13680,0.000000
13684,0.000000
13686,0.000000
13687,0.000000
13691,0.000000
13698,0.000000
13700,0.000000
13703,0.000000
13706,0.000000
13713,0.000000
13714,0.000000
13716,0.000000
13717,0.000000
13720,0.000000
13723,0.000000
13724,0.000000
13727,0.000000
13732,0.000000
13734,0.000000
13736,0.000000
13737,0.000000
13741,0.000000
13742,0.000000
13745,0.000000
13749,0.000000
13750,0.000000
13752,0.000000
13755,0.000000
13764,0.000000
13765,0.000000
13769,0.000000
13774,0.000000
13781,0.000000
13783,0.000000
13785,0.000000
13790,0.000000
13792,0.000000
13795,0.000000
13797,0.000000
13798,0.000000
13801,0.000000
13808,0.000000
13813,0.000000
13814,0.000000
13820,0.000000
13823,0.000000
13833,0.000000
13841,0.000000
13846,0.000000
13856,0.000000
13857,0.000000
13859,0.000000
13861,0.000000
13865,0.000000
13868,0.000000
13869,0.000000
13876,0.000000
13877,0.000000
13878,0.000000
13879,0.000000
13890,0.000000
13891,0.000000
13893,0.000000
13894,0.000000
13899,0.000000
13901,0.000000
13902,0.000000
13905,0.000000
13907,0.000000
13908,0.000000
13910,0.000000
13911,0.000000
13915,0.000000
13920,0.000000
13921,0.000000
13922,0.000000
13928,0.000000
13929,0.000000
13934,0.000000
13942,0.000000
13943,0.000000
13948,0.000000
13949,0.000000
13950,0.000000
13953,0.000000
13954,0.000000
13956,0.000000
13961,0.000000
13964,0.000000
13966,0.000000
13967,0.000000
13974,0.000000
13979,0.000000
13985,0.000000
13986,0.000000
13988,0.000000
13992,0.000000
13997,0.000000
14000,0.000000
14001,0.000000
14005,0.000000
14008,0.000000
14009,0.000000
14019,0.000000
14021,0.000000
14025,0.000000
14029,0.000000
14031,0.000000
14038,0.000000
14040,0.000000
14041,0.000000
14044,0.000000
14046,0.000000
14048,0.000000
14053,0.000000
14055,0.000000
14060,0.000000
14065,0.000000
14068,0.000000
14070,0.000000
14073,0.000000
14077,0.000000
14078,0.000000
14080,0.000000
14083,0.000000
14086,0.000000
14098,0.000000
14101,0.000000
14104,0.000000
14106,0.000000
14110,0.000000
14115,0.000000
14122,0.000000
14123,0.000000
14129,0.000000
14130,0.000000
14133,0.000000
14136,0.000000
14138,0.000000
14147,0.000000
14149,0.000000
14152,0.000000
14154,0.000000
14159,0.000000
14164,0.000000
14166,0.000000
14172,0.000000
14177,0.000000
14181,0.000000
14187,0.000000
14190,0.000000
14196,0.000000
14200,0.000000
14206,0.000000
14210,0.000000
14211,0.000000
14213,0.000000
14215,0.000000
14216,0.000000
14219,0.000000
14224,0.000000
14227,0.000000
14228,0.000000
14232,0.000000
14242,0.000000
14244,0.000000
14252,0.000000
14253,0.000000
14258,0.000000
14260,0.000000
14264,0.000000
14271,0.000000
14274,0.000000
14276,0.000000
14279,0.000000
14284,0.000000
14289,0.000000
14297,0.000000
14298,0.000000
14299,0.000000
14300,0.000000
14302,0.000000
14304,0.000000
14307,0.000000
14309,0.000000
14312,0.000000
14315,0.000000
14318,0.000000
14321,0.000000
14323,0.000000
14328,0.000000
14329,0.000000
14331,0.000000
14332,0.000000
14334,0.000000
14336,0.000000
14341,0.000000
14342,0.000000
14345,0.000000
14347,0.000000
14354,0.000000
14355,0.000000
14356,0.000000
14357,0.000000
14360,0.000000
14361,0.000000
14368,0.000000
14369,0.000000
14370,0.000000
14372,0.000000
14373,0.000000
14379,0.000000
14381,0.000000
14382,0.000000
14384,0.000000
14386,0.000000
14389,0.000000
14393,0.000000
14396,0.000000
14397,0.000000
14399,0.000000
14401,0.000000
14404,0.000000
14409,0.000000
14410,0.000000
14419,0.000000
14420,0.000000
14425,0.000000
14429,0.000000
14431,0.000000
14432,0.000000
14434,0.000000
14439,0.000000
14440,0.000000
14441,0.000000
14444,0.000000
14448,0.000000
14451,0.000000
14453,0.000000
14455,0.000000
14459,0.000000
14460,0.000000
14463,0.000000
14464,0.000000
14469,0.000000
14470,0.000000
14471,0.000000
14472,0.000000
14474,0.000000
14477,0.000000
14480,0.000000
14486,0.000000
14487,0.000000
14489,0.000000
14490,0.000000
14494,0.000000
14498,0.000000
14499,0.000000
14507,0.000000
14512,0.000000
14517,0.000000
14518,0.000000
14521,0.000000
14524,0.000000
14532,0.000000
14540,0.000000
14544,0.000000
14546,0.000000
14554,0.000000
14557,0.000000
14560,0.000000
14562,0.000000
14565,0.000000
14566,0.000000
14567,0.000000
14570,0.000000
14571,0.000000
14573,0.000000
14575,0.000000
14577,0.000000
14578,0.000000
14581,0.000000
14582,0.000000
14587,0.000000
14589,0.000000
14590,0.000000
14591,0.000000
14592,0.000000
14595,0.000000
14597,0.000000
14605,0.000000
14607,0.000000
14611,0.000000
14613,0.000000
14623,0.000000
14632,0.000000
14633,0.000000
14636,0.000000
14641,0.000000
14642,0.000000
14643,0.000000
14644,0.000000
14646,0.000000
14648,0.000000
14650,0.000000
14659,0.000000
14667,0.000000
14669,0.000000
14672,0.000000
14675,0.000000
14677,0.000000
14678,0.000000
14680,0.000000
14681,0.000000
14685,0.000000
14686,0.000000
14689,0.000000
14691,0.000000
14692,0.000000
14694,0.000000
14696,0.000000
14697,0.000000
14701,0.000000
14703,0.000000
14706,0.000000
14712,0.000000
14713,0.000000
14723,0.000000
14731,0.000000
14735,0.000000
14740,0.000000
14742,0.000000
14745,0.000000
14749,0.000000
14754,0.000000
14756,0.000000
14758,0.000000
14760,0.000000
14762,0.000000
14768,0.000000
14773,0.000000
14777,0.000000
14781,0.000000
14783,0.000000
14785,0.000000
14787,0.000000
14788,0.000000
14789,0.000000
14792,0.000000
14798,0.000000
14799,0.000000
14800,0.000000
14802,0.000000
14804,0.000000
14811,0.000000
14812,0.000000
14819,0.000000
14821,0.000000
14826,0.000000
14827,0.000000
14829,0.000000
14831,0.000000
14832,0.000000
14833,0.000000
14835,0.000000
14837,0.000000
14838,0.000000
14841,0.000000
14842,0.000000
14843,0.000000
14849,0.000000
14851,0.000000
14852,0.000000
14855,0.000000
14859,0.000000
14862,0.000000
14864,0.000000
14869,0.000000
14871,0.000000
14872,0.000000
14873,0.000000
14876,0.000000
14879,0.000000
14881,0.000000
14886,0.000000
14887,0.000000
14891,0.000000
14893,0.000000
14897,0.000000
14898,0.000000
14899,0.000000
14902,0.000000
14908,0.000000
14909,0.000000
14910,0.000000
14912,0.000000
14914,0.000000
14918,0.000000
14920,0.000000
14921,0.000000
14923,0.000000
14926,0.000000
14928,0.000000
14933,0.000000
14934,0.000000
14937,0.000000
14939,0.000000
14943,0.000000
14948,0.000000
14950,0.000000
14955,0.000000
14956,0.000000
14958,0.000000
14965,0.000000
14970,0.000000
