Evaluations,Fitness
1,340574.169601
3,304797.813253
8,293125.656687
19,258849.724356
45,237551.533219
56,207132.490921
58,205632.230826
63,197337.257860
64,183529.086434
72,150175.828071
109,146352.596561
118,125618.983778
132,111546.481720
140,109901.624213
148,103132.152439
170,93703.365583
181,91746.178037
192,89335.327297
197,89210.968369
205,82629.150735
242,78187.252185
255,74531.293366
289,73295.421144
291,66474.672095
321,63158.445238
331,55088.842342
360,49571.688245
415,46737.064525
445,46438.077037
454,43519.389104
476,42117.493471
571,42035.830901
640,41093.750806
706,40229.270666
714,39000.390661
764,38698.457015
786,37008.050354
798,36136.856831
990,33319.368279
1028,31467.810996
1095,30193.955014
1151,29783.245083
1242,29392.917978
1250,28608.409852
1280,27758.853111
1286,26484.582379
1347,25696.215407
1530,25624.271368
1567,24508.905493
1761,22437.179603
2591,21375.592479
3000,21252.043633
3066,20564.250471
3096,20088.160147
3296,19027.284992
3429,18906.339222
3571,17297.405660
3870,15396.937432
4191,15121.788701
4403,14939.141582
4668,13876.615104
5588,13840.196624
5613,13595.875274
5900,13111.332750
5939,12866.006653
6879,12800.246664
6956,12643.453366
6988,12447.914950
7056,12023.360988
7796,12005.421446
7830,11526.273529
7985,11356.691073
8019,11345.440464
8160,11257.061395
8216,10858.324783
8428,10525.829314
8585,10430.743162
8661,10194.791803
8676,10093.453011
8898,9956.365373
8979,9912.817556
9159,9636.609245
9213,9491.032578
9257,9405.662189
9289,9389.837872
9537,9219.446665
9708,9100.951026
10151,8930.697563
10225,8795.152736
10370,8748.233686
10388,8727.987434
10444,8710.454112
10447,8689.967802
10626,8571.689085
10679,8487.226800
10778,8450.068322
10827,8349.109739
10891,7955.487067
11086,7892.758509
11096,7786.420546
11337,7619.317931
11404,7536.785439
11600,7469.016644
11656,7435.917461
11692,7307.521696
11794,7158.771874
12238,7078.122131
12269,7076.458724
12320,7051.410644
12366,7048.205867
12386,7038.187021
12426,7034.143737
12454,7015.339786
12663,7002.224834
12729,6981.606125
12746,6894.949053
12825,6879.876626
12916,6756.877258
12978,6725.858717
13116,6701.489103
13186,6680.427723
13312,6660.149679
13416,6641.008811
13439,6618.201276
13486,6606.357908
13532,6586.390203
13560,6568.052094
13664,6550.538866
13726,6530.475678
13738,6530.212677
13754,6513.430918
13783,6475.767227
13832,6459.279076
13847,6454.190916
13880,6435.114487
13894,6430.205629
13899,6410.728133
13923,6409.275962
14011,6407.456114
14014,6396.468807
14040,6391.868458
14071,6380.290845
14093,6367.155524
14118,6344.818978
14181,6344.770187
14192,6344.012233
14204,6343.644808
14218,6334.430374
14277,6332.222067
14284,6320.524662
14302,6317.707596
14321,6313.567714
14342,6311.894123
14344,6295.141384
14369,6288.316516
14384,6284.496454
14388,6276.935153
14397,6276.835248
14408,6256.912172
14447,6252.994170
14452,6250.753786
14467,6248.061112
14473,6243.877167
14500,6239.540872
14502,6223.371012
14504,6221.525677
14517,6217.146202
14533,6217.014824
14544,6215.068888
14551,6213.401996
14556,6201.518396
14573,6201.135728
14580,6197.350549
14581,6191.259508
14587,6190.251819
14598,6185.326953
14604,6184.578484
14606,6183.452776
14609,6181.796443
14620,6180.699961
14621,6178.270920
14625,6170.185055
14634,6168.325973
14666,6164.658982
14678,6160.579176
14683,6158.897157
14692,6155.016916
14696,6152.495605
14702,6151.284825
14703,6146.829097
14708,6146.565455
14714,6146.508432
14719,6144.042695
14724,6143.116162
14727,6142.668662
14728,6141.920676
14733,6141.731585
14740,6141.068959
14743,6138.269011
14745,6135.788813
14747,6133.778060
14756,6132.976852
14758,6131.662820
14759,6130.994745
14762,6129.151388
14763,6126.647941
14771,6123.331213
14775,6123.106708
14784,6118.873820
14797,6118.758774
14800,6118.646044
14808,6114.936737
14813,6110.648554
14814,6110.324670
14825,6110.202651
14827,6108.697378
14840,6105.206789
14851,6104.525978
14853,6103.211036
14856,6102.526404
14859,6102.013904
14861,6100.921322
14864,6100.635775
14868,6098.060677
14873,6096.659140
14879,6096.445677
14880,6094.673236
14885,6094.047155
14888,6094.046462
14892,6092.109938
14895,6090.957526
14897,6090.536760
14901,6089.199307
14902,6088.291362
14907,6087.843190
14910,6087.676690
14913,6087.325123
14916,6087.127997
14917,6086.337828
14918,6086.314360
14919,6086.255458
14920,6085.327906
14921,6084.908647
14922,6084.869283
14926,6084.144081
14936,6083.779781
14937,6083.755664
14940,6083.726916
14941,6083.697359
14942,6083.672922
14943,6083.564353
14945,6083.156296
14948,6083.055341
14951,6082.380936
14955,6081.621537
14962,6081.313207
14967,6081.161377
14968,6080.932153
14969,6080.688506
