Evaluations,Fitness
1,21.217596
2,21.194837
4,21.182656
10,21.093269
18,20.958423
29,20.886273
43,20.880945
63,20.814590
75,20.768971
116,20.672168
130,20.646119
148,20.599290
161,20.410719
170,20.103020
210,19.884060
218,19.426420
285,19.253311
286,18.344158
320,18.198110
341,17.438498
371,17.157093
376,16.593167
407,16.459065
441,15.760587
447,14.801933
476,14.358590
522,14.334521
547,14.283814
555,14.069225
568,13.543366
623,13.029754
627,12.571280
657,12.243012
680,11.349942
695,11.195263
709,10.960208
710,9.556460
743,9.352551
744,9.170381
768,9.034345
782,8.973660
803,7.643804
854,7.302646
883,7.204063
889,6.675407
898,6.508509
928,5.731163
958,5.691495
973,5.448443
983,5.183794
994,5.127850
1021,5.106134
1024,4.919420
1049,4.870887
1054,4.755834
1069,4.514352
1111,4.478161
1122,4.344054
1129,3.992478
1131,3.848404
1151,3.557948
1178,3.548504
1181,3.523992
1191,3.319914
1211,3.260739
1216,3.195868
1233,3.095846
1271,3.054078
1272,3.047061
1276,2.804491
1282,2.691749
1295,2.669383
1298,2.661993
1321,2.554859
1324,2.537276
1339,2.300796
1344,2.101328
1367,1.999548
1374,1.873139
1378,1.819870
1408,1.804213
1421,1.780730
1422,1.712991
1436,1.687749
1438,1.624592
1450,1.573089
1455,1.457334
1458,1.380708
1468,1.291559
1485,1.266321
1488,1.219195
1515,1.075967
1548,0.891798
1575,0.877237
1588,0.872457
1592,0.723844
1622,0.692272
1633,0.689012
1634,0.650335
1663,0.643401
1664,0.591641
1682,0.570700
1686,0.552225
1717,0.495564
1724,0.443530
1731,0.424103
1756,0.422803
1758,0.414643
1765,0.295715
1795,0.288722
1796,0.273823
1798,0.248015
1812,0.245546
1819,0.228208
1828,0.176187
1867,0.174665
1880,0.172654
1886,0.171996
1887,0.165821
1904,0.150530
1913,0.144336
1916,0.140251
1929,0.103922
1977,0.095360
2005,0.090604
2008,0.086217
2012,0.084658
2017,0.080866
2020,0.079383
2025,0.076108
2035,0.071065
2048,0.067476
2052,0.062043
2065,0.058853
2080,0.052126
2136,0.049414
2144,0.043556
2150,0.040359
2176,0.039271
2190,0.036490
2211,0.036013
2212,0.034149
2242,0.031789
2248,0.030108
2261,0.027010
2271,0.026657
2274,0.024190
2288,0.023036
2299,0.020783
2304,0.020753
2311,0.018622
2312,0.017166
2345,0.016374
2349,0.016111
2382,0.015738
2393,0.015091
2413,0.013355
2421,0.013264
2424,0.012875
2426,0.012701
2431,0.011795
2437,0.010712
2438,0.009620
2443,0.008989
2454,0.008920
2471,0.008835
2474,0.008568
2504,0.007471
2514,0.007390
2526,0.007057
2551,0.006991
2568,0.006235
2569,0.006106
2578,0.005593
2579,0.005488
2580,0.005378
2585,0.005301
2587,0.004874
2615,0.004343
2621,0.004199
2640,0.003708
2670,0.003626
2674,0.003492
2686,0.003433
2704,0.003011
2719,0.002993
2721,0.002916
2723,0.002705
2731,0.002621
2732,0.002570
2741,0.002387
2751,0.002178
2762,0.002156
2772,0.002109
2792,0.001728
2808,0.001636
2825,0.001630
2829,0.001587
2838,0.001489
2839,0.001443
2862,0.001363
2868,0.001293
2869,0.001225
2875,0.001200
2889,0.001126
2910,0.001016
2915,0.000934
2922,0.000933
2940,0.000874
2949,0.000867
2970,0.000856
2976,0.000850
2986,0.000835
2990,0.000779
3001,0.000758
3011,0.000741
3022,0.000668
3031,0.000661
3034,0.000657
3035,0.000583
3042,0.000547
3059,0.000536
3089,0.000497
3116,0.000493
3120,0.000467
3121,0.000442
3126,0.000401
3129,0.000369
3157,0.000357
3187,0.000348
3189,0.000314
3194,0.000298
3195,0.000293
3196,0.000275
3200,0.000269
3205,0.000259
3219,0.000230
3224,0.000225
3242,0.000210
3252,0.000208
3261,0.000196
3278,0.000194
3283,0.000190
3285,0.000188
3286,0.000184
3291,0.000181
3295,0.000181
3298,0.000173
3304,0.000160
3321,0.000147
3322,0.000147
3331,0.000146
3337,0.000138
3350,0.000124
3355,0.000119
3363,0.000108
3367,0.000104
3372,0.000102
3385,0.000102
3393,0.000097
3399,0.000093
3402,0.000086
3411,0.000085
3421,0.000084
3422,0.000078
3431,0.000077
3432,0.000075
3454,0.000070
3466,0.000069
3472,0.000069
3473,0.000063
3481,0.000060
3484,0.000054
3489,0.000047
3524,0.000044
3542,0.000038
3556,0.000038
3565,0.000038
3570,0.000037
3577,0.000037
3582,0.000036
3587,0.000035
3597,0.000032
3609,0.000032
3612,0.000031
3621,0.000030
3650,0.000028
3651,0.000026
3652,0.000025
3658,0.000023
3669,0.000020
3680,0.000019
3682,0.000019
3689,0.000019
3693,0.000018
3698,0.000018
3700,0.000015
3728,0.000015
3736,0.000014
3738,0.000014
3748,0.000013
3756,0.000013
3771,0.000012
3777,0.000011
3778,0.000011
3794,0.000011
3796,0.000010
3820,0.000009
3830,0.000009
3838,0.000009
3843,0.000008
3851,0.000008
3854,0.000008
3860,0.000008
3863,0.000007
3868,0.000006
3878,0.000006
3884,0.000006
3899,0.000006
3902,0.000005
3916,0.000005
3929,0.000005
3932,0.000004
3934,0.000004
3936,0.000004
3947,0.000004
3970,0.000003
3978,0.000003
3989,0.000003
3994,0.000003
3998,0.000003
4028,0.000003
4030,0.000003
4038,0.000002
4063,0.000002
4070,0.000002
4073,0.000002
4080,0.000002
4090,0.000002
4091,0.000002
4093,0.000002
4103,0.000002
4104,0.000001
4110,0.000001
4120,0.000001
4125,0.000001
4138,0.000001
4142,0.000001
4159,0.000001
4164,0.000001
4178,0.000001
4185,0.000001
4189,0.000001
4202,0.000001
4206,0.000001
4213,0.000001
4215,0.000001
4217,0.000001
4218,0.000001
4240,0.000001
4242,0.000001
4257,0.000001
4276,0.000001
4286,0.000001
4290,0.000001
4293,0.000001
4298,0.000001
4299,0.000001
4325,0.000000
4328,0.000000
4329,0.000000
4341,0.000000
4349,0.000000
4353,0.000000
4371,0.000000
4387,0.000000
4389,0.000000
4394,0.000000
4395,0.000000
4398,0.000000
4413,0.000000
4417,0.000000
4419,0.000000
4423,0.000000
4425,0.000000
4430,0.000000
4438,0.000000
4439,0.000000
4452,0.000000
4456,0.000000
4476,0.000000
4479,0.000000
4482,0.000000
4512,0.000000
4521,0.000000
4524,0.000000
4528,0.000000
4534,0.000000
4536,0.000000
4540,0.000000
4560,0.000000
4570,0.000000
4572,0.000000
4580,0.000000
4584,0.000000
4587,0.000000
4599,0.000000
4601,0.000000
4615,0.000000
4622,0.000000
4624,0.000000
4628,0.000000
4652,0.000000
4654,0.000000
4659,0.000000
4667,0.000000
4671,0.000000
4672,0.000000
4673,0.000000
4675,0.000000
4682,0.000000
4712,0.000000
4717,0.000000
4725,0.000000
4727,0.000000
4736,0.000000
4750,0.000000
4755,0.000000
4757,0.000000
4785,0.000000
4786,0.000000
4787,0.000000
4790,0.000000
4793,0.000000
4795,0.000000
4814,0.000000
4815,0.000000
4821,0.000000
4844,0.000000
4848,0.000000
4850,0.000000
4856,0.000000
4860,0.000000
4865,0.000000
4869,0.000000
4890,0.000000
4894,0.000000
4904,0.000000
4915,0.000000
4921,0.000000
4929,0.000000
4932,0.000000
4937,0.000000
4962,0.000000
4963,0.000000
4965,0.000000
4989,0.000000
4995,0.000000
5005,0.000000
5008,0.000000
5014,0.000000
5025,0.000000
5028,0.000000
5034,0.000000
5039,0.000000
5046,0.000000
5048,0.000000
5064,0.000000
5068,0.000000
5075,0.000000
5077,0.000000
5082,0.000000
5088,0.000000
5094,0.000000
5101,0.000000
5105,0.000000
5107,0.000000
5110,0.000000
5114,0.000000
5117,0.000000
5118,0.000000
5123,0.000000
5135,0.000000
5140,0.000000
5148,0.000000
5155,0.000000
5159,0.000000
5167,0.000000
5169,0.000000
5177,0.000000
5184,0.000000
5195,0.000000
5199,0.000000
5208,0.000000
5210,0.000000
5228,0.000000
5234,0.000000
5236,0.000000
5239,0.000000
5247,0.000000
5250,0.000000
5255,0.000000
5256,0.000000
5263,0.000000
5265,0.000000
5277,0.000000
5286,0.000000
5292,0.000000
5303,0.000000
5305,0.000000
5311,0.000000
5328,0.000000
5339,0.000000
5342,0.000000
5350,0.000000
5365,0.000000
5368,0.000000
5369,0.000000
5376,0.000000
5377,0.000000
5378,0.000000
5379,0.000000
5393,0.000000
5406,0.000000
5416,0.000000
5422,0.000000
5428,0.000000
5430,0.000000
5435,0.000000
5437,0.000000
5446,0.000000
5450,0.000000
5453,0.000000
5460,0.000000
5461,0.000000
5462,0.000000
5464,0.000000
5467,0.000000
5468,0.000000
5475,0.000000
5484,0.000000
5486,0.000000
5497,0.000000
5498,0.000000
5501,0.000000
5511,0.000000
5513,0.000000
5514,0.000000
5516,0.000000
5520,0.000000
5531,0.000000
5532,0.000000
5535,0.000000
5547,0.000000
5552,0.000000
5561,0.000000
5564,0.000000
5565,0.000000
5568,0.000000
5573,0.000000
5576,0.000000
5583,0.000000
5589,0.000000
5592,0.000000
5604,0.000000
5610,0.000000
5613,0.000000
5621,0.000000
5622,0.000000
5626,0.000000
5631,0.000000
5632,0.000000
5637,0.000000
5641,0.000000
5648,0.000000
5651,0.000000
5663,0.000000
5664,0.000000
5667,0.000000
5683,0.000000
5699,0.000000
5708,0.000000
5714,0.000000
5717,0.000000
5724,0.000000
5725,0.000000
5729,0.000000
5732,0.000000
5741,0.000000
5744,0.000000
5751,0.000000
5753,0.000000
5757,0.000000
5773,0.000000
5775,0.000000
5783,0.000000
5787,0.000000
5792,0.000000
5798,0.000000
5804,0.000000
5812,0.000000
5813,0.000000
5814,0.000000
5816,0.000000
5819,0.000000
5820,0.000000
5822,0.000000
5826,0.000000
5829,0.000000
5832,0.000000
5837,0.000000
5851,0.000000
5853,0.000000
5856,0.000000
5871,0.000000
5874,0.000000
5876,0.000000
5882,0.000000
5886,0.000000
5899,0.000000
5900,0.000000
5909,0.000000
5910,0.000000
5918,0.000000
5922,0.000000
5924,0.000000
5928,0.000000
5933,0.000000
5938,0.000000
5941,0.000000
5942,0.000000
5947,0.000000
5955,0.000000
5958,0.000000
5960,0.000000
5963,0.000000
5965,0.000000
5968,0.000000
5972,0.000000
5973,0.000000
5988,0.000000
5990,0.000000
5993,0.000000
5995,0.000000
5999,0.000000
6003,0.000000
6004,0.000000
6008,0.000000
6014,0.000000
6016,0.000000
6020,0.000000
6021,0.000000
6023,0.000000
6025,0.000000
6033,0.000000
6037,0.000000
6041,0.000000
6048,0.000000
6055,0.000000
6062,0.000000
6064,0.000000
6067,0.000000
6074,0.000000
6075,0.000000
6077,0.000000
6078,0.000000
6084,0.000000
6085,0.000000
6089,0.000000
6095,0.000000
6114,0.000000
6116,0.000000
6129,0.000000
6130,0.000000
6137,0.000000
6147,0.000000
6159,0.000000
6160,0.000000
6175,0.000000
6180,0.000000
6185,0.000000
6190,0.000000
6198,0.000000
6207,0.000000
6209,0.000000
6221,0.000000
6223,0.000000
6227,0.000000
6234,0.000000
6237,0.000000
6238,0.000000
6242,0.000000
6243,0.000000
6253,0.000000
6265,0.000000
6268,0.000000
6272,0.000000
6280,0.000000
6282,0.000000
6290,0.000000
6295,0.000000
6298,0.000000
6317,0.000000
6324,0.000000
6328,0.000000
6340,0.000000
6345,0.000000
6346,0.000000
6361,0.000000
6362,0.000000
6363,0.000000
6365,0.000000
6368,0.000000
6375,0.000000
6379,0.000000
6394,0.000000
6396,0.000000
6399,0.000000
6405,0.000000
6406,0.000000
6412,0.000000
6435,0.000000
6436,0.000000
6447,0.000000
6468,0.000000
6480,0.000000
6484,0.000000
6488,0.000000
6492,0.000000
6501,0.000000
6505,0.000000
6508,0.000000
6526,0.000000
6534,0.000000
6546,0.000000
6556,0.000000
6574,0.000000
6618,0.000000
6625,0.000000
6629,0.000000
6643,0.000000
6645,0.000000
7544,0.000000
7803,0.000000
