Evaluations,Fitness
1,21.4668
3,21.367
9,21.2918
10,21.2234
55,21.198
67,21.0938
71,21.0931
111,20.8515
150,20.7065
180,20.6275
182,20.6002
211,20.5928
221,20.5266
237,20.4396
244,20.4277
245,20.3552
248,20.216
271,20.0307
279,19.9566
288,19.6847
351,19.3854
382,19.3764
386,19.285
402,19.2571
416,19.164
443,18.9873
495,18.6433
521,18.4945
570,18.2935
616,18.2309
663,18.1318
718,17.8823
822,17.7264
869,17.35
877,17.3412
892,17.2285
948,17.2217
1042,17.0732
1048,16.9244
1078,16.8969
1095,16.7591
1236,16.601
1395,16.5013
1443,16.1612
1556,16.0614
1673,16.034
1699,15.9905
2091,15.9376
2271,15.8308
2501,15.7567
2776,15.4226
3281,15.2684
3397,15.2071
3493,14.9859
4119,14.8361
5092,14.8075
5391,14.7767
5617,14.7679
6382,14.7502
6444,14.7204
6445,14.7044
6736,14.605
6763,14.6037
6839,14.5875
7379,14.4839
7425,14.4394
7877,14.4319
7946,14.4307
7967,14.3968
8143,14.3356
8570,14.2899
8898,14.2505
9045,14.2206
9169,14.1507
9503,14.1148
10045,14.0905
10132,14.0635
10341,14.0573
10465,13.985
10797,13.9807
10817,13.9
10984,13.8843
11086,13.8543
11098,13.8472
11236,13.8268
11265,13.7886
12125,13.7845
12405,13.7741
12738,13.7221
13132,13.7143
13211,13.7048
13284,13.6678
13671,13.5376
14283,13.5358
14511,13.5254
14512,13.4307
14616,13.3481
14675,13.3202
14739,13.302
14740,13.3007
14745,13.3002
14750,13.2773
14769,13.2661
14805,13.2621
14812,13.2094
14846,13.1894
14868,13.184
14870,13.1656
14893,13.1601
14906,13.1546
14912,13.1544
14913,13.147
14917,13.147
14919,13.1405
14926,13.1354
14931,13.1333
14935,13.129
14941,13.1251
14960,13.1234
14970,13.1231
14971,13.1222
14975,13.1222
14976,13.1222
14977,13.1222
