Evaluations,Fitness
1,208164.828712
4,177175.626236
12,175878.361295
17,153041.683545
66,136501.823522
93,134404.935975
94,128727.709350
96,118863.885821
111,114537.504286
112,101302.722154
123,98496.661923
126,91191.351452
147,78386.398274
155,77342.230821
156,74800.887200
157,71077.834042
186,70640.624436
187,65586.360172
192,64010.296063
222,57641.807542
223,47339.825871
243,46731.401060
257,40296.148311
277,35073.408815
283,34427.932262
293,28791.306380
341,24237.831535
352,23358.967227
367,21986.047844
449,21847.231369
452,21392.979599
455,19395.745689
473,17461.910913
485,16669.451793
499,12640.258366
568,12369.903036
569,9847.285393
599,8317.510245
609,8304.878947
628,8202.654073
630,7883.085433
632,7004.031561
639,6698.689668
688,4906.520416
712,4105.382523
718,3602.143701
722,3430.590149
735,3309.297078
752,3083.138911
761,2869.841298
782,2818.109672
792,2246.919160
803,1785.865887
843,1762.608960
848,1747.200603
880,1412.515503
910,1174.332875
914,1044.403786
923,938.912945
951,909.551893
963,880.563402
970,763.695738
1006,632.282006
1009,579.818584
1028,569.482254
1039,312.732828
1064,278.848156
1069,261.296326
1094,258.524150
1097,217.325918
1100,202.086236
1105,195.647460
1153,136.623469
1189,108.777364
1214,92.962619
1219,81.084988
1249,76.684778
1251,68.604654
1263,57.041632
1271,48.182866
1278,45.979208
1320,32.964661
1353,24.470837
1383,24.349346
1410,23.416016
1411,20.273045
1414,19.217844
1421,16.955866
1440,15.799011
1450,15.030247
1466,13.945360
1473,13.818255
1483,13.442287
1485,12.752967
1494,12.454064
1498,12.392738
1502,11.739613
1516,11.510475
1521,11.087076
1528,10.243096
1532,9.129927
1547,8.832898
1548,8.675236
1552,8.310392
1558,8.204937
1559,7.546769
1569,6.733312
1586,6.615043
1588,6.456551
1592,5.971188
1599,5.382034
1604,5.255218
1625,4.455333
1658,4.403116
1659,4.112766
1664,3.430612
1686,3.416349
1694,2.972978
1706,2.827376
1724,2.797150
1726,2.701052
1746,2.265277
1765,2.264956
1773,2.030010
1781,1.993375
1784,1.775893
1806,1.732327
1815,1.414634
1831,1.356837
1836,0.727034
1849,0.707133
1867,0.677542
1875,0.675864
1879,0.571235
1887,0.566974
1905,0.554239
1911,0.374422
1928,0.368862
1948,0.337912
1958,0.297292
1962,0.285097
1965,0.245605
1978,0.240961
1988,0.223349
2008,0.218120
2013,0.182219
2015,0.178635
2025,0.169284
2037,0.157785
2043,0.140320
2051,0.136990
2053,0.134297
2076,0.122121
2081,0.116542
2084,0.094308
2111,0.083690
2114,0.075784
2136,0.069243
2144,0.052483
2157,0.041645
2164,0.039079
2174,0.037168
2191,0.034267
2201,0.034232
2205,0.029550
2238,0.021764
2256,0.019653
2270,0.019297
2274,0.019244
2275,0.018951
2276,0.017435
2311,0.014618
2316,0.014465
2319,0.013494
2332,0.011652
2335,0.007144
2364,0.006270
2365,0.006102
2384,0.006066
2395,0.005589
2400,0.005094
2410,0.005081
2422,0.005053
2423,0.004149
2428,0.003844
2434,0.003363
2458,0.003227
2466,0.001968
2472,0.001786
2484,0.001774
2490,0.001361
2497,0.001183
2520,0.001160
2538,0.001129
2543,0.001080
2549,0.001078
2550,0.001026
2562,0.000926
2563,0.000702
2574,0.000595
2592,0.000561
2610,0.000530
2615,0.000487
2622,0.000448
2624,0.000331
2653,0.000317
2657,0.000269
2683,0.000264
2685,0.000263
2687,0.000207
2714,0.000186
2717,0.000154
2718,0.000138
2741,0.000127
2748,0.000113
2760,0.000109
2773,0.000097
2779,0.000090
2795,0.000078
2799,0.000078
2805,0.000077
2816,0.000075
2822,0.000070
2833,0.000066
2835,0.000062
2842,0.000054
2860,0.000049
2862,0.000044
2880,0.000043
2882,0.000039
2891,0.000036
2906,0.000035
2907,0.000034
2943,0.000032
2946,0.000028
2949,0.000027
2966,0.000023
2970,0.000018
2990,0.000017
2995,0.000015
3007,0.000011
3045,0.000009
3068,0.000007
3093,0.000005
3100,0.000005
3104,0.000005
3112,0.000005
3124,0.000004
3135,0.000004
3139,0.000004
3150,0.000004
3167,0.000004
3169,0.000003
3171,0.000003
3173,0.000002
3183,0.000002
3187,0.000002
3199,0.000002
3201,0.000001
3221,0.000001
3231,0.000001
3246,0.000001
3251,0.000001
3261,0.000001
3266,0.000001
3298,0.000001
3299,0.000001
3302,0.000001
3326,0.000001
3329,0.000000
3334,0.000000
3351,0.000000
3358,0.000000
3375,0.000000
3381,0.000000
3390,0.000000
3392,0.000000
3406,0.000000
3408,0.000000
3411,0.000000
3418,0.000000
3438,0.000000
3448,0.000000
3455,0.000000
3459,0.000000
3474,0.000000
3483,0.000000
3491,0.000000
3504,0.000000
3525,0.000000
3547,0.000000
3555,0.000000
3556,0.000000
3562,0.000000
3564,0.000000
3566,0.000000
3569,0.000000
3570,0.000000
3588,0.000000
3600,0.000000
3612,0.000000
3613,0.000000
3618,0.000000
3627,0.000000
3648,0.000000
3655,0.000000
3660,0.000000
3667,0.000000
3694,0.000000
3703,0.000000
3721,0.000000
3725,0.000000
3742,0.000000
3757,0.000000
3759,0.000000
3760,0.000000
3772,0.000000
3774,0.000000
3777,0.000000
3780,0.000000
3797,0.000000
3799,0.000000
3802,0.000000
3815,0.000000
3819,0.000000
3830,0.000000
3858,0.000000
3863,0.000000
3864,0.000000
3896,0.000000
3898,0.000000
3900,0.000000
3909,0.000000
3920,0.000000
3921,0.000000
3927,0.000000
3932,0.000000
3935,0.000000
3936,0.000000
3946,0.000000
3949,0.000000
3991,0.000000
3999,0.000000
4012,0.000000
4013,0.000000
4049,0.000000
4060,0.000000
4080,0.000000
4090,0.000000
4107,0.000000
4110,0.000000
4121,0.000000
4139,0.000000
4149,0.000000
4157,0.000000
4165,0.000000
4172,0.000000
4176,0.000000
4183,0.000000
4210,0.000000
4215,0.000000
4222,0.000000
4224,0.000000
4245,0.000000
4257,0.000000
4259,0.000000
4284,0.000000
4286,0.000000
4288,0.000000
4290,0.000000
4292,0.000000
4293,0.000000
4297,0.000000
4301,0.000000
4310,0.000000
4320,0.000000
4325,0.000000
4333,0.000000
4344,0.000000
4345,0.000000
4346,0.000000
4363,0.000000
4371,0.000000
4375,0.000000
4376,0.000000
4383,0.000000
4386,0.000000
4387,0.000000
4397,0.000000
4403,0.000000
4406,0.000000
4414,0.000000
4423,0.000000
4427,0.000000
4434,0.000000
4439,0.000000
4452,0.000000
4461,0.000000
4462,0.000000
4472,0.000000
4487,0.000000
4495,0.000000
4502,0.000000
4508,0.000000
4511,0.000000
4523,0.000000
4530,0.000000
4542,0.000000
4551,0.000000
4558,0.000000
4559,0.000000
4562,0.000000
4571,0.000000
4579,0.000000
4584,0.000000
4587,0.000000
4605,0.000000
4606,0.000000
4611,0.000000
4616,0.000000
4623,0.000000
4624,0.000000
4628,0.000000
4631,0.000000
4635,0.000000
4636,0.000000
4643,0.000000
4656,0.000000
4682,0.000000
4689,0.000000
4702,0.000000
4707,0.000000
4715,0.000000
4721,0.000000
4722,0.000000
4727,0.000000
4736,0.000000
4747,0.000000
4764,0.000000
4770,0.000000
4772,0.000000
4777,0.000000
4781,0.000000
4785,0.000000
4789,0.000000
4791,0.000000
4792,0.000000
4793,0.000000
4801,0.000000
4806,0.000000
4812,0.000000
4817,0.000000
4822,0.000000
4830,0.000000
4831,0.000000
4836,0.000000
4839,0.000000
4848,0.000000
4852,0.000000
4861,0.000000
4865,0.000000
4870,0.000000
4878,0.000000
4881,0.000000
4883,0.000000
4888,0.000000
4890,0.000000
4891,0.000000
4896,0.000000
4902,0.000000
4920,0.000000
4928,0.000000
4929,0.000000
4940,0.000000
4941,0.000000
4943,0.000000
4951,0.000000
4952,0.000000
4973,0.000000
4981,0.000000
4993,0.000000
5002,0.000000
5011,0.000000
5015,0.000000
5022,0.000000
5026,0.000000
5027,0.000000
5040,0.000000
5050,0.000000
5055,0.000000
5057,0.000000
5067,0.000000
5076,0.000000
5080,0.000000
5088,0.000000
5094,0.000000
5100,0.000000
5106,0.000000
5114,0.000000
5115,0.000000
5120,0.000000
5127,0.000000
5128,0.000000
5147,0.000000
5149,0.000000
5150,0.000000
5156,0.000000
5158,0.000000
5165,0.000000
5168,0.000000
5172,0.000000
5179,0.000000
5181,0.000000
5184,0.000000
5187,0.000000
5196,0.000000
5206,0.000000
5215,0.000000
5217,0.000000
5221,0.000000
5232,0.000000
5234,0.000000
5247,0.000000
5253,0.000000
5255,0.000000
5257,0.000000
5259,0.000000
5261,0.000000
5264,0.000000
5286,0.000000
5293,0.000000
5294,0.000000
5298,0.000000
5302,0.000000
5333,0.000000
5344,0.000000
5349,0.000000
5358,0.000000
5359,0.000000
5366,0.000000
5374,0.000000
5399,0.000000
5406,0.000000
5411,0.000000
5412,0.000000
5421,0.000000
5430,0.000000
5436,0.000000
5453,0.000000
5461,0.000000
5465,0.000000
5468,0.000000
5470,0.000000
5472,0.000000
5473,0.000000
5475,0.000000
5480,0.000000
5481,0.000000
5488,0.000000
5496,0.000000
5500,0.000000
5501,0.000000
5511,0.000000
5513,0.000000
5520,0.000000
5526,0.000000
5528,0.000000
5541,0.000000
5544,0.000000
5545,0.000000
5547,0.000000
5551,0.000000
5552,0.000000
5561,0.000000
5562,0.000000
5569,0.000000
5578,0.000000
5580,0.000000
5582,0.000000
5587,0.000000
5592,0.000000
5598,0.000000
5599,0.000000
5613,0.000000
5620,0.000000
5630,0.000000
5643,0.000000
5650,0.000000
5655,0.000000
5659,0.000000
5660,0.000000
5674,0.000000
5679,0.000000
5686,0.000000
5696,0.000000
5700,0.000000
5701,0.000000
5714,0.000000
5717,0.000000
5727,0.000000
5735,0.000000
5736,0.000000
5737,0.000000
5739,0.000000
5744,0.000000
5748,0.000000
5775,0.000000
5790,0.000000
5791,0.000000
5792,0.000000
5801,0.000000
5808,0.000000
5819,0.000000
5821,0.000000
5829,0.000000
5849,0.000000
5851,0.000000
5859,0.000000
5871,0.000000
5874,0.000000
5881,0.000000
5885,0.000000
5888,0.000000
5894,0.000000
5908,0.000000
5911,0.000000
5913,0.000000
5924,0.000000
5926,0.000000
5929,0.000000
5933,0.000000
5938,0.000000
5946,0.000000
5952,0.000000
5958,0.000000
5959,0.000000
5965,0.000000
5971,0.000000
5974,0.000000
5976,0.000000
5992,0.000000
5995,0.000000
5996,0.000000
6004,0.000000
6007,0.000000
6012,0.000000
6027,0.000000
6030,0.000000
6038,0.000000
6041,0.000000
6053,0.000000
6060,0.000000
6065,0.000000
6071,0.000000
6097,0.000000
6100,0.000000
6104,0.000000
6109,0.000000
6113,0.000000
6116,0.000000
6118,0.000000
6126,0.000000
6131,0.000000
6137,0.000000
6145,0.000000
6157,0.000000
6171,0.000000
6172,0.000000
6173,0.000000
6183,0.000000
6185,0.000000
6188,0.000000
6189,0.000000
6202,0.000000
6203,0.000000
6204,0.000000
6221,0.000000
6227,0.000000
6233,0.000000
6244,0.000000
6249,0.000000
6261,0.000000
6266,0.000000
6268,0.000000
6276,0.000000
6279,0.000000
6282,0.000000
6283,0.000000
6297,0.000000
6305,0.000000
6313,0.000000
6316,0.000000
6317,0.000000
6323,0.000000
6325,0.000000
6326,0.000000
6335,0.000000
6340,0.000000
6345,0.000000
6356,0.000000
6373,0.000000
6375,0.000000
6379,0.000000
6386,0.000000
6387,0.000000
6388,0.000000
6391,0.000000
6393,0.000000
6394,0.000000
6399,0.000000
6412,0.000000
6417,0.000000
6424,0.000000
6431,0.000000
6439,0.000000
6446,0.000000
6447,0.000000
6457,0.000000
6461,0.000000
6473,0.000000
6474,0.000000
6477,0.000000
6480,0.000000
6493,0.000000
6495,0.000000
6504,0.000000
6520,0.000000
6521,0.000000
6522,0.000000
6523,0.000000
6530,0.000000
6541,0.000000
6547,0.000000
6555,0.000000
6556,0.000000
6560,0.000000
6567,0.000000
6571,0.000000
6581,0.000000
6584,0.000000
6586,0.000000
6589,0.000000
6591,0.000000
6594,0.000000
6595,0.000000
6600,0.000000
6613,0.000000
6618,0.000000
6621,0.000000
6624,0.000000
6636,0.000000
6640,0.000000
6643,0.000000
6645,0.000000
6648,0.000000
6651,0.000000
6655,0.000000
6660,0.000000
6667,0.000000
6675,0.000000
6676,0.000000
6679,0.000000
6681,0.000000
6684,0.000000
6689,0.000000
6703,0.000000
6708,0.000000
6712,0.000000
6722,0.000000
6725,0.000000
6727,0.000000
6730,0.000000
6733,0.000000
6739,0.000000
6741,0.000000
6748,0.000000
6755,0.000000
6761,0.000000
6772,0.000000
6774,0.000000
6777,0.000000
6786,0.000000
6802,0.000000
6804,0.000000
6807,0.000000
6811,0.000000
6816,0.000000
6819,0.000000
6821,0.000000
6824,0.000000
6826,0.000000
6827,0.000000
6832,0.000000
6837,0.000000
6840,0.000000
6852,0.000000
6853,0.000000
6857,0.000000
6860,0.000000
6867,0.000000
6877,0.000000
6880,0.000000
6884,0.000000
6885,0.000000
6887,0.000000
6890,0.000000
6896,0.000000
6902,0.000000
6912,0.000000
6916,0.000000
6921,0.000000
6924,0.000000
6926,0.000000
6932,0.000000
6937,0.000000
6945,0.000000
6947,0.000000
6951,0.000000
6963,0.000000
6964,0.000000
6971,0.000000
6975,0.000000
6977,0.000000
6995,0.000000
7000,0.000000
7001,0.000000
7004,0.000000
7006,0.000000
7013,0.000000
7014,0.000000
7020,0.000000
7034,0.000000
7035,0.000000
7044,0.000000
7045,0.000000
7057,0.000000
7059,0.000000
7060,0.000000
7061,0.000000
7063,0.000000
7065,0.000000
7067,0.000000
7070,0.000000
7072,0.000000
7074,0.000000
7086,0.000000
7089,0.000000
7091,0.000000
7100,0.000000
7101,0.000000
7113,0.000000
7116,0.000000
7125,0.000000
7131,0.000000
7140,0.000000
7143,0.000000
7153,0.000000
7159,0.000000
7163,0.000000
7165,0.000000
7172,0.000000
7174,0.000000
7178,0.000000
7181,0.000000
7182,0.000000
7186,0.000000
7187,0.000000
7206,0.000000
7208,0.000000
7212,0.000000
7213,0.000000
7219,0.000000
7221,0.000000
7222,0.000000
7225,0.000000
7239,0.000000
7245,0.000000
7252,0.000000
7260,0.000000
7270,0.000000
7275,0.000000
7276,0.000000
7281,0.000000
7286,0.000000
7289,0.000000
7291,0.000000
7292,0.000000
7293,0.000000
7301,0.000000
7302,0.000000
7306,0.000000
7320,0.000000
7325,0.000000
7337,0.000000
7348,0.000000
7352,0.000000
7355,0.000000
7362,0.000000
7368,0.000000
7376,0.000000
7389,0.000000
7391,0.000000
7397,0.000000
7409,0.000000
7413,0.000000
7421,0.000000
7423,0.000000
7424,0.000000
7429,0.000000
7434,0.000000
7436,0.000000
7437,0.000000
7445,0.000000
7450,0.000000
7455,0.000000
7463,0.000000
7464,0.000000
7465,0.000000
7466,0.000000
7467,0.000000
7471,0.000000
7473,0.000000
7474,0.000000
7487,0.000000
7490,0.000000
7495,0.000000
7503,0.000000
7509,0.000000
7512,0.000000
7514,0.000000
7515,0.000000
7522,0.000000
7525,0.000000
7535,0.000000
7537,0.000000
7538,0.000000
7541,0.000000
7544,0.000000
7548,0.000000
7550,0.000000
7559,0.000000
7561,0.000000
7568,0.000000
7571,0.000000
7574,0.000000
7576,0.000000
7581,0.000000
7583,0.000000
7585,0.000000
7591,0.000000
7597,0.000000
7607,0.000000
7611,0.000000
7621,0.000000
7624,0.000000
7628,0.000000
7635,0.000000
7641,0.000000
7650,0.000000
7657,0.000000
7659,0.000000
7662,0.000000
7663,0.000000
7666,0.000000
7668,0.000000
7674,0.000000
7678,0.000000
7679,0.000000
7688,0.000000
7693,0.000000
7696,0.000000
7698,0.000000
7701,0.000000
7704,0.000000
7710,0.000000
7711,0.000000
7721,0.000000
7729,0.000000
7731,0.000000
7733,0.000000
7738,0.000000
7750,0.000000
7751,0.000000
7757,0.000000
7761,0.000000
7763,0.000000
7764,0.000000
7773,0.000000
7779,0.000000
7788,0.000000
7790,0.000000
7797,0.000000
7798,0.000000
7804,0.000000
7807,0.000000
7808,0.000000
7811,0.000000
7817,0.000000
7823,0.000000
7826,0.000000
7834,0.000000
7839,0.000000
7841,0.000000
7851,0.000000
7852,0.000000
7853,0.000000
7862,0.000000
7867,0.000000
7868,0.000000
7873,0.000000
7874,0.000000
7875,0.000000
7880,0.000000
7883,0.000000
7890,0.000000
7892,0.000000
7897,0.000000
7902,0.000000
7903,0.000000
7907,0.000000
7911,0.000000
7914,0.000000
7921,0.000000
7927,0.000000
7940,0.000000
7944,0.000000
7949,0.000000
7951,0.000000
7952,0.000000
7956,0.000000
7960,0.000000
7962,0.000000
7964,0.000000
7965,0.000000
7968,0.000000
7976,0.000000
7980,0.000000
7981,0.000000
7982,0.000000
7983,0.000000
7984,0.000000
7985,0.000000
7987,0.000000
7988,0.000000
7992,0.000000
8000,0.000000
8014,0.000000
8021,0.000000
8034,0.000000
8038,0.000000
8041,0.000000
8054,0.000000
8055,0.000000
8059,0.000000
8061,0.000000
8062,0.000000
8063,0.000000
8071,0.000000
8074,0.000000
8075,0.000000
8077,0.000000
8082,0.000000
8084,0.000000
8087,0.000000
8088,0.000000
8093,0.000000
8101,0.000000
8102,0.000000
8103,0.000000
8112,0.000000
8127,0.000000
8130,0.000000
8133,0.000000
8134,0.000000
8141,0.000000
8148,0.000000
8152,0.000000
8165,0.000000
8168,0.000000
8183,0.000000
8187,0.000000
8195,0.000000
8197,0.000000
8206,0.000000
8208,0.000000
8209,0.000000
8211,0.000000
8212,0.000000
8214,0.000000
8215,0.000000
8221,0.000000
8223,0.000000
8225,0.000000
8235,0.000000
8239,0.000000
8240,0.000000
8244,0.000000
8260,0.000000
8264,0.000000
8274,0.000000
8279,0.000000
8282,0.000000
8285,0.000000
8288,0.000000
8290,0.000000
8293,0.000000
8298,0.000000
8308,0.000000
8312,0.000000
8314,0.000000
8320,0.000000
8323,0.000000
8327,0.000000
8331,0.000000
8335,0.000000
8338,0.000000
8341,0.000000
8345,0.000000
8346,0.000000
8347,0.000000
8348,0.000000
8355,0.000000
8358,0.000000
8360,0.000000
8365,0.000000
8366,0.000000
8371,0.000000
8373,0.000000
8382,0.000000
8383,0.000000
8384,0.000000
8386,0.000000
8392,0.000000
8398,0.000000
8399,0.000000
8402,0.000000
8404,0.000000
8406,0.000000
8408,0.000000
8416,0.000000
8427,0.000000
8435,0.000000
8436,0.000000
8447,0.000000
8454,0.000000
8461,0.000000
8467,0.000000
8468,0.000000
8478,0.000000
8484,0.000000
8487,0.000000
8489,0.000000
8490,0.000000
8496,0.000000
8497,0.000000
8499,0.000000
8503,0.000000
8508,0.000000
8512,0.000000
8525,0.000000
8536,0.000000
8540,0.000000
8542,0.000000
8547,0.000000
8548,0.000000
8552,0.000000
8558,0.000000
8564,0.000000
8569,0.000000
8583,0.000000
8587,0.000000
8588,0.000000
8597,0.000000
8602,0.000000
8604,0.000000
8615,0.000000
8616,0.000000
8620,0.000000
8626,0.000000
8630,0.000000
8644,0.000000
8652,0.000000
8654,0.000000
8661,0.000000
8666,0.000000
8669,0.000000
8675,0.000000
8681,0.000000
8686,0.000000
8700,0.000000
8701,0.000000
8702,0.000000
8706,0.000000
8709,0.000000
8712,0.000000
8713,0.000000
8717,0.000000
8719,0.000000
8721,0.000000
8724,0.000000
8726,0.000000
8727,0.000000
8729,0.000000
8739,0.000000
8741,0.000000
8742,0.000000
8743,0.000000
8745,0.000000
8746,0.000000
8751,0.000000
8752,0.000000
8759,0.000000
8763,0.000000
8764,0.000000
8774,0.000000
8779,0.000000
8784,0.000000
8789,0.000000
8792,0.000000
8794,0.000000
8807,0.000000
8808,0.000000
8813,0.000000
8814,0.000000
8816,0.000000
8817,0.000000
8819,0.000000
8828,0.000000
8833,0.000000
8842,0.000000
8844,0.000000
8853,0.000000
8855,0.000000
8866,0.000000
8867,0.000000
8874,0.000000
8879,0.000000
8888,0.000000
8891,0.000000
8895,0.000000
8900,0.000000
8905,0.000000
8907,0.000000
8910,0.000000
8919,0.000000
8920,0.000000
8923,0.000000
8925,0.000000
8932,0.000000
8933,0.000000
8949,0.000000
8950,0.000000
8954,0.000000
8955,0.000000
8958,0.000000
8961,0.000000
8968,0.000000
8969,0.000000
8971,0.000000
8976,0.000000
8977,0.000000
8982,0.000000
8983,0.000000
8986,0.000000
8991,0.000000
8992,0.000000
9000,0.000000
9003,0.000000
9006,0.000000
9007,0.000000
9008,0.000000
9014,0.000000
9015,0.000000
9016,0.000000
9018,0.000000
9020,0.000000
9026,0.000000
9030,0.000000
9036,0.000000
9037,0.000000
9040,0.000000
9042,0.000000
9046,0.000000
9049,0.000000
9052,0.000000
9056,0.000000
9060,0.000000
9062,0.000000
9063,0.000000
9064,0.000000
9075,0.000000
9079,0.000000
9080,0.000000
9082,0.000000
9087,0.000000
9088,0.000000
9100,0.000000
9105,0.000000
9106,0.000000
9110,0.000000
9114,0.000000
9117,0.000000
9120,0.000000
9127,0.000000
9133,0.000000
9136,0.000000
9143,0.000000
9145,0.000000
9148,0.000000
9149,0.000000
9150,0.000000
9151,0.000000
9157,0.000000
9158,0.000000
9159,0.000000
9161,0.000000
9166,0.000000
9168,0.000000
9170,0.000000
9172,0.000000
9173,0.000000
9179,0.000000
9180,0.000000
9184,0.000000
9185,0.000000
9189,0.000000
9190,0.000000
9199,0.000000
9202,0.000000
9209,0.000000
9210,0.000000
9211,0.000000
9223,0.000000
9231,0.000000
9232,0.000000
9242,0.000000
9245,0.000000
9254,0.000000
9256,0.000000
9258,0.000000
9263,0.000000
9265,0.000000
9271,0.000000
9273,0.000000
9276,0.000000
9277,0.000000
9279,0.000000
9280,0.000000
9281,0.000000
9287,0.000000
9288,0.000000
9290,0.000000
9294,0.000000
9297,0.000000
9303,0.000000
9307,0.000000
9315,0.000000
9317,0.000000
9329,0.000000
9336,0.000000
9348,0.000000
9350,0.000000
9352,0.000000
9357,0.000000
9359,0.000000
9364,0.000000
9366,0.000000
9369,0.000000
9373,0.000000
9375,0.000000
9378,0.000000
9380,0.000000
9383,0.000000
9389,0.000000
9390,0.000000
9401,0.000000
9402,0.000000
9404,0.000000
9413,0.000000
9418,0.000000
9420,0.000000
9428,0.000000
9430,0.000000
9432,0.000000
9442,0.000000
9443,0.000000
9444,0.000000
9445,0.000000
9449,0.000000
9451,0.000000
9457,0.000000
9459,0.000000
9461,0.000000
9462,0.000000
9464,0.000000
9468,0.000000
9471,0.000000
9472,0.000000
9474,0.000000
9475,0.000000
9489,0.000000
9506,0.000000
9512,0.000000
9515,0.000000
9525,0.000000
9526,0.000000
9528,0.000000
9533,0.000000
9537,0.000000
9539,0.000000
9540,0.000000
9541,0.000000
9548,0.000000
9551,0.000000
9556,0.000000
9557,0.000000
9563,0.000000
9565,0.000000
9571,0.000000
9577,0.000000
9583,0.000000
9584,0.000000
9587,0.000000
9591,0.000000
9594,0.000000
9597,0.000000
9598,0.000000
9601,0.000000
9602,0.000000
9603,0.000000
9612,0.000000
9615,0.000000
9616,0.000000
9617,0.000000
9622,0.000000
9623,0.000000
9625,0.000000
9626,0.000000
9629,0.000000
9637,0.000000
9641,0.000000
9643,0.000000
9644,0.000000
9650,0.000000
9652,0.000000
9656,0.000000
9663,0.000000
9666,0.000000
9667,0.000000
9676,0.000000
9681,0.000000
9682,0.000000
9683,0.000000
9686,0.000000
9688,0.000000
9689,0.000000
9694,0.000000
9697,0.000000
9700,0.000000
9711,0.000000
9715,0.000000
9717,0.000000
9719,0.000000
9723,0.000000
9724,0.000000
9729,0.000000
9731,0.000000
9736,0.000000
9738,0.000000
9739,0.000000
9746,0.000000
9747,0.000000
9749,0.000000
9754,0.000000
9755,0.000000
9762,0.000000
9764,0.000000
9766,0.000000
9767,0.000000
9768,0.000000
9769,0.000000
9773,0.000000
9785,0.000000
9786,0.000000
9787,0.000000
9793,0.000000
9800,0.000000
9801,0.000000
9803,0.000000
9814,0.000000
9815,0.000000
9818,0.000000
9820,0.000000
9821,0.000000
9824,0.000000
9825,0.000000
9828,0.000000
9831,0.000000
9832,0.000000
9833,0.000000
9834,0.000000
9837,0.000000
9844,0.000000
9848,0.000000
9849,0.000000
9850,0.000000
9856,0.000000
9861,0.000000
9863,0.000000
9864,0.000000
9865,0.000000
9868,0.000000
9871,0.000000
9875,0.000000
9880,0.000000
9882,0.000000
9884,0.000000
9886,0.000000
9889,0.000000
9899,0.000000
9901,0.000000
9904,0.000000
9921,0.000000
9922,0.000000
9923,0.000000
9927,0.000000
9936,0.000000
9937,0.000000
9940,0.000000
9942,0.000000
9946,0.000000
9950,0.000000
9958,0.000000
9966,0.000000
9967,0.000000
9968,0.000000
9969,0.000000
9973,0.000000
9974,0.000000
9976,0.000000
9978,0.000000
9982,0.000000
9983,0.000000
9993,0.000000
9995,0.000000
9998,0.000000
10014,0.000000
10017,0.000000
10020,0.000000
10023,0.000000
10024,0.000000
10031,0.000000
10032,0.000000
10041,0.000000
10043,0.000000
10051,0.000000
10054,0.000000
10056,0.000000
10058,0.000000
10061,0.000000
10070,0.000000
10075,0.000000
10083,0.000000
10086,0.000000
10088,0.000000
10090,0.000000
10092,0.000000
10093,0.000000
10102,0.000000
10103,0.000000
10104,0.000000
10111,0.000000
10112,0.000000
10114,0.000000
10119,0.000000
10120,0.000000
10121,0.000000
10123,0.000000
10125,0.000000
10133,0.000000
10142,0.000000
10144,0.000000
10145,0.000000
10150,0.000000
10152,0.000000
10159,0.000000
10162,0.000000
10177,0.000000
10180,0.000000
10186,0.000000
10187,0.000000
10194,0.000000
10196,0.000000
10200,0.000000
10204,0.000000
10205,0.000000
10211,0.000000
10213,0.000000
10220,0.000000
10223,0.000000
10231,0.000000
10234,0.000000
10239,0.000000
10240,0.000000
10242,0.000000
10247,0.000000
10252,0.000000
10263,0.000000
10264,0.000000
10265,0.000000
10267,0.000000
10270,0.000000
10273,0.000000
10276,0.000000
10282,0.000000
10295,0.000000
10298,0.000000
10301,0.000000
10305,0.000000
10311,0.000000
10314,0.000000
10327,0.000000
10331,0.000000
10338,0.000000
10344,0.000000
10346,0.000000
10349,0.000000
10352,0.000000
10353,0.000000
10362,0.000000
10366,0.000000
10373,0.000000
10378,0.000000
10383,0.000000
10384,0.000000
10388,0.000000
10391,0.000000
10393,0.000000
10396,0.000000
10397,0.000000
10398,0.000000
10399,0.000000
10406,0.000000
10407,0.000000
10410,0.000000
10414,0.000000
10421,0.000000
10432,0.000000
10441,0.000000
10444,0.000000
10452,0.000000
10454,0.000000
10456,0.000000
10459,0.000000
10463,0.000000
10472,0.000000
10474,0.000000
10476,0.000000
10480,0.000000
10488,0.000000
10489,0.000000
10491,0.000000
10493,0.000000
10496,0.000000
10502,0.000000
10505,0.000000
10519,0.000000
10521,0.000000
10523,0.000000
10529,0.000000
10530,0.000000
10533,0.000000
10538,0.000000
10539,0.000000
10548,0.000000
10550,0.000000
10554,0.000000
10560,0.000000
10563,0.000000
10566,0.000000
10569,0.000000
10576,0.000000
10577,0.000000
10584,0.000000
10590,0.000000
10592,0.000000
10596,0.000000
10602,0.000000
10606,0.000000
10614,0.000000
10618,0.000000
10624,0.000000
10625,0.000000
10630,0.000000
10637,0.000000
10640,0.000000
10647,0.000000
10648,0.000000
10649,0.000000
10655,0.000000
10659,0.000000
10660,0.000000
10664,0.000000
10665,0.000000
10669,0.000000
10673,0.000000
10675,0.000000
10678,0.000000
10679,0.000000
10680,0.000000
10681,0.000000
10686,0.000000
10688,0.000000
10690,0.000000
10691,0.000000
10695,0.000000
10696,0.000000
10698,0.000000
10704,0.000000
10706,0.000000
10707,0.000000
10709,0.000000
10712,0.000000
10719,0.000000
10720,0.000000
10727,0.000000
10729,0.000000
10730,0.000000
10736,0.000000
10746,0.000000
10748,0.000000
10751,0.000000
10753,0.000000
10754,0.000000
10758,0.000000
10759,0.000000
10765,0.000000
10767,0.000000
10769,0.000000
10775,0.000000
10787,0.000000
10788,0.000000
10790,0.000000
10792,0.000000
10796,0.000000
10799,0.000000
10803,0.000000
10805,0.000000
10806,0.000000
10809,0.000000
10812,0.000000
10813,0.000000
10818,0.000000
10819,0.000000
10823,0.000000
10828,0.000000
10830,0.000000
10838,0.000000
10840,0.000000
10841,0.000000
10844,0.000000
10847,0.000000
10849,0.000000
10850,0.000000
10853,0.000000
10854,0.000000
10855,0.000000
10863,0.000000
10865,0.000000
10871,0.000000
10875,0.000000
10887,0.000000
10888,0.000000
10890,0.000000
10893,0.000000
10894,0.000000
10896,0.000000
10897,0.000000
10901,0.000000
10902,0.000000
10907,0.000000
10909,0.000000
10912,0.000000
10913,0.000000
10920,0.000000
10921,0.000000
10925,0.000000
10932,0.000000
10939,0.000000
10943,0.000000
10950,0.000000
10961,0.000000
10962,0.000000
10963,0.000000
10971,0.000000
10972,0.000000
10978,0.000000
10979,0.000000
10982,0.000000
10983,0.000000
10984,0.000000
10986,0.000000
10999,0.000000
11005,0.000000
11009,0.000000
11010,0.000000
11014,0.000000
11020,0.000000
11021,0.000000
11022,0.000000
11027,0.000000
11028,0.000000
11029,0.000000
11030,0.000000
11031,0.000000
11034,0.000000
11039,0.000000
11040,0.000000
11043,0.000000
11044,0.000000
11056,0.000000
11062,0.000000
11064,0.000000
11069,0.000000
11077,0.000000
11082,0.000000
11087,0.000000
11088,0.000000
11098,0.000000
11102,0.000000
11108,0.000000
11109,0.000000
11111,0.000000
11113,0.000000
11114,0.000000
11118,0.000000
11119,0.000000
11125,0.000000
11127,0.000000
11132,0.000000
11133,0.000000
11136,0.000000
11138,0.000000
11142,0.000000
11151,0.000000
11153,0.000000
11155,0.000000
11157,0.000000
11158,0.000000
11159,0.000000
11160,0.000000
11161,0.000000
11168,0.000000
11169,0.000000
11176,0.000000
11180,0.000000
11181,0.000000
11185,0.000000
11186,0.000000
11195,0.000000
11199,0.000000
11201,0.000000
11208,0.000000
11214,0.000000
11215,0.000000
11217,0.000000
11221,0.000000
11224,0.000000
11230,0.000000
11231,0.000000
11233,0.000000
11241,0.000000
11249,0.000000
11250,0.000000
11258,0.000000
11259,0.000000
11262,0.000000
11273,0.000000
11278,0.000000
11279,0.000000
11280,0.000000
11281,0.000000
11289,0.000000
11290,0.000000
11292,0.000000
11293,0.000000
11294,0.000000
11296,0.000000
11298,0.000000
11302,0.000000
11304,0.000000
11309,0.000000
11321,0.000000
11322,0.000000
11329,0.000000
11330,0.000000
11338,0.000000
11346,0.000000
11350,0.000000
11353,0.000000
11360,0.000000
11361,0.000000
11367,0.000000
11370,0.000000
11373,0.000000
11375,0.000000
11383,0.000000
11388,0.000000
11395,0.000000
11399,0.000000
11400,0.000000
11405,0.000000
11407,0.000000
11413,0.000000
11414,0.000000
11415,0.000000
11419,0.000000
11424,0.000000
11455,0.000000
11458,0.000000
11463,0.000000
11464,0.000000
11473,0.000000
11479,0.000000
11480,0.000000
11484,0.000000
11485,0.000000
11490,0.000000
11491,0.000000
11496,0.000000
11497,0.000000
11501,0.000000
11506,0.000000
11508,0.000000
11510,0.000000
11511,0.000000
11517,0.000000
11519,0.000000
11527,0.000000
11528,0.000000
11531,0.000000
11533,0.000000
11534,0.000000
11538,0.000000
11539,0.000000
11540,0.000000
11548,0.000000
11553,0.000000
11558,0.000000
11561,0.000000
11562,0.000000
11565,0.000000
11572,0.000000
11575,0.000000
11577,0.000000
11579,0.000000
11580,0.000000
11582,0.000000
11583,0.000000
11589,0.000000
11591,0.000000
11593,0.000000
11596,0.000000
11597,0.000000
11599,0.000000
11602,0.000000
11607,0.000000
11609,0.000000
11615,0.000000
11624,0.000000
11625,0.000000
11626,0.000000
11636,0.000000
11637,0.000000
11640,0.000000
11645,0.000000
11647,0.000000
11650,0.000000
11653,0.000000
11659,0.000000
11661,0.000000
11662,0.000000
11663,0.000000
11665,0.000000
11666,0.000000
11669,0.000000
11673,0.000000
11674,0.000000
11675,0.000000
11678,0.000000
11681,0.000000
11682,0.000000
11683,0.000000
11689,0.000000
11697,0.000000
11702,0.000000
11704,0.000000
11706,0.000000
11712,0.000000
11718,0.000000
11720,0.000000
11723,0.000000
11725,0.000000
11733,0.000000
11734,0.000000
11737,0.000000
11742,0.000000
11744,0.000000
11746,0.000000
11748,0.000000
11751,0.000000
11752,0.000000
11755,0.000000
11756,0.000000
11758,0.000000
11761,0.000000
11762,0.000000
11765,0.000000
11768,0.000000
11769,0.000000
11778,0.000000
11779,0.000000
11785,0.000000
11794,0.000000
11797,0.000000
11799,0.000000
11800,0.000000
11803,0.000000
11807,0.000000
11818,0.000000
11819,0.000000
11822,0.000000
11825,0.000000
11829,0.000000
11833,0.000000
11834,0.000000
11835,0.000000
11839,0.000000
11845,0.000000
11848,0.000000
11854,0.000000
11857,0.000000
11859,0.000000
11860,0.000000
11861,0.000000
11869,0.000000
11870,0.000000
11871,0.000000
11872,0.000000
11874,0.000000
11875,0.000000
11877,0.000000
11879,0.000000
11882,0.000000
11886,0.000000
11888,0.000000
11892,0.000000
11894,0.000000
11898,0.000000
11907,0.000000
11908,0.000000
11909,0.000000
11910,0.000000
11911,0.000000
11918,0.000000
11920,0.000000
11926,0.000000
11927,0.000000
11930,0.000000
11934,0.000000
11937,0.000000
11938,0.000000
11945,0.000000
11946,0.000000
11948,0.000000
11952,0.000000
11954,0.000000
11960,0.000000
11963,0.000000
11965,0.000000
11966,0.000000
11970,0.000000
11974,0.000000
11975,0.000000
11979,0.000000
11983,0.000000
11985,0.000000
11987,0.000000
11992,0.000000
11993,0.000000
11996,0.000000
12001,0.000000
12003,0.000000
12012,0.000000
12018,0.000000
12026,0.000000
12027,0.000000
12033,0.000000
12038,0.000000
12042,0.000000
12048,0.000000
12056,0.000000
12058,0.000000
12063,0.000000
12072,0.000000
12077,0.000000
12081,0.000000
12084,0.000000
12085,0.000000
12091,0.000000
12094,0.000000
12096,0.000000
12099,0.000000
12100,0.000000
12102,0.000000
12103,0.000000
12115,0.000000
12116,0.000000
12120,0.000000
12125,0.000000
12129,0.000000
12131,0.000000
12133,0.000000
12136,0.000000
12139,0.000000
12140,0.000000
12144,0.000000
12149,0.000000
12150,0.000000
12152,0.000000
12160,0.000000
12161,0.000000
12169,0.000000
12170,0.000000
12171,0.000000
12176,0.000000
12177,0.000000
12179,0.000000
12183,0.000000
12193,0.000000
12196,0.000000
12204,0.000000
12205,0.000000
12208,0.000000
12214,0.000000
12216,0.000000
12219,0.000000
12222,0.000000
12223,0.000000
12225,0.000000
12229,0.000000
12232,0.000000
12234,0.000000
12239,0.000000
12243,0.000000
12256,0.000000
12257,0.000000
12262,0.000000
12263,0.000000
12270,0.000000
12274,0.000000
12276,0.000000
12278,0.000000
12285,0.000000
12290,0.000000
12292,0.000000
12294,0.000000
12297,0.000000
12305,0.000000
12306,0.000000
12310,0.000000
12314,0.000000
12317,0.000000
12318,0.000000
12321,0.000000
12329,0.000000
12330,0.000000
12333,0.000000
12335,0.000000
12337,0.000000
12338,0.000000
12339,0.000000
12342,0.000000
12352,0.000000
12354,0.000000
12356,0.000000
12360,0.000000
12366,0.000000
12367,0.000000
12372,0.000000
12375,0.000000
12377,0.000000
12379,0.000000
12389,0.000000
12390,0.000000
12394,0.000000
12401,0.000000
12403,0.000000
12404,0.000000
12407,0.000000
12409,0.000000
12419,0.000000
12423,0.000000
12432,0.000000
12435,0.000000
12436,0.000000
12438,0.000000
12441,0.000000
12442,0.000000
12447,0.000000
12450,0.000000
12454,0.000000
12455,0.000000
12456,0.000000
12457,0.000000
12460,0.000000
12461,0.000000
12467,0.000000
12471,0.000000
12472,0.000000
12474,0.000000
12476,0.000000
12485,0.000000
12492,0.000000
12493,0.000000
12495,0.000000
12498,0.000000
12499,0.000000
12501,0.000000
12507,0.000000
12508,0.000000
12512,0.000000
12525,0.000000
12528,0.000000
12529,0.000000
12530,0.000000
12532,0.000000
12533,0.000000
12544,0.000000
12550,0.000000
12556,0.000000
12563,0.000000
12564,0.000000
12569,0.000000
12571,0.000000
12574,0.000000
12575,0.000000
12583,0.000000
12585,0.000000
12587,0.000000
12589,0.000000
12594,0.000000
12599,0.000000
12601,0.000000
12602,0.000000
12603,0.000000
12604,0.000000
12609,0.000000
12611,0.000000
12619,0.000000
12623,0.000000
12625,0.000000
12638,0.000000
12639,0.000000
12646,0.000000
12653,0.000000
12656,0.000000
12657,0.000000
12661,0.000000
12667,0.000000
12668,0.000000
12676,0.000000
12680,0.000000
12683,0.000000
12686,0.000000
12690,0.000000
12691,0.000000
12694,0.000000
12695,0.000000
12704,0.000000
12705,0.000000
12706,0.000000
12707,0.000000
12708,0.000000
12712,0.000000
12723,0.000000
12725,0.000000
12736,0.000000
12743,0.000000
12748,0.000000
12749,0.000000
12750,0.000000
12753,0.000000
12756,0.000000
12758,0.000000
12764,0.000000
12765,0.000000
12767,0.000000
12778,0.000000
12783,0.000000
12788,0.000000
12791,0.000000
12795,0.000000
12796,0.000000
12801,0.000000
12802,0.000000
12803,0.000000
12810,0.000000
12813,0.000000
12815,0.000000
12818,0.000000
12823,0.000000
12826,0.000000
12834,0.000000
12837,0.000000
12841,0.000000
12847,0.000000
12850,0.000000
12851,0.000000
12865,0.000000
12867,0.000000
12869,0.000000
12877,0.000000
12880,0.000000
12881,0.000000
12882,0.000000
12885,0.000000
12891,0.000000
12892,0.000000
12894,0.000000
12899,0.000000
12903,0.000000
12907,0.000000
12920,0.000000
12923,0.000000
12927,0.000000
12929,0.000000
12933,0.000000
12936,0.000000
12937,0.000000
12945,0.000000
12947,0.000000
12949,0.000000
12952,0.000000
12955,0.000000
12958,0.000000
12959,0.000000
12963,0.000000
12964,0.000000
12968,0.000000
12969,0.000000
12971,0.000000
12972,0.000000
12974,0.000000
12976,0.000000
12983,0.000000
12988,0.000000
12994,0.000000
12998,0.000000
13000,0.000000
13007,0.000000
13008,0.000000
13011,0.000000
13019,0.000000
13021,0.000000
13024,0.000000
13025,0.000000
13026,0.000000
13030,0.000000
13037,0.000000
13038,0.000000
13039,0.000000
13040,0.000000
13044,0.000000
13045,0.000000
13046,0.000000
13047,0.000000
13050,0.000000
13056,0.000000
13063,0.000000
13064,0.000000
13068,0.000000
13070,0.000000
13071,0.000000
13072,0.000000
13074,0.000000
13075,0.000000
13077,0.000000
13084,0.000000
13085,0.000000
13088,0.000000
13089,0.000000
13091,0.000000
13093,0.000000
13106,0.000000
13109,0.000000
13112,0.000000
13115,0.000000
13120,0.000000
13125,0.000000
13126,0.000000
13133,0.000000
13135,0.000000
13140,0.000000
13146,0.000000
13147,0.000000
13149,0.000000
13150,0.000000
13154,0.000000
13157,0.000000
13158,0.000000
13161,0.000000
13162,0.000000
13163,0.000000
13167,0.000000
13170,0.000000
13173,0.000000
13176,0.000000
13177,0.000000
13193,0.000000
13196,0.000000
13198,0.000000
13204,0.000000
13205,0.000000
13207,0.000000
13213,0.000000
13222,0.000000
13227,0.000000
13231,0.000000
13232,0.000000
13233,0.000000
13238,0.000000
13247,0.000000
13248,0.000000
13249,0.000000
13253,0.000000
13259,0.000000
13262,0.000000
13264,0.000000
13265,0.000000
13270,0.000000
13273,0.000000
13275,0.000000
13277,0.000000
13280,0.000000
13282,0.000000
13285,0.000000
13286,0.000000
13289,0.000000
13291,0.000000
13292,0.000000
13293,0.000000
13295,0.000000
13298,0.000000
13300,0.000000
13301,0.000000
13307,0.000000
13312,0.000000
13314,0.000000
13317,0.000000
13319,0.000000
13324,0.000000
13330,0.000000
13334,0.000000
13337,0.000000
13339,0.000000
13342,0.000000
13343,0.000000
13344,0.000000
13348,0.000000
13352,0.000000
13356,0.000000
13358,0.000000
13360,0.000000
13364,0.000000
13365,0.000000
13369,0.000000
13372,0.000000
13373,0.000000
13378,0.000000
13379,0.000000
13381,0.000000
13383,0.000000
13385,0.000000
13387,0.000000
13389,0.000000
13391,0.000000
13392,0.000000
13402,0.000000
13407,0.000000
13409,0.000000
13411,0.000000
13412,0.000000
13414,0.000000
13415,0.000000
13418,0.000000
13422,0.000000
13424,0.000000
13429,0.000000
13438,0.000000
13442,0.000000
13444,0.000000
13448,0.000000
13451,0.000000
13453,0.000000
13460,0.000000
13462,0.000000
13466,0.000000
13470,0.000000
13471,0.000000
13473,0.000000
13478,0.000000
13487,0.000000
13494,0.000000
13497,0.000000
13499,0.000000
13506,0.000000
13515,0.000000
13517,0.000000
13521,0.000000
13523,0.000000
13525,0.000000
13531,0.000000
13534,0.000000
13538,0.000000
13543,0.000000
13546,0.000000
13551,0.000000
13556,0.000000
13563,0.000000
13568,0.000000
13569,0.000000
13581,0.000000
13582,0.000000
13583,0.000000
13589,0.000000
13595,0.000000
13603,0.000000
13604,0.000000
13607,0.000000
13613,0.000000
13618,0.000000
13621,0.000000
13623,0.000000
13627,0.000000
13628,0.000000
13633,0.000000
13634,0.000000
13637,0.000000
13642,0.000000
13647,0.000000
13660,0.000000
13661,0.000000
13663,0.000000
13664,0.000000
13669,0.000000
13670,0.000000
13674,0.000000
13675,0.000000
13676,0.000000
13679,0.000000
13684,0.000000
13689,0.000000
13697,0.000000
13699,0.000000
13700,0.000000
13703,0.000000
13704,0.000000
13705,0.000000
13710,0.000000
13717,0.000000
13721,0.000000
13723,0.000000
13724,0.000000
13731,0.000000
13735,0.000000
13743,0.000000
13744,0.000000
13746,0.000000
13748,0.000000
13752,0.000000
13757,0.000000
13758,0.000000
13765,0.000000
13767,0.000000
13768,0.000000
13773,0.000000
13774,0.000000
13784,0.000000
13786,0.000000
13793,0.000000
13803,0.000000
13805,0.000000
13808,0.000000
13809,0.000000
13811,0.000000
13817,0.000000
13819,0.000000
13820,0.000000
13821,0.000000
13822,0.000000
13827,0.000000
13834,0.000000
13836,0.000000
13843,0.000000
13844,0.000000
13849,0.000000
13872,0.000000
13878,0.000000
13880,0.000000
13881,0.000000
13885,0.000000
13893,0.000000
13895,0.000000
13896,0.000000
13897,0.000000
13901,0.000000
13904,0.000000
13905,0.000000
13906,0.000000
13907,0.000000
13910,0.000000
13914,0.000000
13915,0.000000
13921,0.000000
13922,0.000000
13923,0.000000
13928,0.000000
13930,0.000000
13932,0.000000
13939,0.000000
13941,0.000000
13946,0.000000
13947,0.000000
13950,0.000000
13955,0.000000
13956,0.000000
13957,0.000000
13958,0.000000
13962,0.000000
13966,0.000000
13979,0.000000
13985,0.000000
13986,0.000000
13992,0.000000
13996,0.000000
13998,0.000000
13999,0.000000
14001,0.000000
14004,0.000000
14005,0.000000
14008,0.000000
14009,0.000000
14014,0.000000
14019,0.000000
14021,0.000000
14022,0.000000
14028,0.000000
14031,0.000000
14032,0.000000
14038,0.000000
14039,0.000000
14042,0.000000
14049,0.000000
14051,0.000000
14055,0.000000
14061,0.000000
14062,0.000000
14063,0.000000
14064,0.000000
14066,0.000000
14067,0.000000
14070,0.000000
14072,0.000000
14073,0.000000
14075,0.000000
14076,0.000000
14078,0.000000
14079,0.000000
14082,0.000000
14083,0.000000
14088,0.000000
14090,0.000000
14092,0.000000
14094,0.000000
14098,0.000000
14101,0.000000
14102,0.000000
14104,0.000000
14106,0.000000
14109,0.000000
14110,0.000000
14112,0.000000
14115,0.000000
14122,0.000000
14126,0.000000
14130,0.000000
14138,0.000000
14144,0.000000
14146,0.000000
14148,0.000000
14151,0.000000
14154,0.000000
14157,0.000000
14158,0.000000
14161,0.000000
14162,0.000000
14163,0.000000
14164,0.000000
14167,0.000000
14171,0.000000
14177,0.000000
14184,0.000000
14186,0.000000
14187,0.000000
14189,0.000000
14191,0.000000
14193,0.000000
14194,0.000000
14195,0.000000
14198,0.000000
14200,0.000000
14203,0.000000
14204,0.000000
14205,0.000000
14214,0.000000
14217,0.000000
14220,0.000000
14221,0.000000
14227,0.000000
14230,0.000000
14232,0.000000
14234,0.000000
14244,0.000000
14245,0.000000
14253,0.000000
14254,0.000000
14256,0.000000
14260,0.000000
14262,0.000000
14267,0.000000
14270,0.000000
14274,0.000000
14275,0.000000
14285,0.000000
14286,0.000000
14287,0.000000
14292,0.000000
14293,0.000000
14295,0.000000
14296,0.000000
14298,0.000000
14300,0.000000
14302,0.000000
14306,0.000000
14311,0.000000
14313,0.000000
14318,0.000000
14323,0.000000
14324,0.000000
14328,0.000000
14335,0.000000
14342,0.000000
14345,0.000000
14351,0.000000
14353,0.000000
14366,0.000000
14372,0.000000
14381,0.000000
14390,0.000000
14391,0.000000
14393,0.000000
14394,0.000000
14396,0.000000
14401,0.000000
14410,0.000000
14412,0.000000
14420,0.000000
14427,0.000000
14428,0.000000
14429,0.000000
14432,0.000000
14440,0.000000
14445,0.000000
14449,0.000000
14451,0.000000
14453,0.000000
14456,0.000000
14457,0.000000
14459,0.000000
14463,0.000000
14467,0.000000
14470,0.000000
14471,0.000000
14476,0.000000
14482,0.000000
14486,0.000000
14496,0.000000
14502,0.000000
14506,0.000000
14511,0.000000
14512,0.000000
14513,0.000000
14514,0.000000
14520,0.000000
14523,0.000000
14524,0.000000
14532,0.000000
14534,0.000000
14541,0.000000
14544,0.000000
14546,0.000000
14551,0.000000
14552,0.000000
14557,0.000000
14558,0.000000
14559,0.000000
14566,0.000000
14569,0.000000
14570,0.000000
14571,0.000000
14573,0.000000
14577,0.000000
14585,0.000000
14589,0.000000
14591,0.000000
14592,0.000000
14594,0.000000
14595,0.000000
14597,0.000000
14598,0.000000
14607,0.000000
14608,0.000000
14611,0.000000
14612,0.000000
14613,0.000000
14615,0.000000
14622,0.000000
14623,0.000000
14629,0.000000
14630,0.000000
14636,0.000000
14638,0.000000
14640,0.000000
14641,0.000000
14649,0.000000
14656,0.000000
14657,0.000000
14659,0.000000
14664,0.000000
14673,0.000000
14674,0.000000
14676,0.000000
14677,0.000000
14678,0.000000
14680,0.000000
14681,0.000000
14682,0.000000
14685,0.000000
14687,0.000000
14689,0.000000
14690,0.000000
14691,0.000000
14693,0.000000
14698,0.000000
14701,0.000000
14702,0.000000
14703,0.000000
14705,0.000000
14706,0.000000
14709,0.000000
14712,0.000000
14714,0.000000
14717,0.000000
14721,0.000000
14723,0.000000
14727,0.000000
14728,0.000000
14729,0.000000
14730,0.000000
14736,0.000000
14741,0.000000
14743,0.000000
14748,0.000000
14752,0.000000
14754,0.000000
14757,0.000000
14762,0.000000
14764,0.000000
14766,0.000000
14770,0.000000
14771,0.000000
14772,0.000000
14775,0.000000
14781,0.000000
14782,0.000000
14785,0.000000
14786,0.000000
14790,0.000000
14798,0.000000
14799,0.000000
14800,0.000000
14802,0.000000
14804,0.000000
14805,0.000000
14806,0.000000
14807,0.000000
14808,0.000000
14812,0.000000
14813,0.000000
14815,0.000000
14819,0.000000
14828,0.000000
14831,0.000000
14835,0.000000
14836,0.000000
14838,0.000000
14839,0.000000
14845,0.000000
14848,0.000000
14852,0.000000
14854,0.000000
14855,0.000000
14859,0.000000
14860,0.000000
14861,0.000000
14863,0.000000
14864,0.000000
14866,0.000000
14871,0.000000
14873,0.000000
14879,0.000000
14881,0.000000
14882,0.000000
14891,0.000000
14895,0.000000
14899,0.000000
14901,0.000000
14904,0.000000
14908,0.000000
14912,0.000000
14916,0.000000
14932,0.000000
14933,0.000000
14934,0.000000
14940,0.000000
14942,0.000000
14953,0.000000
14958,0.000000
14961,0.000000
14965,0.000000
14968,0.000000
