Evaluations,Fitness
1,8720732.187952
2,7073516.603396
3,6221601.734352
81,6124368.479795
83,5628488.197902
95,5027222.906031
97,4122049.305839
112,3833356.423832
116,3737265.492635
125,2814389.778153
155,2312400.227501
213,2131243.939753
228,2037159.834093
244,1661602.726543
263,1661593.028829
296,1317607.150341
336,1254607.313851
352,1108433.685804
379,1082418.907326
398,866613.772215
516,781398.992196
603,707443.219505
713,692668.093675
801,577917.028850
957,552007.506676
1181,531724.564033
1623,479029.921299
1875,475716.769743
1893,461464.436833
2000,439458.048399
2079,436459.035973
2435,422098.624752
3481,409436.539980
3515,406743.251325
4419,404440.085135
4471,392452.266521
4863,381302.814735
5038,379791.759558
5079,356542.257924
5211,355908.288977
5370,345952.989757
5581,335440.484001
5715,331712.975122
5900,324760.144269
6089,318245.648485
6263,316015.817313
6298,307192.256431
6315,294794.855182
6517,287975.690186
7965,270903.841726
9013,267768.173897
9289,267640.608255
9408,267331.275234
9544,261463.050779
9560,255008.666518
9614,252487.034857
9912,251694.938546
10151,247017.504223
10174,247016.161317
10212,240617.582242
10234,239524.194421
10249,237303.703582
10821,236658.177548
10863,233604.257803
10947,233080.917844
11205,229334.620609
11317,229310.491986
11466,228982.453526
11472,226906.476982
11758,226543.351852
11790,223709.193766
11932,223669.234897
12125,222321.029874
12212,219981.555483
12456,219588.178334
12457,218880.395761
12678,217913.128313
12768,217638.906157
12817,215846.869665
12818,215837.836531
12900,214868.720125
13015,214542.364089
13067,213366.766243
13117,213263.844330
13179,212837.574287
13237,212046.278693
13263,212039.036029
13276,211324.340519
13350,210700.010626
13413,209697.150858
13491,209326.261198
13605,209041.350388
13614,209039.910290
13621,208837.121427
13663,208682.399085
13664,207812.317194
13698,207606.730392
13715,207452.593733
13742,206465.236112
13819,206157.267597
13833,206151.788977
13846,205810.381856
13847,205326.188091
13872,205165.467932
13894,204911.959734
13919,204754.783998
13943,203741.311547
14005,203277.563476
14046,203216.147617
14077,203118.042273
14080,203078.800238
14123,202972.999995
14126,202622.392019
14153,202617.169616
14167,202582.074967
14176,202508.898706
14178,202503.990895
14193,202389.056869
14201,202128.382618
14207,201621.487023
14221,201314.238107
14257,201307.795161
14263,200887.907244
14265,200683.787443
14282,200359.349929
14301,200275.088330
14341,200236.348823
14344,200001.150691
14366,199935.180979
14384,199762.760905
14391,199538.711192
14400,199375.412973
14408,199276.559841
14418,199199.977938
14466,199111.083125
14467,198950.803116
14480,198939.021332
14491,198876.538573
14496,198687.509234
14543,198676.349444
14557,198674.674860
14561,198604.145715
14563,198588.231248
14564,198587.685914
14568,198579.646079
14573,198568.604789
14579,198562.687500
14580,198535.315590
14587,198456.944802
14601,198302.979809
14617,198294.499483
14618,198252.340937
14619,198085.879560
14621,198031.316248
14622,197990.912283
14635,197962.890408
14649,197902.389040
14657,197757.319250
14668,197664.438154
14676,197460.882347
14683,197440.017950
14689,197392.835273
14692,197319.804120
14702,197290.371489
14703,197266.236329
14707,197216.746284
14709,197090.277718
14715,196999.866379
14725,196968.090695
14726,196932.764812
14730,196797.726134
14745,196776.760291
14748,196697.226560
14758,196656.887667
14763,196648.285039
14764,196619.018350
14770,196586.235429
14771,196535.726992
14789,196502.526493
14791,196460.676591
14792,196446.136384
14793,196397.337381
14800,196367.565779
14804,196362.412176
14807,196312.680593
14808,196307.875364
14817,196261.131132
14821,196252.413884
14823,196192.607017
14827,196174.830983
14830,196141.847833
14833,196133.518039
14843,196097.989082
14844,196077.227470
14845,196041.015098
14849,196035.031190
14850,195982.491556
14858,195962.966244
14860,195926.592938
14863,195922.110765
14867,195889.619203
14874,195877.881922
14875,195842.545816
14879,195810.173975
14880,195808.199086
14884,195795.295927
14885,195755.520013
14887,195748.492871
14888,195739.209858
14891,195718.484503
14892,195710.604870
14894,195699.388215
14898,195697.319090
14899,195643.177219
14907,195638.184882
14908,195628.162323
14910,195608.173938
14918,195583.427843
14924,195581.536317
14925,195533.253892
14928,195531.451556
14930,195525.500333
14931,195511.973878
14939,195504.366999
14944,195499.222179
14946,195493.614626
14949,195486.521917
14951,195485.794503
14953,195476.996717
14954,195456.192453
14960,195450.127667
14964,195447.680508
14967,195436.943784
