Evaluations,Fitness
1,2138242797.871772
2,1572440587.534515
4,799585218.507816
9,648784106.076343
11,478281129.916936
49,441188144.480595
54,439559079.305950
55,349379634.034928
102,251847214.970349
142,230983295.656246
210,163278267.469565
558,149092235.297882
578,137514218.450851
600,132566695.619660
667,116081259.244036
751,98729442.778087
807,83961928.783029
829,80029334.805190
906,63048597.458632
1064,40421610.884496
1086,30423198.021635
1348,28168817.137263
1353,26734105.902528
1677,25517373.841825
1680,24651056.226038
1810,20846777.531806
1849,18562019.895800
2075,17618859.252221
2107,15847097.853293
2249,15649154.535787
2279,15322872.834174
2427,13110719.977450
2501,9056358.386597
2712,6565847.219519
2813,6222011.573090
3041,5856048.440199
3203,4845776.868962
3286,4281020.467396
3328,3672206.798919
3410,3388742.988732
3541,3351094.319710
3745,3324144.457932
4002,3107339.338416
4016,2958310.014747
4091,2554221.266495
4212,2426588.734552
4260,1952357.218785
4275,1896543.225813
4365,1747604.625028
4371,1430114.727903
4470,1159244.932087
4678,1072642.092567
4694,1051444.588663
4741,1001579.465656
4800,699643.511089
4886,583986.792589
5475,509350.011852
5938,414589.193017
6030,371284.452117
6041,344260.410882
6153,334613.206223
6225,323491.918882
6267,314361.719615
6268,282917.747392
6337,246366.774812
6399,243500.499730
6429,238652.573758
6453,232203.127177
6588,187116.572803
6627,178316.978889
6694,158436.562064
6714,149113.704157
6739,126108.035890
6824,124687.411049
6958,123991.571693
6960,111440.520282
7107,111417.174678
7189,86332.266511
7289,84178.374581
7308,67054.049038
7448,64184.354070
7478,61132.646261
7497,58379.702605
7584,51439.958828
7597,50794.855000
7652,46973.361429
7676,44620.969716
7764,36913.258145
7824,34231.725899
7897,31294.561957
7916,29038.146564
8171,27093.925698
8181,27067.477565
8257,26650.746949
8258,25330.993755
8264,24977.720157
8279,24073.629545
8301,23550.640781
8320,23167.652722
8325,20121.546846
8373,17119.441827
8470,16197.140750
8580,15407.368173
8655,14685.446759
8661,13723.448716
8685,13712.130975
8767,12304.601629
8775,12114.114712
8810,11844.670062
8823,11827.927109
8906,11661.660184
8907,11324.919691
8939,11023.002190
8972,10858.740939
8986,9650.641830
9019,9564.728582
9026,8993.620084
9044,8733.880092
9112,8391.218910
9120,7894.352305
9126,7621.927547
9165,7579.305278
9207,7078.021485
9320,6655.358442
9497,6041.554450
9549,5714.543723
9565,5615.722458
9587,5612.984663
9632,5592.905052
9654,5468.179697
9671,5141.097816
9694,4818.227611
9715,4738.010032
9787,4641.073378
9792,4606.811244
9800,4430.327165
9860,4391.579141
9904,4067.537945
9975,4033.809865
9990,3954.238761
10013,3799.535537
10148,3738.507116
10159,3447.574036
10208,3446.957895
10262,3184.385500
10291,3059.008317
10443,3031.395732
10543,2718.761098
10563,2640.882023
10703,2396.689438
10881,2180.765784
11013,2127.274961
11022,2111.742026
11045,2067.686152
11064,2047.134220
11085,2046.351753
11100,1945.703172
11115,1845.079389
11153,1782.176403
11193,1649.908457
11209,1496.835051
11290,1475.359948
11308,1419.510355
11334,1414.279267
11338,1340.278241
11387,1323.679069
11509,1300.682278
11570,1298.406272
11603,1283.743501
11659,1221.157599
11732,1208.812712
11738,1146.160933
11796,1129.509709
11905,1090.313857
11919,1048.384860
12028,1045.589447
12034,1020.838900
12048,1005.259493
12059,1003.503811
12066,1000.807929
12080,975.423857
12082,974.821835
12096,968.007358
12129,962.017035
12132,955.048064
12159,943.674456
12162,921.136115
12163,886.182267
12174,873.606111
12229,873.102082
12230,860.221706
12232,844.715038
12238,825.441339
12276,825.023221
12279,777.500688
12281,753.061912
12335,746.920299
12349,739.907363
12350,705.080912
12370,693.510392
12394,669.320994
12396,667.744719
12419,638.923635
12438,624.571116
12456,623.508500
12512,611.327104
12530,606.882641
12576,595.346981
12587,591.491417
12590,588.828946
12593,569.229315
12605,556.483842
12618,544.878830
12636,543.928280
12638,541.649073
12639,524.130255
12646,506.422937
12656,501.150209
12676,500.028440
12724,490.964253
12744,477.079247
12795,474.989386
12798,467.035217
12825,451.775108
12864,437.408418
12904,433.867721
12905,433.214756
12908,428.651137
12913,399.833638
12960,393.979734
12963,387.112092
13030,379.750894
13046,363.886970
13113,359.990605
13127,351.712593
13170,349.706661
13180,342.759204
13206,339.966932
13212,337.412640
13225,335.001289
13229,329.153855
13233,327.693872
13283,324.583717
13288,322.491997
13291,318.799382
13299,316.017124
13304,315.810704
13313,311.326824
13330,308.827392
13331,304.102258
13338,300.145195
13357,297.276161
13383,291.530431
13408,287.720644
13417,275.543500
13447,275.010326
13472,269.769449
13498,267.402077
13519,264.305904
13555,264.043171
13563,260.560441
13564,258.165237
13596,251.884045
13608,251.040344
13623,246.826011
13637,241.909969
13743,241.574846
13751,241.212925
13754,240.773255
13771,237.414464
13783,237.262332
13798,235.207691
13813,233.432359
13837,230.763095
13852,226.489926
13915,225.724879
13924,225.375802
13937,223.600127
13941,221.486016
13946,221.303843
13948,218.587543
13961,216.331814
13980,216.288111
13985,211.837123
14013,210.206728
14014,210.051294
14017,209.569489
14019,206.846879
14030,206.390182
14039,205.483679
14040,205.045486
14041,203.355816
14079,203.199549
14080,202.847518
14088,201.714274
14089,200.959668
14107,199.823636
14110,198.974073
14119,198.426544
14121,196.182978
14123,195.267960
14130,194.424673
14133,193.766404
14138,192.458521
14144,191.472472
14147,188.572802
14164,188.067563
14169,187.963886
14171,186.820829
14189,186.661229
14201,186.530231
14206,184.816244
14212,181.731475
14227,181.127083
14237,180.169085
14242,179.906213
14253,177.180480
14265,177.069253
14289,176.565576
14304,176.137685
14307,175.098180
14314,175.071484
14318,172.583900
14352,172.517372
14356,172.213025
14362,170.162303
14379,170.008457
14386,169.182544
14405,169.009917
14409,168.759722
14413,168.592535
14416,166.831147
14432,166.008283
14434,165.760239
14439,165.592945
14440,165.469541
14441,165.053876
14450,164.597152
14480,164.049930
14488,163.011270
14496,162.708681
14500,161.824936
14505,161.463378
14509,161.042709
14512,160.522574
14517,160.306525
14520,159.869964
14535,159.856255
14536,159.689051
14541,159.176565
14554,159.090998
14555,158.987467
14559,158.762275
14560,158.446206
14561,158.132115
14565,157.720894
14569,157.398428
14573,156.772652
14574,156.559207
14582,156.201673
14585,155.817808
14587,155.710372
14594,155.224840
14596,155.013847
14597,154.696638
14607,154.629197
14608,154.586568
14610,154.176046
14623,153.788796
14634,153.188474
14638,152.832345
14647,152.828203
14650,152.100443
14666,151.807342
14670,151.721949
14673,150.999464
14675,150.724870
14677,150.455685
14679,149.991878
14682,149.837798
14686,149.760813
14688,149.252497
14693,149.133991
14695,148.705667
14703,148.558197
14706,148.370235
14714,148.119109
14748,147.872434
14754,147.604869
14757,147.189856
14768,146.777085
14771,146.744406
14774,146.514827
14784,146.460780
14788,146.229770
14798,146.192310
14799,145.675389
14808,145.611079
14812,145.466370
14814,145.317328
14817,145.288039
14819,145.243667
14820,145.170261
14821,144.952976
14825,144.912442
14826,144.865350
14827,144.667328
14830,144.482872
14835,144.425086
14836,144.324019
14840,144.170302
14841,144.162447
14843,144.130678
14847,144.095141
14849,143.938390
14853,143.766443
14858,143.630120
14860,143.339700
14864,143.327014
14869,143.321127
14870,143.267585
14872,143.103772
14877,143.092451
14879,143.044951
14881,143.010767
14884,143.009205
14886,142.892064
14887,142.821409
14889,142.784639
14892,142.705554
14896,142.605458
14905,142.430745
14910,142.392987
14921,142.392276
14923,142.370958
14933,142.265440
14937,142.201271
14939,142.157940
14940,142.139649
14948,142.125791
14950,142.106732
14953,142.106515
14956,142.042518
14957,142.020038
14965,142.003709
14967,141.992477
14970,141.982894
