Evaluations,Fitness
1,8812857.148364
8,8655207.366981
10,7634943.365208
41,7567957.778586
56,7425096.100572
57,6231832.237002
69,5763149.222384
75,4488892.374610
108,4137131.574752
111,3911021.980152
125,3025391.838404
150,2863085.574027
154,2790245.467551
169,2787635.676006
180,2728963.325612
190,2693633.766568
192,2516924.824259
201,2439255.760101
222,2327461.180541
231,2160369.243017
234,1425670.284010
294,1198640.141795
351,1172797.389039
362,1142813.124909
380,1131638.479594
415,1079178.504775
431,1058859.855865
622,1053294.711387
623,1009624.735294
653,979644.075930
665,959507.172948
743,942686.115528
751,940422.039624
766,916846.287010
767,892022.018764
789,787273.755227
857,777256.956328
907,727694.939223
976,691903.826907
1021,687221.886580
1111,628222.781968
1823,624728.227672
2052,601604.977237
2079,601508.423953
2170,575469.507293
2231,557816.083736
2305,512172.750236
2458,504772.726301
2540,495916.114977
2627,445504.880674
3619,429107.299140
4812,424140.092880
5504,420874.761392
6090,420162.559186
6298,418846.469285
6313,413378.222750
6484,410436.751599
6494,397634.341232
6610,388148.439309
6913,385043.413483
7019,375553.752099
7489,353331.492765
8524,343200.149701
8776,335717.535603
9029,329542.019093
9033,329178.334460
9096,321694.145317
9214,317590.538815
9241,307870.445035
9527,284878.643723
9865,283949.281647
9879,278121.329449
9998,271328.809501
10151,269402.068943
10173,269082.552678
10212,261828.965270
10234,260152.127567
10703,257993.392901
10732,254013.384279
11021,245192.650727
11208,244712.293160
11322,236971.969693
11360,236918.813173
11723,236326.136451
11751,235896.870474
11755,233641.850700
11868,233584.057558
11926,231325.227271
11946,230591.742968
12026,228756.149883
12142,227301.590638
12378,223587.168272
12724,223369.802434
12888,223084.078954
13022,222953.013003
13067,222906.973615
13168,222575.009861
13202,221049.820959
13276,220439.656059
13392,219770.423633
13399,219562.814246
13479,219479.948062
13481,219145.136151
13482,219109.513375
13490,218575.625845
13491,218000.723314
13516,217725.103925
13529,217486.706893
13574,216666.818084
13616,216367.991803
13630,216010.596154
13638,215085.685209
13647,214280.919591
13651,213692.897101
13715,212188.357132
13734,212080.519703
13742,210359.566282
13791,209925.827428
13816,209087.027482
13819,208727.174020
13853,208627.651921
13886,208422.355270
13961,207816.797276
14026,207782.628922
14047,207171.469923
14080,206957.255494
14084,206834.524100
14090,206745.210927
14137,206283.025183
14145,206056.892211
14178,205630.616404
14190,205370.992465
14199,205288.922125
14201,204662.523939
14221,204356.898125
14230,204289.675015
14252,204052.620696
14265,203587.705695
14313,203501.094499
14341,203170.202545
14346,203064.434493
14352,203057.495678
14354,202665.796220
14360,202464.056795
14365,201972.088728
14376,201808.529787
14377,201797.613582
14383,201539.758950
14395,201400.476028
14402,201251.879578
14406,201142.115961
14408,201074.659946
14415,200835.046723
14434,200794.611083
14451,200566.747524
14466,200563.745243
14473,200466.744500
14491,200245.471811
14495,200064.621639
14496,199986.634861
14503,199890.772249
14509,199585.830254
14514,199438.116271
14523,199310.006027
14527,199252.624948
14534,199015.063952
14540,198687.920616
14549,198649.382323
14559,198542.063625
14564,198423.162638
14566,198211.065183
14580,198094.507151
14587,197826.765741
14610,197815.327580
14614,197764.556065
14617,197530.148937
14631,197459.487402
14634,197357.403745
14638,197327.171429
14639,197183.271005
14647,197096.620860
14648,197012.977383
14649,196885.352727
14668,196879.907316
14671,196780.073061
14676,196618.136067
14677,196464.023812
14683,196255.087778
14695,196239.478971
14696,196174.655654
14703,195929.983909
14708,195917.622738
14714,195661.570622
14726,195614.880880
14729,195517.861686
14730,195490.259971
14743,195466.069821
14745,195396.413423
14747,195396.228362
14748,195301.269199
14756,195182.498084
14764,195009.419850
14767,194935.764723
14773,194934.843983
14784,194892.630084
14791,194807.896234
14792,194800.490032
14798,194780.959161
14800,194751.661958
14803,194674.999854
14805,194636.757102
14808,194618.034621
14814,194577.784209
14819,194532.051375
14823,194475.973216
14827,194397.748937
14831,194352.151682
14833,194335.432625
14835,194294.765298
14840,194256.604570
14844,194139.104837
14850,194073.485323
14860,194033.685375
14861,194032.959895
14868,194027.617952
14871,194019.423836
14872,194016.091784
14875,193920.484176
14882,193866.760425
14885,193837.161057
14888,193790.468484
14891,193773.195503
14892,193756.644740
14893,193730.502436
14897,193715.431507
14899,193673.593743
14905,193653.209767
14906,193652.339004
14908,193638.419800
14909,193613.243492
14916,193612.167806
14918,193607.089991
14919,193582.354356
14924,193563.804626
14925,193545.373679
14927,193521.281126
14933,193500.679478
14936,193473.646697
14938,193462.035167
14939,193423.413405
14944,193421.496016
14949,193415.990469
14954,193406.560410
14958,193404.499825
14960,193375.724964
14964,193364.245910
