Evaluations,Fitness
1,5836633.266065
2,5836385.522066
4,5790871.505847
6,5617852.539792
8,5522240.081843
10,5474890.861112
16,5019181.752558
18,4626100.618847
24,4413157.542494
36,4086090.013180
75,3654706.806872
82,3649424.869005
86,3140702.490837
91,2977919.760571
97,2594918.074417
108,2087942.131896
123,1922668.483318
148,1915201.126167
178,1618398.073088
194,1384778.876827
227,1124850.595158
253,1072417.059267
258,954513.020507
291,934359.519072
294,927075.438897
302,925114.901788
303,883779.954672
306,855442.788267
326,784444.628730
343,774763.179766
350,635906.130711
356,546499.021087
380,489355.153536
410,444021.602109
442,429961.582477
447,358642.641586
454,298497.735601
485,218068.228550
499,210719.436490
541,210631.653692
553,203305.187301
554,182534.400920
584,139648.393909
607,131526.282336
608,117119.348206
620,106069.223228
650,103591.425282
667,99872.285202
671,91771.779454
679,77282.937587
697,66036.621366
704,62723.907993
716,54074.348844
734,41921.375169
761,39309.334810
781,37671.230038
787,36782.609860
797,30706.761489
827,27198.836216
836,22550.413986
854,22315.751697
858,17524.428284
870,17345.663603
888,16446.099327
896,13842.789232
903,13614.822648
922,12147.319501
964,9709.524429
1013,8114.312660
1027,6505.287461
1029,5638.135396
1030,5209.829448
1088,4946.827388
1091,4730.045111
1097,4269.764022
1138,3981.776636
1150,3579.876300
1180,3308.555088
1181,3195.939501
1202,3160.890182
1204,3096.195513
1210,2321.750518
1217,2295.979301
1219,2092.422684
1237,1854.845770
1240,1699.101620
1253,1593.105142
1267,1242.816357
1297,1098.714433
1301,1039.064800
1310,935.543037
1320,899.414101
1321,761.845907
1377,699.267220
1389,581.900308
1397,466.570166
1429,366.548909
1433,322.673611
1460,284.014912
1467,272.089300
1470,252.464886
1497,244.989737
1501,212.471059
1513,178.159549
1539,176.266413
1550,166.353004
1552,157.297334
1569,155.755007
1571,144.942315
1572,134.611387
1574,129.087496
1577,112.484949
1584,110.944784
1602,102.798528
1607,98.388258
1614,96.133895
1620,88.559217
1623,88.162324
1633,80.181801
1635,76.235236
1637,65.736180
1693,47.999717
1724,40.181787
1758,36.310788
1760,32.793014
1775,31.062719
1777,27.669539
1792,23.853791
1796,23.266634
1805,21.537617
1806,18.330475
1838,15.301081
1862,14.184686
1868,10.907447
1899,9.872049
1904,9.690834
1916,7.325745
1944,5.229565
1977,4.912332
1979,4.526814
1980,3.850732
2010,3.581842
2026,2.933307
2032,2.524292
2042,2.032072
2053,1.923893
2056,1.813253
2069,1.762301
2071,1.747478
2080,1.435014
2092,1.368957
2104,1.173710
2113,1.064099
2120,0.888098
2122,0.801895
2127,0.766856
2131,0.749198
2134,0.593242
2157,0.576754
2175,0.537503
2186,0.467942
2202,0.460777
2216,0.366389
2225,0.350740
2228,0.337638
2254,0.313238
2258,0.293752
2294,0.226241
2312,0.209884
2328,0.205016
2342,0.185721
2348,0.156848
2352,0.155827
2366,0.155810
2382,0.140609
2385,0.137063
2403,0.127993
2404,0.123464
2412,0.116398
2422,0.114623
2431,0.095910
2456,0.078903
2478,0.074532
2486,0.046559
2502,0.043482
2507,0.039612
2515,0.037947
2516,0.037608
2520,0.035745
2533,0.035741
2540,0.028368
2551,0.028348
2553,0.027218
2554,0.026415
2558,0.024179
2568,0.016345
2584,0.015528
2588,0.011532
2613,0.010786
2624,0.007644
2643,0.007099
2649,0.004787
2663,0.004691
2669,0.004644
2674,0.004237
2675,0.003443
2703,0.003222
2705,0.002727
2723,0.002557
2735,0.002069
2759,0.002043
2778,0.001906
2785,0.001719
2796,0.001532
2801,0.001423
2803,0.001239
2810,0.001238
2820,0.000670
2831,0.000555
2850,0.000514
2861,0.000433
2891,0.000264
2921,0.000257
2923,0.000250
2927,0.000230
2933,0.000224
2944,0.000206
2949,0.000199
2951,0.000195
2957,0.000193
2962,0.000176
2963,0.000141
2988,0.000130
2995,0.000118
2998,0.000109
3013,0.000105
3018,0.000088
3022,0.000083
3035,0.000060
3074,0.000060
3084,0.000058
3088,0.000056
3093,0.000049
3097,0.000045
3102,0.000037
3120,0.000036
3124,0.000032
3129,0.000026
3150,0.000026
3151,0.000023
3164,0.000021
3165,0.000020
3171,0.000020
3182,0.000020
3186,0.000019
3195,0.000019
3196,0.000016
3206,0.000016
3210,0.000014
3220,0.000013
3232,0.000013
3233,0.000011
3251,0.000009
3267,0.000008
3282,0.000007
3292,0.000007
3293,0.000007
3294,0.000006
3300,0.000005
3303,0.000005
3304,0.000005
3327,0.000004
3336,0.000003
3340,0.000003
3341,0.000003
3358,0.000003
3363,0.000003
3387,0.000003
3388,0.000003
3390,0.000002
3402,0.000002
3410,0.000001
3420,0.000001
3428,0.000001
3449,0.000001
3450,0.000001
3472,0.000001
3479,0.000001
3489,0.000000
3502,0.000000
3508,0.000000
3510,0.000000
3524,0.000000
3528,0.000000
3540,0.000000
3558,0.000000
3566,0.000000
3570,0.000000
3573,0.000000
3592,0.000000
3593,0.000000
3597,0.000000
3612,0.000000
3620,0.000000
3627,0.000000
3632,0.000000
3634,0.000000
3643,0.000000
3658,0.000000
3665,0.000000
3674,0.000000
3678,0.000000
3688,0.000000
3708,0.000000
3713,0.000000
3728,0.000000
3738,0.000000
3749,0.000000
3759,0.000000
3762,0.000000
3771,0.000000
3788,0.000000
3791,0.000000
3792,0.000000
3796,0.000000
3824,0.000000
3831,0.000000
3849,0.000000
3854,0.000000
3856,0.000000
3858,0.000000
3861,0.000000
3862,0.000000
3864,0.000000
3868,0.000000
3879,0.000000
3888,0.000000
3903,0.000000
3916,0.000000
3927,0.000000
3930,0.000000
3933,0.000000
3936,0.000000
3957,0.000000
3960,0.000000
3971,0.000000
3975,0.000000
3994,0.000000
4005,0.000000
4022,0.000000
4028,0.000000
4030,0.000000
4031,0.000000
4046,0.000000
4054,0.000000
4065,0.000000
4070,0.000000
4090,0.000000
4112,0.000000
4119,0.000000
4121,0.000000
4137,0.000000
4144,0.000000
4150,0.000000
4163,0.000000
4172,0.000000
4175,0.000000
4180,0.000000
4183,0.000000
4186,0.000000
4195,0.000000
4200,0.000000
4212,0.000000
4215,0.000000
4225,0.000000
4228,0.000000
4239,0.000000
4257,0.000000
4261,0.000000
4269,0.000000
4273,0.000000
4276,0.000000
4300,0.000000
4305,0.000000
4316,0.000000
4333,0.000000
4336,0.000000
4340,0.000000
4343,0.000000
4355,0.000000
4361,0.000000
4366,0.000000
4377,0.000000
4382,0.000000
4389,0.000000
4399,0.000000
4421,0.000000
4424,0.000000
4428,0.000000
4429,0.000000
4446,0.000000
4459,0.000000
4466,0.000000
4470,0.000000
4476,0.000000
4482,0.000000
4505,0.000000
4512,0.000000
4516,0.000000
4521,0.000000
4522,0.000000
4528,0.000000
4531,0.000000
4536,0.000000
4540,0.000000
4551,0.000000
4553,0.000000
4560,0.000000
4584,0.000000
4605,0.000000
4614,0.000000
4622,0.000000
4623,0.000000
4630,0.000000
4647,0.000000
4650,0.000000
4652,0.000000
4660,0.000000
4661,0.000000
4668,0.000000
4679,0.000000
4684,0.000000
4689,0.000000
4691,0.000000
4695,0.000000
4716,0.000000
4746,0.000000
4755,0.000000
4761,0.000000
4764,0.000000
4766,0.000000
4767,0.000000
4789,0.000000
4790,0.000000
4793,0.000000
4798,0.000000
4805,0.000000
4811,0.000000
4812,0.000000
4814,0.000000
4815,0.000000
4823,0.000000
4835,0.000000
4836,0.000000
4838,0.000000
4855,0.000000
4865,0.000000
4869,0.000000
4880,0.000000
4886,0.000000
4898,0.000000
4905,0.000000
4906,0.000000
4907,0.000000
4908,0.000000
4910,0.000000
4912,0.000000
4928,0.000000
4936,0.000000
4937,0.000000
4942,0.000000
4950,0.000000
4951,0.000000
4956,0.000000
4957,0.000000
4968,0.000000
4977,0.000000
4984,0.000000
4999,0.000000
5000,0.000000
5010,0.000000
5018,0.000000
5022,0.000000
5024,0.000000
5025,0.000000
5040,0.000000
5042,0.000000
5048,0.000000
5049,0.000000
5054,0.000000
5059,0.000000
5068,0.000000
5070,0.000000
5074,0.000000
5084,0.000000
5090,0.000000
5098,0.000000
5112,0.000000
5114,0.000000
5120,0.000000
5121,0.000000
5123,0.000000
5127,0.000000
5131,0.000000
5136,0.000000
5139,0.000000
5151,0.000000
5158,0.000000
5159,0.000000
5167,0.000000
5169,0.000000
5176,0.000000
5177,0.000000
5181,0.000000
5184,0.000000
5196,0.000000
5199,0.000000
5207,0.000000
5212,0.000000
5214,0.000000
5215,0.000000
5216,0.000000
5218,0.000000
5228,0.000000
5229,0.000000
5231,0.000000
5244,0.000000
5249,0.000000
5256,0.000000
5260,0.000000
5263,0.000000
5272,0.000000
5273,0.000000
5287,0.000000
5289,0.000000
5291,0.000000
5303,0.000000
5309,0.000000
5319,0.000000
5338,0.000000
5355,0.000000
5364,0.000000
5370,0.000000
5379,0.000000
5381,0.000000
5396,0.000000
5406,0.000000
5407,0.000000
5422,0.000000
5430,0.000000
5432,0.000000
5439,0.000000
5462,0.000000
5464,0.000000
5465,0.000000
5470,0.000000
5475,0.000000
5487,0.000000
5492,0.000000
5497,0.000000
5499,0.000000
5506,0.000000
5522,0.000000
5530,0.000000
5535,0.000000
5540,0.000000
5546,0.000000
5548,0.000000
5549,0.000000
5553,0.000000
5561,0.000000
5564,0.000000
5566,0.000000
5571,0.000000
5579,0.000000
5580,0.000000
5583,0.000000
5588,0.000000
5589,0.000000
5591,0.000000
5609,0.000000
5610,0.000000
5611,0.000000
5618,0.000000
5621,0.000000
5625,0.000000
5639,0.000000
5650,0.000000
5659,0.000000
5669,0.000000
5671,0.000000
5676,0.000000
5686,0.000000
5696,0.000000
5697,0.000000
5703,0.000000
5704,0.000000
5706,0.000000
5726,0.000000
5733,0.000000
5736,0.000000
5748,0.000000
5750,0.000000
5752,0.000000
5754,0.000000
5756,0.000000
5764,0.000000
5774,0.000000
5775,0.000000
5778,0.000000
5785,0.000000
5792,0.000000
5794,0.000000
5804,0.000000
5806,0.000000
5808,0.000000
5809,0.000000
5812,0.000000
5816,0.000000
5822,0.000000
5829,0.000000
5832,0.000000
5842,0.000000
5853,0.000000
5856,0.000000
5859,0.000000
5866,0.000000
5871,0.000000
5878,0.000000
5885,0.000000
5886,0.000000
5887,0.000000
5900,0.000000
5901,0.000000
5904,0.000000
5908,0.000000
5916,0.000000
5917,0.000000
5922,0.000000
5932,0.000000
5933,0.000000
5942,0.000000
5946,0.000000
5950,0.000000
5954,0.000000
5955,0.000000
5967,0.000000
5976,0.000000
5990,0.000000
5996,0.000000
6002,0.000000
6005,0.000000
6016,0.000000
6025,0.000000
6039,0.000000
6041,0.000000
6052,0.000000
6071,0.000000
6072,0.000000
6076,0.000000
6078,0.000000
6081,0.000000
6087,0.000000
6091,0.000000
6099,0.000000
6108,0.000000
6117,0.000000
6121,0.000000
6125,0.000000
6131,0.000000
6136,0.000000
6148,0.000000
6154,0.000000
6163,0.000000
6164,0.000000
6165,0.000000
6173,0.000000
6187,0.000000
6191,0.000000
6193,0.000000
6202,0.000000
6203,0.000000
6206,0.000000
6208,0.000000
6213,0.000000
6221,0.000000
6237,0.000000
6238,0.000000
6241,0.000000
6248,0.000000
6254,0.000000
6267,0.000000
6269,0.000000
6272,0.000000
6273,0.000000
6282,0.000000
6284,0.000000
6286,0.000000
6289,0.000000
6291,0.000000
6298,0.000000
6309,0.000000
6315,0.000000
6317,0.000000
6324,0.000000
6325,0.000000
6353,0.000000
6357,0.000000
6361,0.000000
6366,0.000000
6375,0.000000
6379,0.000000
6385,0.000000
6386,0.000000
6387,0.000000
6394,0.000000
6398,0.000000
6405,0.000000
6412,0.000000
6413,0.000000
6417,0.000000
6429,0.000000
6442,0.000000
6457,0.000000
6460,0.000000
6461,0.000000
6462,0.000000
6465,0.000000
6470,0.000000
6471,0.000000
6476,0.000000
6492,0.000000
6495,0.000000
6496,0.000000
6503,0.000000
6506,0.000000
6507,0.000000
6509,0.000000
6512,0.000000
6513,0.000000
6516,0.000000
6518,0.000000
6524,0.000000
6527,0.000000
6540,0.000000
6543,0.000000
6545,0.000000
6549,0.000000
6556,0.000000
6557,0.000000
6567,0.000000
6571,0.000000
6590,0.000000
6593,0.000000
6594,0.000000
6596,0.000000
6599,0.000000
6602,0.000000
6604,0.000000
6617,0.000000
6629,0.000000
6630,0.000000
6633,0.000000
6635,0.000000
6639,0.000000
6643,0.000000
6651,0.000000
6653,0.000000
6664,0.000000
6668,0.000000
6683,0.000000
6692,0.000000
6698,0.000000
6706,0.000000
6715,0.000000
6735,0.000000
6737,0.000000
6744,0.000000
6746,0.000000
6751,0.000000
6758,0.000000
6768,0.000000
6769,0.000000
6775,0.000000
6784,0.000000
6792,0.000000
6796,0.000000
6798,0.000000
6800,0.000000
6804,0.000000
6807,0.000000
6812,0.000000
6814,0.000000
6825,0.000000
6829,0.000000
6834,0.000000
6837,0.000000
6839,0.000000
6840,0.000000
6849,0.000000
6853,0.000000
6857,0.000000
6862,0.000000
6870,0.000000
6877,0.000000
6879,0.000000
6887,0.000000
6890,0.000000
6894,0.000000
6896,0.000000
6904,0.000000
6906,0.000000
6907,0.000000
6908,0.000000
6912,0.000000
6914,0.000000
6922,0.000000
6924,0.000000
6928,0.000000
6929,0.000000
6934,0.000000
6939,0.000000
6942,0.000000
6944,0.000000
6952,0.000000
6953,0.000000
6958,0.000000
6959,0.000000
6969,0.000000
6971,0.000000
6973,0.000000
6978,0.000000
6985,0.000000
6988,0.000000
6994,0.000000
7000,0.000000
7005,0.000000
7012,0.000000
7019,0.000000
7021,0.000000
7034,0.000000
7036,0.000000
7038,0.000000
7042,0.000000
7043,0.000000
7045,0.000000
7058,0.000000
7059,0.000000
7065,0.000000
7072,0.000000
7081,0.000000
7085,0.000000
7088,0.000000
7096,0.000000
7100,0.000000
7101,0.000000
7103,0.000000
7105,0.000000
7106,0.000000
7116,0.000000
7117,0.000000
7131,0.000000
7143,0.000000
7144,0.000000
7150,0.000000
7156,0.000000
7158,0.000000
7161,0.000000
7168,0.000000
7171,0.000000
7181,0.000000
7186,0.000000
7189,0.000000
7199,0.000000
7202,0.000000
7204,0.000000
7215,0.000000
7220,0.000000
7221,0.000000
7224,0.000000
7225,0.000000
7227,0.000000
7239,0.000000
7244,0.000000
7245,0.000000
7255,0.000000
7258,0.000000
7269,0.000000
7271,0.000000
7279,0.000000
7291,0.000000
7293,0.000000
7300,0.000000
7303,0.000000
7307,0.000000
7317,0.000000
7318,0.000000
7320,0.000000
7328,0.000000
7336,0.000000
7348,0.000000
7358,0.000000
7361,0.000000
7363,0.000000
7365,0.000000
7376,0.000000
7379,0.000000
7380,0.000000
7383,0.000000
7386,0.000000
7390,0.000000
7397,0.000000
7399,0.000000
7401,0.000000
7415,0.000000
7420,0.000000
7421,0.000000
7424,0.000000
7430,0.000000
7431,0.000000
7436,0.000000
7442,0.000000
7449,0.000000
7453,0.000000
7454,0.000000
7460,0.000000
7466,0.000000
7468,0.000000
7490,0.000000
7496,0.000000
7498,0.000000
7514,0.000000
7519,0.000000
7521,0.000000
7522,0.000000
7528,0.000000
7531,0.000000
7534,0.000000
7543,0.000000
7548,0.000000
7552,0.000000
7555,0.000000
7562,0.000000
7566,0.000000
7570,0.000000
7582,0.000000
7584,0.000000
7585,0.000000
7586,0.000000
7587,0.000000
7589,0.000000
7591,0.000000
7592,0.000000
7596,0.000000
7599,0.000000
7604,0.000000
7611,0.000000
7621,0.000000
7624,0.000000
7629,0.000000
7633,0.000000
7634,0.000000
7640,0.000000
7641,0.000000
7643,0.000000
7650,0.000000
7651,0.000000
7653,0.000000
7661,0.000000
7663,0.000000
7666,0.000000
7669,0.000000
7670,0.000000
7672,0.000000
7680,0.000000
7690,0.000000
7697,0.000000
7708,0.000000
7723,0.000000
7727,0.000000
7737,0.000000
7748,0.000000
7749,0.000000
7751,0.000000
7752,0.000000
7758,0.000000
7763,0.000000
7764,0.000000
7770,0.000000
7779,0.000000
7781,0.000000
7788,0.000000
7790,0.000000
7798,0.000000
7801,0.000000
7803,0.000000
7814,0.000000
7817,0.000000
7818,0.000000
7829,0.000000
7830,0.000000
7832,0.000000
7834,0.000000
7839,0.000000
7852,0.000000
7853,0.000000
7863,0.000000
7870,0.000000
7871,0.000000
7872,0.000000
7883,0.000000
7884,0.000000
7892,0.000000
7901,0.000000
7902,0.000000
7909,0.000000
7916,0.000000
7918,0.000000
7922,0.000000
7926,0.000000
7928,0.000000
7931,0.000000
7935,0.000000
7940,0.000000
7944,0.000000
7946,0.000000
7949,0.000000
7952,0.000000
7953,0.000000
7954,0.000000
7962,0.000000
7966,0.000000
7970,0.000000
7984,0.000000
7985,0.000000
7989,0.000000
7990,0.000000
7992,0.000000
7993,0.000000
7999,0.000000
8000,0.000000
8005,0.000000
8006,0.000000
8007,0.000000
8010,0.000000
8014,0.000000
8015,0.000000
8019,0.000000
8029,0.000000
8034,0.000000
8044,0.000000
8051,0.000000
8052,0.000000
8062,0.000000
8066,0.000000
8078,0.000000
8080,0.000000
8088,0.000000
8090,0.000000
8091,0.000000
8097,0.000000
8100,0.000000
8101,0.000000
8108,0.000000
8112,0.000000
8121,0.000000
8126,0.000000
8129,0.000000
8135,0.000000
8142,0.000000
8143,0.000000
8147,0.000000
8155,0.000000
8156,0.000000
8160,0.000000
8164,0.000000
8166,0.000000
8167,0.000000
8170,0.000000
8174,0.000000
8178,0.000000
8187,0.000000
8191,0.000000
8192,0.000000
8197,0.000000
8204,0.000000
8206,0.000000
8210,0.000000
8211,0.000000
8215,0.000000
8231,0.000000
8240,0.000000
8245,0.000000
8247,0.000000
8257,0.000000
8272,0.000000
8280,0.000000
8282,0.000000
8291,0.000000
8293,0.000000
8296,0.000000
8303,0.000000
8305,0.000000
8307,0.000000
8322,0.000000
8323,0.000000
8330,0.000000
8331,0.000000
8335,0.000000
8336,0.000000
8340,0.000000
8342,0.000000
8347,0.000000
8351,0.000000
8355,0.000000
8360,0.000000
8365,0.000000
8368,0.000000
8371,0.000000
8373,0.000000
8379,0.000000
8382,0.000000
8388,0.000000
8391,0.000000
8395,0.000000
8406,0.000000
8409,0.000000
8412,0.000000
8417,0.000000
8426,0.000000
8427,0.000000
8432,0.000000
8436,0.000000
8445,0.000000
8449,0.000000
8451,0.000000
8459,0.000000
8460,0.000000
8461,0.000000
8463,0.000000
8468,0.000000
8473,0.000000
8477,0.000000
8479,0.000000
8484,0.000000
8489,0.000000
8491,0.000000
8496,0.000000
8500,0.000000
8502,0.000000
8503,0.000000
8507,0.000000
8510,0.000000
8511,0.000000
8519,0.000000
8520,0.000000
8522,0.000000
8525,0.000000
8526,0.000000
8532,0.000000
8535,0.000000
8540,0.000000
8541,0.000000
8545,0.000000
8548,0.000000
8554,0.000000
8555,0.000000
8565,0.000000
8568,0.000000
8570,0.000000
8571,0.000000
8574,0.000000
8576,0.000000
8589,0.000000
8590,0.000000
8596,0.000000
8598,0.000000
8600,0.000000
8606,0.000000
8607,0.000000
8609,0.000000
8614,0.000000
8616,0.000000
8626,0.000000
8627,0.000000
8644,0.000000
8651,0.000000
8652,0.000000
8661,0.000000
8663,0.000000
8666,0.000000
8669,0.000000
8672,0.000000
8677,0.000000
8678,0.000000
8680,0.000000
8681,0.000000
8686,0.000000
8692,0.000000
8700,0.000000
8706,0.000000
8712,0.000000
8719,0.000000
8721,0.000000
8724,0.000000
8730,0.000000
8731,0.000000
8732,0.000000
8739,0.000000
8743,0.000000
8749,0.000000
8750,0.000000
8752,0.000000
8754,0.000000
8755,0.000000
8758,0.000000
8760,0.000000
8764,0.000000
8767,0.000000
8777,0.000000
8778,0.000000
8783,0.000000
8784,0.000000
8785,0.000000
8788,0.000000
8795,0.000000
8800,0.000000
8804,0.000000
8810,0.000000
8814,0.000000
8816,0.000000
8817,0.000000
8819,0.000000
8822,0.000000
8823,0.000000
8830,0.000000
8834,0.000000
8835,0.000000
8837,0.000000
8842,0.000000
8844,0.000000
8846,0.000000
8849,0.000000
8850,0.000000
8853,0.000000
8863,0.000000
8864,0.000000
8865,0.000000
8871,0.000000
8874,0.000000
8880,0.000000
8882,0.000000
8886,0.000000
8887,0.000000
8890,0.000000
8891,0.000000
8895,0.000000
8898,0.000000
8899,0.000000
8900,0.000000
8903,0.000000
8905,0.000000
8907,0.000000
8916,0.000000
8917,0.000000
8920,0.000000
8923,0.000000
8933,0.000000
8934,0.000000
8935,0.000000
8941,0.000000
8944,0.000000
8948,0.000000
8953,0.000000
8954,0.000000
8957,0.000000
8970,0.000000
8971,0.000000
8975,0.000000
8977,0.000000
8982,0.000000
8985,0.000000
8986,0.000000
8989,0.000000
8990,0.000000
8992,0.000000
9003,0.000000
9006,0.000000
9007,0.000000
9008,0.000000
9013,0.000000
9015,0.000000
9016,0.000000
9018,0.000000
9019,0.000000
9026,0.000000
9034,0.000000
9045,0.000000
9049,0.000000
9050,0.000000
9052,0.000000
9056,0.000000
9060,0.000000
9063,0.000000
9081,0.000000
9083,0.000000
9084,0.000000
9087,0.000000
9091,0.000000
9094,0.000000
9096,0.000000
9101,0.000000
9104,0.000000
9105,0.000000
9106,0.000000
9112,0.000000
9118,0.000000
9133,0.000000
9138,0.000000
9140,0.000000
9142,0.000000
9145,0.000000
9152,0.000000
9156,0.000000
9158,0.000000
9161,0.000000
9168,0.000000
9173,0.000000
9175,0.000000
9177,0.000000
9179,0.000000
9184,0.000000
9192,0.000000
9193,0.000000
9194,0.000000
9199,0.000000
9202,0.000000
9206,0.000000
9212,0.000000
9216,0.000000
9220,0.000000
9222,0.000000
9223,0.000000
9227,0.000000
9231,0.000000
9235,0.000000
9237,0.000000
9241,0.000000
9245,0.000000
9247,0.000000
9253,0.000000
9256,0.000000
9261,0.000000
9270,0.000000
9273,0.000000
9274,0.000000
9280,0.000000
9281,0.000000
9282,0.000000
9288,0.000000
9289,0.000000
9290,0.000000
9296,0.000000
9297,0.000000
9298,0.000000
9302,0.000000
9304,0.000000
9306,0.000000
9307,0.000000
9313,0.000000
9320,0.000000
9325,0.000000
9330,0.000000
9338,0.000000
9342,0.000000
9346,0.000000
9351,0.000000
9352,0.000000
9355,0.000000
9357,0.000000
9361,0.000000
9371,0.000000
9373,0.000000
9374,0.000000
9383,0.000000
9385,0.000000
9394,0.000000
9395,0.000000
9399,0.000000
9401,0.000000
9408,0.000000
9413,0.000000
9415,0.000000
9420,0.000000
9421,0.000000
9430,0.000000
9431,0.000000
9437,0.000000
9443,0.000000
9444,0.000000
9449,0.000000
9457,0.000000
9460,0.000000
9461,0.000000
9463,0.000000
9464,0.000000
9468,0.000000
9474,0.000000
9476,0.000000
9477,0.000000
9479,0.000000
9483,0.000000
9487,0.000000
9494,0.000000
9495,0.000000
9496,0.000000
9502,0.000000
9515,0.000000
9520,0.000000
9523,0.000000
9525,0.000000
9530,0.000000
9537,0.000000
9541,0.000000
9542,0.000000
9546,0.000000
9550,0.000000
9554,0.000000
9556,0.000000
9561,0.000000
9567,0.000000
9577,0.000000
9580,0.000000
9582,0.000000
9587,0.000000
9589,0.000000
9593,0.000000
9597,0.000000
9604,0.000000
9608,0.000000
9610,0.000000
9612,0.000000
9615,0.000000
9622,0.000000
9629,0.000000
9632,0.000000
9635,0.000000
9650,0.000000
9655,0.000000
9656,0.000000
9657,0.000000
9662,0.000000
9663,0.000000
9668,0.000000
9671,0.000000
9676,0.000000
9677,0.000000
9680,0.000000
9681,0.000000
9683,0.000000
9685,0.000000
9688,0.000000
9700,0.000000
9701,0.000000
9702,0.000000
9703,0.000000
9705,0.000000
9708,0.000000
9711,0.000000
9713,0.000000
9714,0.000000
9716,0.000000
9717,0.000000
9725,0.000000
9729,0.000000
9731,0.000000
9733,0.000000
9735,0.000000
9737,0.000000
9742,0.000000
9744,0.000000
9746,0.000000
9750,0.000000
9758,0.000000
9760,0.000000
9764,0.000000
9768,0.000000
9769,0.000000
9772,0.000000
9776,0.000000
9777,0.000000
9786,0.000000
9788,0.000000
9791,0.000000
9800,0.000000
9804,0.000000
9814,0.000000
9815,0.000000
9820,0.000000
9821,0.000000
9823,0.000000
9824,0.000000
9825,0.000000
9826,0.000000
9830,0.000000
9831,0.000000
9834,0.000000
9840,0.000000
9841,0.000000
9849,0.000000
9850,0.000000
9857,0.000000
9858,0.000000
9859,0.000000
9861,0.000000
9865,0.000000
9866,0.000000
9868,0.000000
9871,0.000000
9878,0.000000
9883,0.000000
9886,0.000000
9893,0.000000
9894,0.000000
9896,0.000000
9900,0.000000
9904,0.000000
9906,0.000000
9907,0.000000
9909,0.000000
9913,0.000000
9914,0.000000
9915,0.000000
9924,0.000000
9934,0.000000
9940,0.000000
9942,0.000000
9943,0.000000
9946,0.000000
9947,0.000000
9962,0.000000
9969,0.000000
9971,0.000000
9976,0.000000
9977,0.000000
9979,0.000000
9983,0.000000
9990,0.000000
9991,0.000000
9992,0.000000
9993,0.000000
9998,0.000000
10002,0.000000
10003,0.000000
10007,0.000000
10008,0.000000
10010,0.000000
10014,0.000000
10019,0.000000
10026,0.000000
10027,0.000000
10033,0.000000
10038,0.000000
10041,0.000000
10043,0.000000
10046,0.000000
10053,0.000000
10054,0.000000
10056,0.000000
10060,0.000000
10061,0.000000
10062,0.000000
10064,0.000000
10065,0.000000
10066,0.000000
10067,0.000000
10073,0.000000
10075,0.000000
10078,0.000000
10080,0.000000
10083,0.000000
10084,0.000000
10091,0.000000
10097,0.000000
10099,0.000000
10112,0.000000
10114,0.000000
10127,0.000000
10136,0.000000
10140,0.000000
10147,0.000000
10149,0.000000
10154,0.000000
10156,0.000000
10159,0.000000
10162,0.000000
10166,0.000000
10168,0.000000
10171,0.000000
10175,0.000000
10181,0.000000
10182,0.000000
10187,0.000000
10188,0.000000
10189,0.000000
10201,0.000000
10206,0.000000
10207,0.000000
10213,0.000000
10220,0.000000
10222,0.000000
10223,0.000000
10227,0.000000
10229,0.000000
10234,0.000000
10237,0.000000
10239,0.000000
10242,0.000000
10251,0.000000
10252,0.000000
10254,0.000000
10263,0.000000
10270,0.000000
10275,0.000000
10276,0.000000
10282,0.000000
10289,0.000000
10291,0.000000
10296,0.000000
10298,0.000000
10302,0.000000
10314,0.000000
10315,0.000000
10317,0.000000
10320,0.000000
10326,0.000000
10327,0.000000
10329,0.000000
10338,0.000000
10344,0.000000
10347,0.000000
10348,0.000000
10354,0.000000
10355,0.000000
10359,0.000000
10365,0.000000
10369,0.000000
10376,0.000000
10378,0.000000
10380,0.000000
10382,0.000000
10383,0.000000
10385,0.000000
10391,0.000000
10393,0.000000
10399,0.000000
10402,0.000000
10403,0.000000
10404,0.000000
10409,0.000000
10410,0.000000
10414,0.000000
10416,0.000000
10419,0.000000
10425,0.000000
10427,0.000000
10430,0.000000
10432,0.000000
10433,0.000000
10443,0.000000
10444,0.000000
10450,0.000000
10455,0.000000
10463,0.000000
10468,0.000000
10476,0.000000
10479,0.000000
10480,0.000000
10501,0.000000
10506,0.000000
10509,0.000000
10511,0.000000
10515,0.000000
10518,0.000000
10521,0.000000
10523,0.000000
10527,0.000000
10530,0.000000
10537,0.000000
10538,0.000000
10541,0.000000
10549,0.000000
10550,0.000000
10551,0.000000
10553,0.000000
10558,0.000000
10559,0.000000
10562,0.000000
10565,0.000000
10566,0.000000
10569,0.000000
10571,0.000000
10573,0.000000
10576,0.000000
10578,0.000000
10582,0.000000
10584,0.000000
10586,0.000000
10591,0.000000
10596,0.000000
10599,0.000000
10601,0.000000
10602,0.000000
10605,0.000000
10606,0.000000
10609,0.000000
10610,0.000000
10614,0.000000
10617,0.000000
10618,0.000000
10624,0.000000
10625,0.000000
10629,0.000000
10630,0.000000
10631,0.000000
10635,0.000000
10636,0.000000
10640,0.000000
10642,0.000000
10650,0.000000
10656,0.000000
10668,0.000000
10674,0.000000
10677,0.000000
10678,0.000000
10681,0.000000
10684,0.000000
10690,0.000000
10695,0.000000
10699,0.000000
10704,0.000000
10709,0.000000
10711,0.000000
10715,0.000000
10717,0.000000
10718,0.000000
10719,0.000000
10721,0.000000
10724,0.000000
10726,0.000000
10730,0.000000
10732,0.000000
10734,0.000000
10739,0.000000
10740,0.000000
10741,0.000000
10742,0.000000
10744,0.000000
10747,0.000000
10750,0.000000
10751,0.000000
10753,0.000000
10754,0.000000
10755,0.000000
10761,0.000000
10766,0.000000
10769,0.000000
10770,0.000000
10771,0.000000
10775,0.000000
10778,0.000000
10786,0.000000
10787,0.000000
10790,0.000000
10791,0.000000
10795,0.000000
10797,0.000000
10798,0.000000
10799,0.000000
10801,0.000000
10802,0.000000
10803,0.000000
10805,0.000000
10808,0.000000
10809,0.000000
10814,0.000000
10817,0.000000
10819,0.000000
10820,0.000000
10829,0.000000
10835,0.000000
10842,0.000000
10845,0.000000
10846,0.000000
10847,0.000000
10851,0.000000
10853,0.000000
10855,0.000000
10863,0.000000
10867,0.000000
10871,0.000000
10874,0.000000
10875,0.000000
10882,0.000000
10885,0.000000
10887,0.000000
10888,0.000000
10889,0.000000
10892,0.000000
10893,0.000000
10900,0.000000
10902,0.000000
10903,0.000000
10904,0.000000
10909,0.000000
10910,0.000000
10911,0.000000
10914,0.000000
10917,0.000000
10920,0.000000
10924,0.000000
10927,0.000000
10929,0.000000
10939,0.000000
10942,0.000000
10944,0.000000
10948,0.000000
10950,0.000000
10952,0.000000
10953,0.000000
10959,0.000000
10963,0.000000
10965,0.000000
10968,0.000000
10973,0.000000
10975,0.000000
10977,0.000000
10980,0.000000
10983,0.000000
10994,0.000000
11002,0.000000
11004,0.000000
11012,0.000000
11018,0.000000
11022,0.000000
11024,0.000000
11029,0.000000
11030,0.000000
11033,0.000000
11035,0.000000
11036,0.000000
11037,0.000000
11039,0.000000
11043,0.000000
11048,0.000000
11050,0.000000
11054,0.000000
11055,0.000000
11060,0.000000
11061,0.000000
11064,0.000000
11065,0.000000
11067,0.000000
11072,0.000000
11076,0.000000
11078,0.000000
11082,0.000000
11087,0.000000
11089,0.000000
11092,0.000000
11097,0.000000
11104,0.000000
11108,0.000000
11111,0.000000
11119,0.000000
11123,0.000000
11125,0.000000
11134,0.000000
11136,0.000000
11139,0.000000
11140,0.000000
11143,0.000000
11144,0.000000
11151,0.000000
11152,0.000000
11155,0.000000
11163,0.000000
11168,0.000000
11171,0.000000
11176,0.000000
11177,0.000000
11181,0.000000
11186,0.000000
11194,0.000000
11199,0.000000
11205,0.000000
11207,0.000000
11209,0.000000
11213,0.000000
11217,0.000000
11228,0.000000
11231,0.000000
11238,0.000000
11249,0.000000
11250,0.000000
11251,0.000000
11253,0.000000
11256,0.000000
11257,0.000000
11258,0.000000
11263,0.000000
11265,0.000000
11266,0.000000
11279,0.000000
11281,0.000000
11286,0.000000
11287,0.000000
11289,0.000000
11295,0.000000
11300,0.000000
11302,0.000000
11305,0.000000
11313,0.000000
11317,0.000000
11319,0.000000
11327,0.000000
11330,0.000000
11333,0.000000
11341,0.000000
11347,0.000000
11348,0.000000
11350,0.000000
11353,0.000000
11358,0.000000
11359,0.000000
11360,0.000000
11362,0.000000
11367,0.000000
11368,0.000000
11371,0.000000
11373,0.000000
11375,0.000000
11379,0.000000
11384,0.000000
11385,0.000000
11393,0.000000
11396,0.000000
11397,0.000000
11402,0.000000
11403,0.000000
11404,0.000000
11405,0.000000
11411,0.000000
11415,0.000000
11418,0.000000
11424,0.000000
11425,0.000000
11426,0.000000
11430,0.000000
11433,0.000000
11440,0.000000
11444,0.000000
11446,0.000000
11452,0.000000
11453,0.000000
11458,0.000000
11463,0.000000
11464,0.000000
11467,0.000000
11469,0.000000
11470,0.000000
11472,0.000000
11478,0.000000
11484,0.000000
11486,0.000000
11491,0.000000
11492,0.000000
11493,0.000000
11494,0.000000
11497,0.000000
11506,0.000000
11509,0.000000
11511,0.000000
11512,0.000000
11519,0.000000
11521,0.000000
11528,0.000000
11535,0.000000
11537,0.000000
11540,0.000000
11542,0.000000
11545,0.000000
11555,0.000000
11557,0.000000
11562,0.000000
11565,0.000000
11572,0.000000
11574,0.000000
11579,0.000000
11580,0.000000
11583,0.000000
11585,0.000000
11592,0.000000
11593,0.000000
11595,0.000000
11599,0.000000
11603,0.000000
11605,0.000000
11610,0.000000
11611,0.000000
11613,0.000000
11615,0.000000
11616,0.000000
11621,0.000000
11625,0.000000
11631,0.000000
11632,0.000000
11639,0.000000
11653,0.000000
11662,0.000000
11663,0.000000
11664,0.000000
11666,0.000000
11671,0.000000
11673,0.000000
11674,0.000000
11680,0.000000
11685,0.000000
11686,0.000000
11695,0.000000
11697,0.000000
11698,0.000000
11702,0.000000
11703,0.000000
11709,0.000000
11711,0.000000
11714,0.000000
11719,0.000000
11723,0.000000
11724,0.000000
11725,0.000000
11727,0.000000
11729,0.000000
11731,0.000000
11734,0.000000
11740,0.000000
11742,0.000000
11744,0.000000
11745,0.000000
11749,0.000000
11755,0.000000
11761,0.000000
11765,0.000000
11768,0.000000
11769,0.000000
11770,0.000000
11772,0.000000
11773,0.000000
11780,0.000000
11783,0.000000
11790,0.000000
11793,0.000000
11794,0.000000
11797,0.000000
11798,0.000000
11800,0.000000
11810,0.000000
11815,0.000000
11822,0.000000
11832,0.000000
11833,0.000000
11838,0.000000
11839,0.000000
11848,0.000000
11849,0.000000
11853,0.000000
11858,0.000000
11863,0.000000
11866,0.000000
11879,0.000000
11898,0.000000
11904,0.000000
11905,0.000000
11909,0.000000
11910,0.000000
11912,0.000000
11915,0.000000
11916,0.000000
11917,0.000000
11921,0.000000
11924,0.000000
11926,0.000000
11928,0.000000
11929,0.000000
11930,0.000000
11931,0.000000
11932,0.000000
11933,0.000000
11935,0.000000
11942,0.000000
11943,0.000000
11944,0.000000
11945,0.000000
11947,0.000000
11948,0.000000
11954,0.000000
11957,0.000000
11958,0.000000
11963,0.000000
11967,0.000000
11969,0.000000
11974,0.000000
11976,0.000000
11979,0.000000
11982,0.000000
11984,0.000000
11988,0.000000
11990,0.000000
11991,0.000000
11994,0.000000
11996,0.000000
12007,0.000000
12008,0.000000
12010,0.000000
12011,0.000000
12016,0.000000
12018,0.000000
12020,0.000000
12024,0.000000
12029,0.000000
12030,0.000000
12034,0.000000
12035,0.000000
12037,0.000000
12042,0.000000
12044,0.000000
12045,0.000000
12052,0.000000
12055,0.000000
12056,0.000000
12063,0.000000
12064,0.000000
12066,0.000000
12067,0.000000
12069,0.000000
12073,0.000000
12076,0.000000
12079,0.000000
12081,0.000000
12085,0.000000
12092,0.000000
12095,0.000000
12096,0.000000
12097,0.000000
12099,0.000000
12100,0.000000
12110,0.000000
12114,0.000000
12115,0.000000
12116,0.000000
12117,0.000000
12119,0.000000
12125,0.000000
12126,0.000000
12130,0.000000
12131,0.000000
12132,0.000000
12135,0.000000
12137,0.000000
12138,0.000000
12140,0.000000
12144,0.000000
12150,0.000000
12155,0.000000
12160,0.000000
12161,0.000000
12162,0.000000
12163,0.000000
12167,0.000000
12168,0.000000
12170,0.000000
12179,0.000000
12181,0.000000
12184,0.000000
12190,0.000000
12191,0.000000
12194,0.000000
12202,0.000000
12205,0.000000
12208,0.000000
12218,0.000000
12220,0.000000
12223,0.000000
12227,0.000000
12229,0.000000
12234,0.000000
12235,0.000000
12236,0.000000
12237,0.000000
12242,0.000000
12243,0.000000
12245,0.000000
12254,0.000000
12257,0.000000
12258,0.000000
12259,0.000000
12263,0.000000
12264,0.000000
12270,0.000000
12271,0.000000
12274,0.000000
12276,0.000000
12281,0.000000
12282,0.000000
12283,0.000000
12287,0.000000
12288,0.000000
12289,0.000000
12297,0.000000
12298,0.000000
12299,0.000000
12308,0.000000
12312,0.000000
12315,0.000000
12317,0.000000
12323,0.000000
12327,0.000000
12329,0.000000
12332,0.000000
12333,0.000000
12334,0.000000
12335,0.000000
12338,0.000000
12340,0.000000
12344,0.000000
12346,0.000000
12347,0.000000
12351,0.000000
12356,0.000000
12359,0.000000
12360,0.000000
12363,0.000000
12367,0.000000
12368,0.000000
12369,0.000000
12372,0.000000
12375,0.000000
12380,0.000000
12381,0.000000
12384,0.000000
12387,0.000000
12390,0.000000
12392,0.000000
12397,0.000000
12402,0.000000
12403,0.000000
12404,0.000000
12411,0.000000
12413,0.000000
12414,0.000000
12416,0.000000
12418,0.000000
12426,0.000000
12428,0.000000
12432,0.000000
12437,0.000000
12438,0.000000
12445,0.000000
12450,0.000000
12459,0.000000
12467,0.000000
12471,0.000000
12475,0.000000
12476,0.000000
12483,0.000000
12492,0.000000
12493,0.000000
12500,0.000000
12512,0.000000
12521,0.000000
12522,0.000000
12528,0.000000
12530,0.000000
12533,0.000000
12542,0.000000
12544,0.000000
12550,0.000000
12556,0.000000
12559,0.000000
12563,0.000000
12567,0.000000
12571,0.000000
12576,0.000000
12578,0.000000
12581,0.000000
12583,0.000000
12590,0.000000
12594,0.000000
12602,0.000000
12608,0.000000
12611,0.000000
12623,0.000000
12628,0.000000
12635,0.000000
12642,0.000000
12645,0.000000
12649,0.000000
12650,0.000000
12654,0.000000
12656,0.000000
12659,0.000000
12660,0.000000
12664,0.000000
12665,0.000000
12668,0.000000
12669,0.000000
12670,0.000000
12676,0.000000
12677,0.000000
12686,0.000000
12689,0.000000
12694,0.000000
12695,0.000000
12696,0.000000
12699,0.000000
12700,0.000000
12701,0.000000
12702,0.000000
12704,0.000000
12705,0.000000
12710,0.000000
12711,0.000000
12712,0.000000
12715,0.000000
12720,0.000000
12722,0.000000
12723,0.000000
12724,0.000000
12726,0.000000
12727,0.000000
12731,0.000000
12734,0.000000
12735,0.000000
12736,0.000000
12737,0.000000
12742,0.000000
12743,0.000000
12748,0.000000
12750,0.000000
12755,0.000000
12756,0.000000
12758,0.000000
12765,0.000000
12770,0.000000
12771,0.000000
12776,0.000000
12779,0.000000
12781,0.000000
12783,0.000000
12786,0.000000
12788,0.000000
12792,0.000000
12799,0.000000
12803,0.000000
12804,0.000000
12813,0.000000
12818,0.000000
12819,0.000000
12823,0.000000
12825,0.000000
12841,0.000000
12846,0.000000
12848,0.000000
12850,0.000000
12852,0.000000
12853,0.000000
12854,0.000000
12856,0.000000
12864,0.000000
12865,0.000000
12866,0.000000
12869,0.000000
12870,0.000000
12873,0.000000
12877,0.000000
12880,0.000000
12883,0.000000
12884,0.000000
12886,0.000000
12887,0.000000
12892,0.000000
12896,0.000000
12897,0.000000
12898,0.000000
12899,0.000000
12901,0.000000
12903,0.000000
12905,0.000000
12913,0.000000
12917,0.000000
12920,0.000000
12923,0.000000
12928,0.000000
12929,0.000000
12932,0.000000
12934,0.000000
12936,0.000000
12939,0.000000
12941,0.000000
12942,0.000000
12945,0.000000
12947,0.000000
12950,0.000000
12951,0.000000
12953,0.000000
12955,0.000000
12959,0.000000
12961,0.000000
12963,0.000000
12964,0.000000
12970,0.000000
12971,0.000000
12975,0.000000
12976,0.000000
12977,0.000000
12978,0.000000
12980,0.000000
12983,0.000000
12986,0.000000
12988,0.000000
12990,0.000000
12996,0.000000
13000,0.000000
13008,0.000000
13011,0.000000
13015,0.000000
13021,0.000000
13024,0.000000
13027,0.000000
13029,0.000000
13031,0.000000
13036,0.000000
13039,0.000000
13040,0.000000
13041,0.000000
13046,0.000000
13047,0.000000
13048,0.000000
13061,0.000000
13064,0.000000
13065,0.000000
13067,0.000000
13069,0.000000
13070,0.000000
13072,0.000000
13079,0.000000
13080,0.000000
13086,0.000000
13087,0.000000
13089,0.000000
13090,0.000000
13091,0.000000
13093,0.000000
13099,0.000000
13103,0.000000
13105,0.000000
13106,0.000000
13107,0.000000
13109,0.000000
13111,0.000000
13120,0.000000
13123,0.000000
13124,0.000000
13126,0.000000
13131,0.000000
13132,0.000000
13133,0.000000
13137,0.000000
13138,0.000000
13139,0.000000
13140,0.000000
13147,0.000000
13148,0.000000
13149,0.000000
13150,0.000000
13152,0.000000
13155,0.000000
13159,0.000000
13162,0.000000
13165,0.000000
13173,0.000000
13176,0.000000
13182,0.000000
13188,0.000000
13189,0.000000
13190,0.000000
13193,0.000000
13198,0.000000
13200,0.000000
13203,0.000000
13204,0.000000
13213,0.000000
13227,0.000000
13230,0.000000
13233,0.000000
13234,0.000000
13237,0.000000
13242,0.000000
13247,0.000000
13248,0.000000
13250,0.000000
13253,0.000000
13257,0.000000
13259,0.000000
13262,0.000000
13266,0.000000
13268,0.000000
13269,0.000000
13274,0.000000
13275,0.000000
13277,0.000000
13279,0.000000
13281,0.000000
13284,0.000000
13287,0.000000
13288,0.000000
13289,0.000000
13290,0.000000
13292,0.000000
13293,0.000000
13295,0.000000
13298,0.000000
13301,0.000000
13304,0.000000
13307,0.000000
13313,0.000000
13317,0.000000
13319,0.000000
13326,0.000000
13330,0.000000
13333,0.000000
13334,0.000000
13337,0.000000
13338,0.000000
13348,0.000000
13351,0.000000
13352,0.000000
13356,0.000000
13357,0.000000
13358,0.000000
13362,0.000000
13363,0.000000
13364,0.000000
13365,0.000000
13367,0.000000
13375,0.000000
13377,0.000000
13379,0.000000
13382,0.000000
13386,0.000000
13394,0.000000
13395,0.000000
13399,0.000000
13405,0.000000
13408,0.000000
13413,0.000000
13415,0.000000
13419,0.000000
13421,0.000000
13427,0.000000
13428,0.000000
13429,0.000000
13442,0.000000
13444,0.000000
13449,0.000000
13450,0.000000
13453,0.000000
13457,0.000000
13458,0.000000
13462,0.000000
13463,0.000000
13465,0.000000
13468,0.000000
13470,0.000000
13477,0.000000
13485,0.000000
13486,0.000000
13490,0.000000
13491,0.000000
13492,0.000000
13499,0.000000
13500,0.000000
13506,0.000000
13511,0.000000
13512,0.000000
13514,0.000000
13515,0.000000
13516,0.000000
13519,0.000000
13520,0.000000
13521,0.000000
13523,0.000000
13530,0.000000
13531,0.000000
13538,0.000000
13541,0.000000
13548,0.000000
13551,0.000000
13558,0.000000
13560,0.000000
13562,0.000000
13563,0.000000
13564,0.000000
13568,0.000000
13571,0.000000
13578,0.000000
13579,0.000000
13583,0.000000
13591,0.000000
13592,0.000000
13593,0.000000
13595,0.000000
13597,0.000000
13600,0.000000
13604,0.000000
13609,0.000000
13614,0.000000
13626,0.000000
13627,0.000000
13632,0.000000
13633,0.000000
13637,0.000000
13640,0.000000
13641,0.000000
13648,0.000000
13652,0.000000
13654,0.000000
13655,0.000000
13663,0.000000
13665,0.000000
13667,0.000000
13669,0.000000
13670,0.000000
13671,0.000000
13672,0.000000
13674,0.000000
13675,0.000000
13676,0.000000
13677,0.000000
13683,0.000000
13687,0.000000
13700,0.000000
13703,0.000000
13706,0.000000
13710,0.000000
13716,0.000000
13720,0.000000
13721,0.000000
13723,0.000000
13727,0.000000
13729,0.000000
13736,0.000000
13741,0.000000
13743,0.000000
13745,0.000000
13749,0.000000
13752,0.000000
13753,0.000000
13758,0.000000
13765,0.000000
13768,0.000000
13770,0.000000
13780,0.000000
13781,0.000000
13782,0.000000
13783,0.000000
13784,0.000000
13787,0.000000
13790,0.000000
13793,0.000000
13794,0.000000
13799,0.000000
13801,0.000000
13808,0.000000
13815,0.000000
13818,0.000000
13824,0.000000
13831,0.000000
13833,0.000000
13834,0.000000
13839,0.000000
13841,0.000000
13844,0.000000
13846,0.000000
13849,0.000000
13850,0.000000
13851,0.000000
13859,0.000000
13860,0.000000
13862,0.000000
13864,0.000000
13870,0.000000
13874,0.000000
13879,0.000000
13886,0.000000
13887,0.000000
13890,0.000000
13891,0.000000
13894,0.000000
13895,0.000000
13902,0.000000
13907,0.000000
13910,0.000000
13911,0.000000
13914,0.000000
13917,0.000000
13921,0.000000
13924,0.000000
13926,0.000000
13928,0.000000
13929,0.000000
13931,0.000000
13935,0.000000
13948,0.000000
13955,0.000000
13958,0.000000
13959,0.000000
13960,0.000000
13963,0.000000
13965,0.000000
13966,0.000000
13968,0.000000
13974,0.000000
13977,0.000000
13979,0.000000
13986,0.000000
13997,0.000000
13998,0.000000
14003,0.000000
14010,0.000000
14017,0.000000
14024,0.000000
14025,0.000000
14029,0.000000
14030,0.000000
14031,0.000000
14032,0.000000
14042,0.000000
14048,0.000000
14055,0.000000
14058,0.000000
14060,0.000000
14065,0.000000
14067,0.000000
14073,0.000000
14074,0.000000
14075,0.000000
14083,0.000000
14084,0.000000
14088,0.000000
14090,0.000000
14095,0.000000
14103,0.000000
14104,0.000000
14115,0.000000
14122,0.000000
14128,0.000000
14129,0.000000
14133,0.000000
14136,0.000000
14138,0.000000
14142,0.000000
14144,0.000000
14147,0.000000
14151,0.000000
14154,0.000000
14156,0.000000
14161,0.000000
14164,0.000000
14166,0.000000
14167,0.000000
14169,0.000000
14174,0.000000
14175,0.000000
14182,0.000000
14187,0.000000
14191,0.000000
14194,0.000000
14200,0.000000
14202,0.000000
14206,0.000000
14210,0.000000
14212,0.000000
14220,0.000000
14221,0.000000
14222,0.000000
14227,0.000000
14228,0.000000
14230,0.000000
14232,0.000000
14236,0.000000
14242,0.000000
14244,0.000000
14245,0.000000
14249,0.000000
14250,0.000000
14253,0.000000
14260,0.000000
14264,0.000000
14271,0.000000
14275,0.000000
14282,0.000000
14286,0.000000
14288,0.000000
14291,0.000000
14292,0.000000
14293,0.000000
14295,0.000000
14296,0.000000
14297,0.000000
14303,0.000000
14306,0.000000
14308,0.000000
14311,0.000000
14314,0.000000
14320,0.000000
14322,0.000000
14323,0.000000
14328,0.000000
14330,0.000000
14331,0.000000
14335,0.000000
14337,0.000000
14339,0.000000
14344,0.000000
14351,0.000000
14353,0.000000
14356,0.000000
14360,0.000000
14361,0.000000
14369,0.000000
14373,0.000000
14386,0.000000
14390,0.000000
14391,0.000000
14393,0.000000
14394,0.000000
14396,0.000000
14399,0.000000
14406,0.000000
14407,0.000000
14413,0.000000
14414,0.000000
14420,0.000000
14421,0.000000
14426,0.000000
14428,0.000000
14429,0.000000
14436,0.000000
14444,0.000000
14445,0.000000
14446,0.000000
14453,0.000000
14457,0.000000
14463,0.000000
14478,0.000000
14479,0.000000
14483,0.000000
14486,0.000000
14490,0.000000
14491,0.000000
14493,0.000000
14496,0.000000
14501,0.000000
14503,0.000000
14510,0.000000
14511,0.000000
14512,0.000000
14516,0.000000
14519,0.000000
14520,0.000000
14522,0.000000
14524,0.000000
14529,0.000000
14533,0.000000
14540,0.000000
14544,0.000000
14545,0.000000
14546,0.000000
14554,0.000000
14558,0.000000
14559,0.000000
14560,0.000000
14564,0.000000
14565,0.000000
14566,0.000000
14572,0.000000
14573,0.000000
14575,0.000000
14577,0.000000
14578,0.000000
14582,0.000000
14585,0.000000
14589,0.000000
14595,0.000000
14597,0.000000
14600,0.000000
14601,0.000000
14603,0.000000
14605,0.000000
14610,0.000000
14611,0.000000
14614,0.000000
14618,0.000000
14619,0.000000
14622,0.000000
14627,0.000000
14630,0.000000
14635,0.000000
14637,0.000000
14638,0.000000
14644,0.000000
14647,0.000000
14650,0.000000
14656,0.000000
14657,0.000000
14658,0.000000
14664,0.000000
14666,0.000000
14668,0.000000
14672,0.000000
14673,0.000000
14676,0.000000
14679,0.000000
14681,0.000000
14689,0.000000
14694,0.000000
14701,0.000000
14706,0.000000
14707,0.000000
14712,0.000000
14713,0.000000
14717,0.000000
14719,0.000000
14729,0.000000
14743,0.000000
14749,0.000000
14750,0.000000
14755,0.000000
14758,0.000000
14762,0.000000
14766,0.000000
14768,0.000000
14770,0.000000
14771,0.000000
14774,0.000000
14777,0.000000
14779,0.000000
14783,0.000000
14785,0.000000
14786,0.000000
14788,0.000000
14790,0.000000
14791,0.000000
14792,0.000000
14794,0.000000
14797,0.000000
14800,0.000000
14804,0.000000
14807,0.000000
14812,0.000000
14819,0.000000
14821,0.000000
14822,0.000000
14823,0.000000
14825,0.000000
14827,0.000000
14831,0.000000
14835,0.000000
14843,0.000000
14846,0.000000
14849,0.000000
14853,0.000000
14856,0.000000
14858,0.000000
14860,0.000000
14861,0.000000
14864,0.000000
14866,0.000000
14870,0.000000
14871,0.000000
14874,0.000000
14875,0.000000
14878,0.000000
14879,0.000000
14881,0.000000
14885,0.000000
14887,0.000000
14891,0.000000
14894,0.000000
14896,0.000000
14897,0.000000
14903,0.000000
14904,0.000000
14907,0.000000
14908,0.000000
14911,0.000000
14913,0.000000
14915,0.000000
14918,0.000000
14923,0.000000
14928,0.000000
14931,0.000000
14932,0.000000
14933,0.000000
14937,0.000000
14944,0.000000
14946,0.000000
14948,0.000000
14952,0.000000
14958,0.000000
14959,0.000000
14960,0.000000
14963,0.000000
14966,0.000000
