Evaluations,Fitness
1,21.107389
2,20.948485
20,20.719024
112,20.701533
118,20.506415
140,20.379608
142,20.168483
161,20.010520
172,19.582656
221,19.421178
227,19.255315
233,18.946257
234,18.820232
263,18.547751
264,17.640526
301,17.520676
318,17.408163
320,16.985794
323,16.370344
352,15.987959
353,15.447442
382,14.738528
394,14.511760
413,14.196400
443,13.420943
479,13.274504
507,12.517398
509,12.054728
540,11.107476
546,10.953624
565,10.825602
593,10.434367
625,10.012400
627,9.943050
667,9.781122
696,9.489913
700,9.489616
710,9.448299
729,9.341739
739,9.338623
759,8.927379
767,8.650444
787,8.173442
818,8.056744
819,7.386513
849,7.086224
854,6.933326
877,6.882721
884,6.650439
914,6.438987
943,6.078491
955,6.055820
958,5.904903
964,5.868090
973,5.860682
974,5.644792
994,5.613045
1003,5.608624
1004,5.166940
1041,5.037580
1042,5.005847
1049,4.930394
1077,4.626133
1095,4.577168
1097,4.441950
1105,4.355839
1107,4.047533
1137,4.036813
1147,3.859555
1156,3.765271
1189,3.562822
1207,3.333569
1236,3.060513
1241,3.056671
1244,2.928566
1259,2.885491
1271,2.859144
1272,2.707212
1310,2.616704
1330,2.587839
1339,2.378758
1352,2.266503
1381,2.062598
1397,1.968187
1420,1.880987
1429,1.717516
1450,1.375800
1491,1.343369
1504,1.089302
1515,0.982509
1529,0.924983
1545,0.884184
1571,0.831960
1583,0.807170
1586,0.760680
1587,0.755283
1592,0.723562
1593,0.717876
1623,0.619596
1636,0.615179
1645,0.511671
1666,0.453258
1696,0.451363
1700,0.432038
1719,0.425570
1721,0.424442
1751,0.327755
1791,0.320504
1792,0.309716
1797,0.291074
1800,0.278219
1804,0.254370
1834,0.218298
1856,0.212722
1858,0.202917
1866,0.189896
1868,0.173832
1898,0.169024
1903,0.152867
1912,0.145718
1918,0.132541
1935,0.129144
1939,0.114321
1965,0.110732
1989,0.096425
2020,0.090047
2025,0.071885
2057,0.070451
2066,0.069176
2068,0.066707
2080,0.062688
2101,0.059907
2110,0.056803
2116,0.051889
2147,0.050421
2151,0.049053
2158,0.048603
2165,0.047588
2167,0.041852
2190,0.041759
2199,0.041529
2208,0.040211
2214,0.039388
2229,0.038138
2245,0.033940
2259,0.032389
2273,0.032385
2281,0.031402
2283,0.029847
2288,0.027792
2311,0.027271
2317,0.025661
2318,0.024789
2330,0.023974
2338,0.020763
2342,0.020531
2345,0.018450
2372,0.018027
2375,0.017739
2400,0.017069
2410,0.016878
2414,0.014823
2447,0.012727
2462,0.012253
2479,0.011511
2487,0.010900
2488,0.010802
2490,0.009673
2532,0.007570
2538,0.007307
2543,0.006763
2550,0.006705
2568,0.006615
2573,0.006471
2588,0.005909
2590,0.005309
2592,0.005308
2598,0.005148
2603,0.004698
2628,0.004697
2633,0.004171
2674,0.003770
2679,0.003708
2696,0.003656
2704,0.003350
2715,0.002902
2723,0.002862
2730,0.002844
2734,0.002733
2739,0.002645
2757,0.002619
2764,0.002425
2781,0.002189
2811,0.002101
2817,0.002010
2824,0.001968
2825,0.001951
2842,0.001903
2844,0.001784
2850,0.001567
2855,0.001510
2856,0.001476
2887,0.001386
2888,0.001313
2915,0.001282
2921,0.001139
2945,0.001135
2952,0.001040
2954,0.000945
2981,0.000931
2985,0.000918
2986,0.000881
3001,0.000879
3013,0.000758
3048,0.000709
3066,0.000613
3077,0.000583
3078,0.000547
3096,0.000530
3107,0.000435
3134,0.000409
3137,0.000407
3149,0.000394
3157,0.000380
3179,0.000323
3186,0.000282
3197,0.000276
3207,0.000271
3209,0.000258
3218,0.000253
3219,0.000241
3227,0.000238
3230,0.000235
3238,0.000222
3246,0.000204
3264,0.000198
3271,0.000192
3273,0.000179
3281,0.000173
3301,0.000171
3312,0.000171
3314,0.000141
3320,0.000135
3333,0.000132
3347,0.000121
3364,0.000118
3377,0.000113
3388,0.000105
3393,0.000105
3396,0.000101
3401,0.000092
3406,0.000091
3414,0.000084
3419,0.000081
3424,0.000077
3425,0.000074
3455,0.000065
3457,0.000059
3458,0.000059
3474,0.000057
3496,0.000055
3500,0.000053
3525,0.000053
3531,0.000051
3536,0.000046
3561,0.000045
3564,0.000043
3566,0.000042
3572,0.000040
3581,0.000039
3591,0.000037
3600,0.000035
3603,0.000032
3619,0.000031
3630,0.000030
3636,0.000026
3647,0.000025
3656,0.000025
3680,0.000023
3693,0.000023
3696,0.000022
3715,0.000020
3728,0.000020
3731,0.000019
3741,0.000019
3747,0.000018
3750,0.000018
3753,0.000017
3763,0.000016
3776,0.000015
3780,0.000014
3783,0.000014
3797,0.000013
3812,0.000013
3821,0.000011
3829,0.000011
3837,0.000010
3856,0.000009
3863,0.000009
3882,0.000008
3888,0.000008
3889,0.000008
3895,0.000008
3908,0.000008
3913,0.000008
3915,0.000008
3917,0.000007
3919,0.000007
3924,0.000007
3933,0.000007
3943,0.000007
3945,0.000006
3948,0.000006
3958,0.000006
3961,0.000006
3962,0.000006
3964,0.000005
3973,0.000005
3980,0.000005
3985,0.000005
3994,0.000004
4003,0.000004
4005,0.000004
4032,0.000004
4038,0.000004
4039,0.000004
4044,0.000004
4049,0.000004
4057,0.000003
4067,0.000003
4078,0.000003
4086,0.000003
4095,0.000003
4101,0.000003
4108,0.000003
4112,0.000002
4119,0.000002
4120,0.000002
4127,0.000002
4128,0.000002
4131,0.000002
4149,0.000002
4156,0.000002
4182,0.000002
4183,0.000002
4184,0.000002
4188,0.000002
4213,0.000002
4223,0.000002
4236,0.000002
4242,0.000001
4243,0.000001
4245,0.000001
4253,0.000001
4259,0.000001
4265,0.000001
4275,0.000001
4278,0.000001
4290,0.000001
4297,0.000001
4313,0.000001
4321,0.000001
4327,0.000001
4330,0.000001
4335,0.000001
4346,0.000001
4349,0.000001
4360,0.000001
4361,0.000001
4363,0.000001
4375,0.000001
4376,0.000001
4381,0.000001
4387,0.000001
4389,0.000001
4390,0.000001
4391,0.000001
4403,0.000000
4428,0.000000
4430,0.000000
4438,0.000000
4446,0.000000
4447,0.000000
4458,0.000000
4463,0.000000
4482,0.000000
4485,0.000000
4486,0.000000
4488,0.000000
4493,0.000000
4505,0.000000
4520,0.000000
4523,0.000000
4530,0.000000
4532,0.000000
4537,0.000000
4538,0.000000
4540,0.000000
4549,0.000000
4553,0.000000
4554,0.000000
4556,0.000000
4571,0.000000
4574,0.000000
4589,0.000000
4593,0.000000
4598,0.000000
4608,0.000000
4630,0.000000
4660,0.000000
4661,0.000000
4672,0.000000
4674,0.000000
4681,0.000000
4684,0.000000
4695,0.000000
4706,0.000000
4711,0.000000
4722,0.000000
4743,0.000000
4745,0.000000
4757,0.000000
4759,0.000000
4763,0.000000
4770,0.000000
4777,0.000000
4781,0.000000
4785,0.000000
4796,0.000000
4806,0.000000
4817,0.000000
4843,0.000000
4845,0.000000
4846,0.000000
4849,0.000000
4855,0.000000
4856,0.000000
4873,0.000000
4874,0.000000
4888,0.000000
4890,0.000000
4892,0.000000
4904,0.000000
4912,0.000000
4916,0.000000
4931,0.000000
4932,0.000000
4934,0.000000
4935,0.000000
4936,0.000000
4937,0.000000
4962,0.000000
4970,0.000000
4972,0.000000
4980,0.000000
4987,0.000000
4989,0.000000
4992,0.000000
4996,0.000000
4999,0.000000
5003,0.000000
5023,0.000000
5026,0.000000
5030,0.000000
5034,0.000000
5039,0.000000
5046,0.000000
5053,0.000000
5059,0.000000
5068,0.000000
5074,0.000000
5086,0.000000
5088,0.000000
5096,0.000000
5100,0.000000
5106,0.000000
5108,0.000000
5109,0.000000
5115,0.000000
5118,0.000000
5126,0.000000
5131,0.000000
5137,0.000000
5138,0.000000
5141,0.000000
5148,0.000000
5151,0.000000
5157,0.000000
5159,0.000000
5166,0.000000
5178,0.000000
5191,0.000000
5200,0.000000
5214,0.000000
5216,0.000000
5224,0.000000
5228,0.000000
5232,0.000000
5246,0.000000
5262,0.000000
5264,0.000000
5265,0.000000
5268,0.000000
5293,0.000000
5297,0.000000
5302,0.000000
5313,0.000000
5315,0.000000
5316,0.000000
5317,0.000000
5324,0.000000
5338,0.000000
5348,0.000000
5354,0.000000
5356,0.000000
5377,0.000000
5381,0.000000
5393,0.000000
5399,0.000000
5402,0.000000
5406,0.000000
5412,0.000000
5413,0.000000
5415,0.000000
5417,0.000000
5424,0.000000
5442,0.000000
5444,0.000000
5448,0.000000
5454,0.000000
5468,0.000000
5470,0.000000
5478,0.000000
5491,0.000000
5492,0.000000
5495,0.000000
5501,0.000000
5507,0.000000
5518,0.000000
5520,0.000000
5523,0.000000
5525,0.000000
5531,0.000000
5543,0.000000
5556,0.000000
5573,0.000000
5580,0.000000
5588,0.000000
5594,0.000000
5606,0.000000
5620,0.000000
5624,0.000000
5626,0.000000
5630,0.000000
5634,0.000000
5650,0.000000
5651,0.000000
5653,0.000000
5669,0.000000
5679,0.000000
5682,0.000000
5698,0.000000
5702,0.000000
5704,0.000000
5706,0.000000
5713,0.000000
5717,0.000000
5725,0.000000
5731,0.000000
5736,0.000000
5749,0.000000
5758,0.000000
5764,0.000000
5769,0.000000
5771,0.000000
5777,0.000000
5778,0.000000
5782,0.000000
5789,0.000000
5794,0.000000
5807,0.000000
5815,0.000000
5816,0.000000
5818,0.000000
5819,0.000000
5832,0.000000
5837,0.000000
5847,0.000000
5848,0.000000
5849,0.000000
5850,0.000000
5851,0.000000
5853,0.000000
5854,0.000000
5864,0.000000
5877,0.000000
5879,0.000000
5890,0.000000
5893,0.000000
5907,0.000000
5908,0.000000
5910,0.000000
5922,0.000000
5923,0.000000
5924,0.000000
5928,0.000000
5938,0.000000
5940,0.000000
5942,0.000000
5948,0.000000
5954,0.000000
5958,0.000000
5959,0.000000
5960,0.000000
5972,0.000000
5983,0.000000
5984,0.000000
5985,0.000000
5993,0.000000
5994,0.000000
6010,0.000000
6018,0.000000
6019,0.000000
6032,0.000000
6033,0.000000
6040,0.000000
6049,0.000000
6060,0.000000
6066,0.000000
6067,0.000000
6070,0.000000
6071,0.000000
6084,0.000000
6086,0.000000
6091,0.000000
6094,0.000000
6102,0.000000
6109,0.000000
6110,0.000000
6113,0.000000
6125,0.000000
6130,0.000000
6131,0.000000
6132,0.000000
6135,0.000000
6141,0.000000
6143,0.000000
6146,0.000000
6154,0.000000
6159,0.000000
6165,0.000000
6172,0.000000
6182,0.000000
6186,0.000000
6191,0.000000
6205,0.000000
6207,0.000000
6209,0.000000
6210,0.000000
6211,0.000000
6216,0.000000
6217,0.000000
6223,0.000000
6225,0.000000
6244,0.000000
6251,0.000000
6257,0.000000
6258,0.000000
6271,0.000000
6275,0.000000
6276,0.000000
6282,0.000000
6287,0.000000
6291,0.000000
6305,0.000000
6309,0.000000
6310,0.000000
6319,0.000000
6322,0.000000
6323,0.000000
6325,0.000000
6343,0.000000
6345,0.000000
6346,0.000000
6362,0.000000
6365,0.000000
6367,0.000000
6369,0.000000
6374,0.000000
6377,0.000000
6387,0.000000
6388,0.000000
6399,0.000000
6401,0.000000
6417,0.000000
6433,0.000000
6436,0.000000
6439,0.000000
6443,0.000000
6448,0.000000
6470,0.000000
6476,0.000000
6478,0.000000
6491,0.000000
6492,0.000000
6495,0.000000
6499,0.000000
6501,0.000000
6504,0.000000
6508,0.000000
6514,0.000000
6525,0.000000
6534,0.000000
6541,0.000000
6544,0.000000
6556,0.000000
6566,0.000000
6567,0.000000
6568,0.000000
6572,0.000000
6573,0.000000
6574,0.000000
6585,0.000000
6590,0.000000
6600,0.000000
6606,0.000000
6607,0.000000
6609,0.000000
6613,0.000000
6614,0.000000
6626,0.000000
6628,0.000000
6629,0.000000
6656,0.000000
6673,0.000000
6680,0.000000
6681,0.000000
6689,0.000000
6692,0.000000
6695,0.000000
6697,0.000000
6715,0.000000
6718,0.000000
6724,0.000000
6742,0.000000
6778,0.000000
6784,0.000000
6874,0.000000
6950,0.000000
