Evaluations,Fitness
1,5.84828e+09
2,1.7167e+09
3,8.86501e+08
19,8.53653e+08
21,6.45528e+08
22,3.80365e+08
101,3.33679e+08
102,3.25843e+08
106,3.10014e+08
161,2.47146e+08
253,2.4691e+08
303,2.01318e+08
315,1.75759e+08
318,1.49856e+08
351,1.38298e+08
372,1.37082e+08
389,1.35429e+08
474,1.26264e+08
475,1.1101e+08
481,8.53887e+07
582,8.26706e+07
585,6.54632e+07
678,5.89893e+07
841,5.37044e+07
905,5.14525e+07
911,4.92087e+07
930,3.72341e+07
960,3.35405e+07
1334,3.25836e+07
1455,2.68678e+07
1557,2.15053e+07
1786,2.1326e+07
1829,2.12066e+07
1884,2.07693e+07
1972,2.07375e+07
2156,1.89279e+07
2281,1.69463e+07
2305,1.60251e+07
2524,1.59891e+07
2671,1.55904e+07
2806,1.36717e+07
2855,1.2272e+07
3036,1.15994e+07
3041,9.84419e+06
3113,9.28723e+06
3129,7.62984e+06
3248,6.15713e+06
3281,6.14366e+06
3391,5.81141e+06
3529,4.60713e+06
3735,3.63101e+06
3796,3.25448e+06
3865,3.03412e+06
4004,2.52651e+06
4329,2.43918e+06
4559,2.28674e+06
4702,1.78331e+06
4709,1.75594e+06
4733,1.63925e+06
4744,1.20895e+06
4752,1.07805e+06
4807,971210
4929,928406
4934,857262
4936,761897
4953,734606
5005,709968
5063,662578
5201,660050
5231,609377
5334,609008
5384,600197
5533,573216
5538,553441
5547,510172
5588,502721
5626,428681
5746,408165
5758,384843
5805,361117
5825,352608
5917,322096
6037,319658
6085,295333
6438,276748
6560,256496
6570,244700
6639,240350
6683,228930
6714,219565
6752,210591
6842,189112
6843,181511
7010,168523
7036,164496
7110,161810
7169,151302
7196,141146
7301,128508
7378,112555
7442,109166
7484,106963
7501,86894.8
7546,83519.8
7588,83502.8
7611,79758.1
7643,78096.2
7649,68705.4
7671,62304.2
7687,55267.3
7752,54266.6
7806,51255.7
7818,46731.8
7866,46561.2
7868,46122.7
7877,46016.5
7878,44811.3
7898,43600.2
7909,39091.6
7946,33443.5
8083,29143.3
8105,27400
8133,26159.9
8136,24780
8180,23903.5
8222,22251.9
8240,21651.1
8243,20734.9
8261,20215.7
8273,15587.3
8348,13698.6
8378,12625.9
8492,12489.5
8494,11884.7
8630,10283
8668,9585.81
8704,9542.88
8733,9194.76
8778,8763.42
8846,7872.55
8900,7517.68
8945,7097.67
8958,6149.78
9003,6052.44
9031,6038.64
9053,5705.66
9077,5623.62
9089,5279.7
9098,4988.23
9119,4660.33
9125,4571.77
9134,4425.42
9178,4177.72
9180,3969.4
9191,3910.5
9236,3845.42
9239,3733.61
9312,3660.65
9360,3476.67
9426,3409.67
9432,3373.29
9457,3361.89
9498,3021.55
9531,2787.6
9595,2655.26
9619,2471.29
9667,2129.12
9690,2072.85
9696,1848.04
9749,1752.89
9755,1708.19
9757,1564.99
9781,1550.92
9801,1504.34
9820,1417.22
9851,1404.89
9869,1341.88
9897,1301.52
9942,1298.65
9967,1284.85
10021,1276.57
10026,1247.7
10027,1205.6
10033,1199.82
10066,1199.39
10080,1129.99
10089,1101.94
10107,1101.4
10110,986.571
10120,934.594
10158,865.637
10203,852.951
10218,841.23
10307,803.391
10311,764.737
10440,758.014
10504,720.116
10533,710.118
10597,665.376
10630,657.592
10631,650.386
10659,565.632
10694,551.593
10698,522.225
10711,521.363
10747,514.586
10789,490.806
10814,489.62
10905,456.194
11076,456.185
11107,442.555
11108,437.971
11139,421.406
11157,389.941
11190,388.043
11221,387.995
11222,380.524
11239,361.627
11340,350.942
11375,339.418
11393,330.835
11435,323.157
11465,319.386
11540,307.901
11549,296.977
11554,291.565
11617,285.679
11680,282.713
11685,271.885
11745,269.634
11746,268.032
11771,261.948
11796,258.888
11811,248.337
11844,247.301
11868,243.856
11889,237.537
11899,229.273
11945,225.112
11968,220.832
11975,207.764
12013,203.15
12048,193.862
12054,184.697
12141,180.538
12287,173.938
12306,173.771
12311,167.315
12320,166.455
12323,164.413
12345,155.48
12381,154.562
12391,154.078
12392,152.933
12402,151.458
12455,145.438
12469,143.264
12492,143.056
12494,143.036
12507,140.781
12518,140.414
12532,136.606
12553,130.916
12572,127.158
12601,125.695
12603,124.961
12606,123.747
12620,120.478
12674,119.303
12682,117.577
12692,114.854
12701,114.248
12722,111.151
12766,107.45
12772,106.171
12778,104.35
12808,102.752
12838,102.529
12842,102.204
12854,100.672
12881,98.9464
12883,98.8922
12900,98.5594
12902,98.2035
12905,97.5482
12907,96.4177
12923,94.8197
12934,93.2361
12948,92.3629
12950,91.0314
12984,89.009
13002,87.8249
13014,86.4953
13035,86.4601
13043,84.9697
13045,81.8384
13070,81.6518
13108,81.5941
13111,78.9982
13133,78.6476
13134,77.8854
13147,77.6066
13153,77.4257
13160,75.1101
13172,74.9832
13175,73.9391
13180,73.7287
13196,73.2832
13200,72.9162
13209,72.1659
13210,72.0923
13212,71.7173
13214,71.0132
13222,70.6309
13229,70.4439
13230,70.1589
13232,69.6563
13248,68.0693
13322,67.9359
13347,66.1224
13363,65.1293
13373,63.8427
13393,63.5908
13399,63.4123
13400,62.1053
13406,61.1967
13410,60.7121
13418,60.3265
13425,59.8503
13448,59.1552
13453,58.6489
13454,58.2955
13459,56.3505
13499,56.2189
13517,55.7571
13533,54.9956
13561,54.7661
13567,54.1695
13581,53.8589
13583,52.8203
13615,52.7287
13616,52.0468
13621,51.7452
13629,51.7341
13630,50.8497
13643,50.3681
13645,50.3024
13654,49.9164
13670,49.7856
13673,49.199
13700,48.9844
13730,48.852
13734,48.7944
13738,48.7144
13754,48.6862
13760,48.2751
13768,48.2434
13772,47.4211
13834,46.988
13841,46.324
13845,46.2983
13850,45.6928
13861,45.5955
13864,45.5738
13865,45.2439
13867,45.1093
13875,44.9538
13883,44.2951
13887,44.1945
13894,44.0905
13899,43.516
13919,43.0146
13938,42.4072
13945,42.0516
13950,41.826
13974,41.2161
13975,41.1276
13986,41.0693
14003,40.7712
14011,40.5769
14027,40.4653
14030,40.4129
14033,40.2772
14034,40.1743
14046,39.6189
14061,39.1277
14072,38.9779
14084,38.717
14089,38.4666
14095,38.3275
14109,38.2275
14111,38.0457
14118,38.0428
14122,37.7755
14130,37.7555
14132,37.5166
14158,37.3742
14179,37.3029
14211,37.2147
14212,36.8766
14227,36.7053
14249,36.4332
14252,36.3789
14269,36.3164
14271,36.2306
14273,36.1105
14274,35.9991
14278,35.7821
14289,35.7681
14295,35.3817
14308,35.341
14317,35.1237
14331,35.0122
14352,34.7381
14358,34.5813
14366,34.331
14376,34.1701
14388,33.9745
14398,33.8606
14417,33.7364
14423,33.4721
14436,33.4542
14438,33.4194
14439,33.1991
14441,33.0879
14451,33.0731
14453,33.0519
14463,32.8428
14464,32.8251
14466,32.8116
14468,32.7089
14476,32.524
14483,32.4728
14484,32.3978
14487,32.3745
14488,32.1418
14501,32.0467
14506,32.0185
14508,31.9752
14516,31.9342
14530,31.8172
14533,31.805
14535,31.7898
14538,31.6417
14548,31.5618
14565,31.5322
14574,31.3693
14581,31.3354
14583,31.2087
14590,31.1976
14595,31.1654
14597,31.0677
14599,31.0308
14608,30.9756
14609,30.9144
14610,30.8523
14614,30.8067
14616,30.6887
14620,30.6438
14623,30.6335
14636,30.5847
14637,30.5052
14643,30.4176
14666,30.3749
14668,30.3679
14669,30.3394
14675,30.249
14679,30.1941
14680,30.1413
14683,30.0933
14693,30.0915
14694,29.9785
14702,29.9569
14703,29.9238
14704,29.9145
14708,29.8834
14709,29.8354
14714,29.7878
14717,29.7337
14721,29.7301
14723,29.7294
14725,29.6241
14732,29.6126
14734,29.5385
14749,29.5097
14753,29.4885
14754,29.4781
14757,29.4401
14758,29.4116
14762,29.3544
14770,29.2863
14775,29.2009
14776,29.1653
14793,29.156
14800,29.1085
14802,29.1065
14803,29.0983
14806,29.0411
14813,29.0116
14815,29.0079
14823,28.9968
14825,28.9659
14826,28.9207
14833,28.9157
14835,28.9003
14837,28.8803
14839,28.8066
14849,28.7744
14851,28.7714
14853,28.752
14857,28.7232
14860,28.7011
14869,28.6573
14875,28.6244
14879,28.618
14883,28.6
14886,28.5936
14889,28.5647
14891,28.5476
14893,28.5437
14895,28.5362
14897,28.5275
14900,28.5235
14903,28.4998
14909,28.4964
14911,28.4939
14912,28.4718
14919,28.4675
14921,28.4498
14926,28.4451
14927,28.4366
14928,28.4291
14929,28.4196
14940,28.4162
14943,28.4075
14944,28.4024
14949,28.3984
14952,28.3921
14953,28.3852
14956,28.3753
14962,28.375
14967,28.372
14968,28.3669
