Evaluations,Fitness
1,325920.792437
2,289407.688660
3,235175.579355
14,228508.105800
56,188870.490729
70,184693.330636
72,173877.511739
73,163327.949346
86,152356.320043
93,151759.008966
103,132314.373626
113,123988.705868
118,115294.223550
127,112112.765230
130,101211.464333
134,93920.096517
157,88775.541826
221,86639.391955
223,85373.288420
227,77139.815399
248,74379.157383
253,70993.717291
285,70154.953760
289,67697.062135
291,64292.249452
294,63857.848637
297,62830.344818
317,61233.241097
318,54142.425971
352,52548.528454
360,52103.501225
386,50220.427715
412,49652.568335
479,44807.750868
566,35209.031662
642,35180.829217
708,34203.631856
709,31702.981933
907,30227.305333
974,29968.981758
998,29416.169798
1139,29249.514742
1172,25999.661388
1335,24876.337238
1567,22979.399036
2538,22487.031652
2745,22168.452562
2835,21778.840190
3201,20140.930313
3403,19572.696827
4751,18544.256582
4998,18188.264841
5642,18067.559563
5787,17969.401249
5866,17921.171485
5899,17322.079902
5918,17060.701263
6448,16609.035390
6468,16605.165755
6759,16460.186195
6869,15955.410056
7056,15457.948780
7781,14896.213206
8353,14099.350038
8661,13962.949274
8802,13818.253625
9472,13223.794233
9537,13183.120497
11094,13172.481292
11116,13153.143475
11160,13124.153241
11199,13114.679819
11275,13080.873440
11331,12905.331560
11478,12847.093177
11689,12816.659951
11774,12715.430068
12123,12714.366835
12142,12696.904266
12145,12695.422550
12189,12669.061669
12270,12636.637366
12357,12620.674063
12365,12606.876765
12492,12510.484631
12637,12508.163707
12697,12480.819624
12702,12449.638712
12711,12445.978034
12724,12443.503592
12780,12373.944156
12904,12294.289606
13072,12292.755104
13097,12290.140100
13102,12249.504325
13123,12231.130957
13207,12228.172976
13249,12187.746082
13312,12185.544916
13386,12178.326104
13446,12175.258892
13459,12163.340341
13466,12158.533952
13473,12107.760870
13474,12094.225751
13561,12091.854073
13618,12085.743570
13635,12028.609906
13775,12000.775195
13810,11998.345501
13818,11983.071315
13820,11978.652100
13844,11978.614677
13853,11956.289376
13880,11955.920368
13891,11953.873145
13894,11941.956999
13917,11934.436681
13925,11925.690779
13934,11891.594086
13953,11881.574546
13977,11860.396693
14009,11857.151779
14011,11854.874320
14021,11845.180622
14030,11835.716664
14040,11831.993433
14069,11823.432815
14082,11818.070401
14083,11814.181152
14096,11791.383170
14097,11784.356191
14100,11783.458034
14107,11777.332378
14119,11771.457222
14133,11763.111470
14148,11758.491903
14171,11756.899828
14175,11750.322040
14181,11748.126599
14193,11742.302311
14197,11740.827797
14205,11720.244868
14224,11713.170314
14248,11712.163490
14253,11705.334007
14261,11690.078782
14263,11673.154204
14280,11667.742121
14285,11665.520976
14286,11660.142582
14305,11659.399074
14306,11656.087923
14311,11653.042458
14319,11652.902058
14320,11646.493622
14321,11638.255314
14324,11636.344589
14328,11599.337277
14342,11588.221062
14346,11571.597473
14362,11568.825721
14365,11551.758117
14380,11546.440791
14383,11540.794362
14408,11533.444435
14415,11531.653993
14422,11525.799014
14434,11519.614812
14438,11518.690552
14446,11513.865842
14469,11509.968719
14471,11503.759142
14478,11498.329217
14479,11490.676751
14482,11486.952757
14488,11483.764327
14493,11481.316328
14497,11480.841022
14498,11471.069054
14502,11461.039958
14503,11454.292157
14510,11448.015415
14511,11433.599255
14513,11429.463980
14521,11429.345246
14523,11428.237650
14526,11424.408469
14542,11420.799716
14544,11417.696033
14545,11416.440933
14546,11406.732742
14551,11388.394217
14560,11387.208849
14561,11383.760137
14562,11382.489834
14565,11380.664335
14571,11371.735096
14581,11368.370238
14587,11364.576255
14593,11364.301843
14597,11357.499698
14598,11346.821448
14602,11345.686933
14608,11340.435805
14612,11338.723249
14620,11338.286160
14622,11317.998580
14631,11316.526799
14639,11314.276180
14643,11311.992740
14649,11303.020426
14652,11301.052029
14657,11297.958076
14661,11293.622231
14665,11288.159960
14673,11286.373879
14677,11285.220618
14678,11262.983193
14691,11262.678988
14706,11259.202823
14709,11258.504346
14711,11257.794470
14721,11253.118617
14722,11252.884096
14728,11252.100458
14734,11251.108834
14739,11250.735451
14757,11248.567966
14769,11248.254810
14770,11238.571743
14774,11237.792945
14775,11235.345025
14784,11229.953408
14786,11223.165514
14788,11221.829360
14791,11220.882637
14795,11217.617516
14799,11211.127467
14803,11208.825474
14804,11206.822104
14808,11203.561233
14811,11199.472031
14812,11197.974494
14813,11196.720790
14814,11194.541291
14820,11186.928061
14823,11186.634272
14827,11181.346463
14828,11179.643610
14835,11177.912460
14836,11177.282204
14838,11173.429648
14839,11173.300875
14840,11172.065897
14843,11169.116929
14845,11166.016281
14849,11162.162722
14854,11161.765683
14859,11161.340980
14861,11157.375642
14870,11154.946894
14871,11154.735285
14873,11152.546033
14876,11151.462815
14879,11151.124662
14881,11148.676065
14883,11146.249056
14895,11144.563344
14897,11143.059742
14899,11142.522119
14901,11142.486547
14904,11142.385146
14905,11138.406394
14913,11138.090454
14915,11136.724658
14919,11136.212740
14921,11136.133663
14923,11135.652800
14926,11134.722559
14928,11134.258166
14930,11133.450048
14933,11131.582654
14939,11130.786937
14942,11130.442051
14943,11129.904730
14944,11129.842056
14948,11129.602111
14952,11128.653630
14955,11128.608428
14958,11128.493463
14963,11128.142137
14968,11127.930365
