Evaluations,Fitness
1,1434.776786
2,1150.746761
26,1073.658206
134,1066.498822
141,1033.952557
143,1024.531529
155,1012.731034
160,992.114024
166,961.074154
212,879.829375
216,854.209727
235,846.016994
244,837.235134
246,815.427871
273,782.558033
328,733.458598
394,723.738090
426,692.133531
454,689.974808
461,678.558725
522,675.759266
563,657.200087
666,644.816733
910,642.739796
943,617.273978
991,566.444262
1113,552.795431
1428,550.425808
1761,525.507342
1872,516.961235
2444,512.019639
2807,499.273771
3681,489.139366
4114,487.838816
4121,482.212394
4331,456.191206
7733,456.178593
7780,438.356151
7985,435.208234
8015,421.896036
8835,409.086090
9489,407.403566
10295,404.966977
10389,404.111160
10615,379.653362
11172,375.345038
11477,373.740678
11618,367.930914
11630,361.612366
11784,359.538651
11806,339.920283
12399,337.860251
12488,333.318643
12604,331.248846
12711,327.996904
12764,326.604620
12899,326.358818
12998,318.315853
13101,317.771328
13109,308.753413
13130,308.341604
13300,308.333442
13331,308.072196
13392,307.447800
13405,306.207597
13488,302.380230
13507,301.011115
13697,297.189713
13717,294.193391
13929,293.165101
13935,291.458247
14019,290.819186
14126,290.247353
14142,287.373862
14214,286.191587
14323,286.099192
14361,284.702558
14392,283.774056
14430,283.246836
14477,281.794191
14483,281.036400
14522,280.685469
14544,280.127421
14559,279.976715
14568,279.590381
14576,279.020719
14602,278.615488
14656,277.907019
14699,277.823308
14711,277.665612
14712,277.617892
14713,277.579288
14714,277.092856
14754,277.073590
14755,277.045619
14758,276.798045
14760,276.660867
14774,276.546107
14779,276.227007
14780,276.200565
14819,276.064975
14830,276.034641
14840,276.031916
14841,275.896492
14846,275.811701
14857,275.667917
14872,275.584214
14874,275.551541
14876,275.545188
14883,275.470607
14892,275.451692
14900,275.381508
14920,275.353340
14921,275.305093
14929,275.285609
14931,275.232378
14935,275.196986
14938,275.194606
14942,275.184310
14945,275.171687
14946,275.156755
14949,275.155955
14954,275.128962
14957,275.128867
14961,275.112961
14962,275.096211
14967,275.086551
14968,275.079488
14969,275.052319
14970,275.051474
14972,275.048351
14973,275.046298
