Evaluations,Fitness
1,21.426222
2,21.331605
6,21.327850
16,21.310537
40,21.277833
66,21.258737
71,21.171893
75,21.153503
82,21.111804
94,21.032507
111,20.771931
155,20.710127
169,20.661382
171,20.534330
178,20.229531
242,20.139803
244,19.962471
271,19.837040
278,19.769420
287,19.647104
304,19.459951
308,19.382887
317,19.362221
321,19.348454
334,18.914055
347,18.832217
353,18.708549
377,18.603693
413,18.090352
448,17.965241
547,17.159174
577,17.052897
628,16.825361
688,16.593137
709,16.590289
722,16.502275
834,16.471978
986,16.456840
1024,16.421288
1051,16.314528
1059,15.955936
2200,15.691891
2642,15.509560
2992,15.435210
3375,15.397889
3693,15.367585
3834,15.219036
4151,15.203109
4185,15.059958
4238,14.995529
4245,14.909436
4498,14.887779
4639,14.759138
5065,14.754290
5078,14.716404
5138,14.674620
5235,14.470463
5265,14.453014
5387,14.279644
5797,14.217617
6565,14.172198
6664,14.149031
6847,13.981355
6877,13.822880
7122,13.805034
7372,13.798743
7472,13.630415
8483,13.574000
8514,13.558673
8600,13.556333
8678,13.448951
9033,13.434127
9055,13.408469
9136,13.377226
9607,13.373846
9616,13.366199
9618,13.321365
9660,13.296162
9735,13.180844
9931,13.033930
12232,13.032966
12685,12.950828
13468,12.940471
13584,12.926102
13669,12.907711
13678,12.835234
13754,12.789099
14266,12.777882
14411,12.768975
14590,12.766105
14610,12.752306
14618,12.750018
14623,12.710658
14627,12.675219
14676,12.631404
14688,12.582177
14692,12.554831
14762,12.540243
14773,12.525893
14780,12.506428
14797,12.492515
14803,12.482446
14805,12.444389
14836,12.440093
14837,12.432445
14843,12.431932
14851,12.419936
14862,12.409406
14882,12.401905
14900,12.393441
14932,12.386187
14942,12.383374
14947,12.382876
14948,12.380605
14957,12.380540
14961,12.376021
14973,12.375929
14974,12.375890
14975,12.375863
