Evaluations,Fitness
1,21.3371
2,21.1406
5,21.111
24,21.0249
30,20.9871
51,20.924
57,20.9182
66,20.8585
88,20.8173
160,20.6976
172,20.4561
177,20.3396
187,20.233
208,20.1553
222,20.129
225,20.0376
232,19.6942
255,19.6361
273,19.1501
302,19.1107
312,19.076
323,18.8742
325,18.722
353,17.856
383,17.0919
405,17.0532
413,16.6132
443,16.2598
461,15.8566
489,15.5234
494,15.3498
508,14.2273
538,13.3818
555,13.2289
583,12.972
613,12.8166
615,12.6228
625,12.5524
657,11.0179
687,10.8751
728,10.6112
734,10.5972
749,9.5427
762,9.2927
794,8.94799
818,8.92111
819,8.41527
849,7.97224
865,7.87408
874,7.3941
895,7.145
913,7.02299
930,6.89585
943,6.01902
973,5.40478
1007,5.19821
1047,5.05273
1051,5.01286
1064,4.66278
1070,4.29743
1078,4.14948
1094,4.05934
1104,3.97156
1108,3.77908
1140,3.70866
1152,2.96126
1200,2.94288
1209,2.69318
1239,2.67067
1242,2.5564
1269,2.37666
1273,2.36441
1281,2.2982
1287,2.10727
1327,1.97504
1341,1.72907
1361,1.65468
1362,1.59864
1383,1.59642
1389,1.57954
1404,1.54678
1415,1.45417
1429,1.41446
1436,1.26702
1438,1.23161
1442,1.17135
1458,1.11328
1459,1.05304
1489,0.931934
1518,0.93185
1519,0.834356
1527,0.656279
1563,0.647274
1569,0.639128
1584,0.567622
1599,0.461601
1630,0.448569
1646,0.444054
1662,0.377859
1672,0.375522
1674,0.368032
1680,0.343282
1702,0.33815
1704,0.29623
1724,0.294852
1728,0.276917
1735,0.265943
1748,0.25647
1760,0.253586
1761,0.238311
1766,0.223356
1769,0.207006
1798,0.191692
1828,0.149041
1854,0.112484
1899,0.111651
1903,0.102128
1945,0.0964865
1950,0.0953972
1951,0.0916338
1982,0.0811833
1997,0.0797782
2003,0.0729547
2014,0.071593
2023,0.0642057
2030,0.063963
2038,0.0618585
2039,0.0605399
2041,0.053926
2051,0.052858
2060,0.0518543
2070,0.0492804
2079,0.0454799
2081,0.0442408
2094,0.0409586
2110,0.0397965
2112,0.0378391
2121,0.0358039
2125,0.0301147
2139,0.0297804
2159,0.0260432
2185,0.0258229
2189,0.0213507
2222,0.0211612
2242,0.0202641
2245,0.0200225
2255,0.0154006
2271,0.0153976
2285,0.0120305
2295,0.0111469
2301,0.0108691
2310,0.0103408
2330,0.0103097
2340,0.0101317
2347,0.00940997
2364,0.00878417
2376,0.00855846
2377,0.00770442
2389,0.00689956
2390,0.00668095
2397,0.00566976
2426,0.00547977
2445,0.00532453
2451,0.00517152
2485,0.00462631
2487,0.00445289
2495,0.00400083
2506,0.00392567
2529,0.00336096
2540,0.00331221
2544,0.0032742
2556,0.00307526
2568,0.00305835
2588,0.00292351
2594,0.00248882
2597,0.0024058
2598,0.00225595
2615,0.00217925
2623,0.00207059
2627,0.00179916
2636,0.00172774
2654,0.00167196
2659,0.00156166
2678,0.00149926
2714,0.00146706
2722,0.00146702
2731,0.00141339
2738,0.00128611
2757,0.00119373
2766,0.00103163
2791,0.000948863
2798,0.000839689
2800,0.000829124
2807,0.000790794
2814,0.000776707
2830,0.000717981
2837,0.000710846
2844,0.000683726
2846,0.000645367
2850,0.000627377
2861,0.000618469
2862,0.000590761
2869,0.000550575
2899,0.000543459
2907,0.000542003
2909,0.000498122
2910,0.000470367
2918,0.00046006
2923,0.000457752
2937,0.000453841
2947,0.000452445
2959,0.000447048
2962,0.000382551
2975,0.000361387
2994,0.000347218
2998,0.000346915
3005,0.000321527
3023,0.000305222
3033,0.000303839
3039,0.000288961
3040,0.000270651
3050,0.000260136
3059,0.000254042
3063,0.000231423
3064,0.000221451
3086,0.000212768
3101,0.000209445
3107,0.000200741
3110,0.000194981
3121,0.00017187
3129,0.000171302
3140,0.000167286
3149,0.000139165
3183,0.000127454
3185,0.000123484
3190,0.00011831
3192,0.000114594
3225,0.000110111
3236,0.000108875
3237,0.000102249
3238,0.000101485
3250,9.35369e-05
3254,8.82256e-05
3256,8.25881e-05
3276,8.11348e-05
3277,7.64868e-05
3286,7.49024e-05
3303,7.44502e-05
3305,7.09542e-05
3306,6.13465e-05
3337,5.85083e-05
3339,5.84623e-05
3340,5.77267e-05
3369,5.76955e-05
3370,5.07663e-05
3374,5.04824e-05
3394,4.5319e-05
3419,4.4394e-05
3424,4.30623e-05
3433,4.1089e-05
3449,4.08172e-05
3451,3.55678e-05
3461,3.45094e-05
3462,2.59379e-05
3485,2.55065e-05
3489,2.50259e-05
3491,2.4882e-05
3492,2.06964e-05
3508,1.97101e-05
3517,1.94164e-05
3524,1.78602e-05
3545,1.62196e-05
3552,1.57052e-05
3553,1.51152e-05
3570,1.12268e-05
3589,1.08655e-05
3598,1.05223e-05
3600,9.68705e-06
3609,9.04405e-06
3622,8.77829e-06
3652,8.02445e-06
3665,7.88522e-06
3680,7.21424e-06
3683,6.6451e-06
3700,6.54036e-06
3704,6.29762e-06
3710,6.00964e-06
3717,5.93686e-06
3721,5.73632e-06
3728,5.40254e-06
3760,5.09315e-06
3764,4.73605e-06
3774,4.68355e-06
3776,4.52915e-06
3783,4.48456e-06
3794,3.90486e-06
3803,3.8759e-06
3811,3.76767e-06
3813,3.75213e-06
3814,3.58779e-06
3827,3.36462e-06
3832,3.22114e-06
3850,2.97532e-06
3854,2.87337e-06
3856,2.71506e-06
3877,2.70029e-06
3880,2.37996e-06
3891,2.14647e-06
3910,1.99315e-06
3914,1.96109e-06
3916,1.79706e-06
3930,1.76051e-06
3934,1.70486e-06
3937,1.51325e-06
3954,1.49733e-06
3960,1.40255e-06
3963,1.35372e-06
3978,1.34935e-06
3979,1.33339e-06
3980,1.31155e-06
3984,1.24697e-06
3990,1.17287e-06
3997,1.16539e-06
4003,1.11449e-06
4009,1.1131e-06
4010,1.10739e-06
4012,1.10248e-06
4013,1.05446e-06
4032,1.02631e-06
4039,1.01023e-06
4043,9.34994e-07
4052,9.05267e-07
4056,9.01855e-07
4058,8.50421e-07
4063,7.99789e-07
4068,7.53418e-07
4086,6.97853e-07
4088,6.67042e-07
4090,6.62531e-07
4092,6.27941e-07
4094,6.1231e-07
4103,5.8793e-07
4120,5.60794e-07
4129,4.58578e-07
4153,4.29339e-07
4170,4.13553e-07
4183,4.05618e-07
4185,4.03854e-07
4188,3.75097e-07
4190,3.72864e-07
4205,3.71235e-07
4207,3.4472e-07
4209,3.44152e-07
4215,3.38531e-07
4216,2.72419e-07
4237,2.59791e-07
4260,2.49137e-07
4266,2.34639e-07
4269,2.2009e-07
4287,2.0831e-07
4296,1.97816e-07
4305,1.81646e-07
4317,1.73315e-07
4320,1.63629e-07
4323,1.39972e-07
4344,1.34106e-07
4353,1.33489e-07
4354,1.32693e-07
4356,1.30815e-07
4360,1.30688e-07
4365,1.19897e-07
4376,1.1481e-07
4384,1.14732e-07
4386,1.09028e-07
4391,1.0765e-07
4399,8.89052e-08
4417,8.53657e-08
4422,7.47458e-08
4427,7.2314e-08
4430,6.78052e-08
4446,6.61737e-08
4452,5.76483e-08
4475,5.41401e-08
4481,5.19229e-08
4487,4.95686e-08
4499,4.50283e-08
4505,4.47172e-08
4508,4.3054e-08
4522,4.18916e-08
4529,4.0705e-08
4531,3.77941e-08
4561,3.76149e-08
4566,3.68459e-08
4575,3.54324e-08
4588,3.4137e-08
4606,3.39027e-08
4607,3.30177e-08
4610,3.17535e-08
4611,3.07609e-08
4627,3.03702e-08
4639,2.8787e-08
4641,2.78228e-08
4647,2.76549e-08
4649,2.56852e-08
4650,2.55567e-08
4658,2.3437e-08
4669,2.16209e-08
4680,2.00919e-08
4689,1.99665e-08
4701,1.88474e-08
4702,1.74516e-08
4703,1.61666e-08
4710,1.5811e-08
4724,1.51449e-08
4730,1.42867e-08
4736,1.34588e-08
4747,1.3363e-08
4751,1.31497e-08
4763,1.1842e-08
4764,1.17335e-08
4770,1.14185e-08
4774,1.13347e-08
4777,1.03027e-08
4800,9.97924e-09
4802,9.15395e-09
4820,9.10774e-09
4829,8.18004e-09
4830,7.41164e-09
4846,7.3373e-09
4851,7.32821e-09
4856,6.69157e-09
4859,6.68329e-09
4861,6.42212e-09
4870,6.38841e-09
4878,5.96796e-09
4891,5.75242e-09
4893,5.3367e-09
4895,5.10648e-09
4917,4.94773e-09
4919,3.82529e-09
4948,3.78015e-09
4953,3.5718e-09
4962,3.54732e-09
4968,3.24479e-09
4973,3.14004e-09
4985,3.09699e-09
4992,2.91265e-09
4994,2.86263e-09
5001,2.85543e-09
5010,2.71354e-09
5014,2.67323e-09
5016,2.62789e-09
5018,2.42581e-09
5021,2.31432e-09
5022,2.3114e-09
5024,2.2342e-09
5029,2.0269e-09
5056,1.99679e-09
5064,1.79083e-09
5068,1.77554e-09
5069,1.76445e-09
5070,1.75757e-09
5078,1.71699e-09
5086,1.59379e-09
5091,1.56312e-09
5093,1.5221e-09
5120,1.51311e-09
5122,1.48447e-09
5129,1.42951e-09
5132,1.40146e-09
5139,1.3376e-09
5143,1.32405e-09
5147,1.24388e-09
5155,1.21933e-09
5157,1.21326e-09
5162,1.14422e-09
5171,9.85395e-10
5179,9.08934e-10
5190,8.56418e-10
5198,7.62406e-10
5202,7.47204e-10
5215,7.21329e-10
5220,7.07694e-10
5223,6.49746e-10
5241,6.28529e-10
5244,5.80635e-10
5250,5.47918e-10
5254,5.42461e-10
5258,5.36485e-10
5261,5.11186e-10
5282,4.89234e-10
5284,4.88406e-10
5294,4.37805e-10
5295,4.22741e-10
5297,4.15952e-10
5298,4.03809e-10
5302,3.62278e-10
5321,3.29003e-10
5326,2.96712e-10
5333,2.86044e-10
5341,2.64518e-10
5360,2.59867e-10
5365,2.30564e-10
5371,2.25942e-10
5390,2.25591e-10
5391,2.22326e-10
5392,2.001e-10
5394,1.95613e-10
5395,1.90429e-10
5397,1.88845e-10
5398,1.85363e-10
5401,1.79452e-10
5403,1.79036e-10
5404,1.77959e-10
5415,1.76585e-10
5422,1.71248e-10
5423,1.70943e-10
5426,1.70353e-10
5427,1.5654e-10
5434,1.43065e-10
5441,1.42088e-10
5444,1.38777e-10
5447,1.38407e-10
5449,1.29447e-10
5462,1.26303e-10
5474,1.25806e-10
5477,1.23095e-10
5479,1.15947e-10
5487,1.15023e-10
5491,1.14355e-10
5493,1.10064e-10
5498,1.09019e-10
5505,1.03654e-10
5512,1.00954e-10
5517,9.98495e-11
5529,9.05875e-11
5536,8.96034e-11
5538,8.54681e-11
5542,8.30593e-11
5548,8.18052e-11
5552,7.49876e-11
5553,7.14384e-11
5574,6.81983e-11
5580,6.70295e-11
5594,6.4333e-11
5600,6.35016e-11
5602,6.09934e-11
5606,6.02118e-11
5607,5.59628e-11
5619,5.59592e-11
5634,5.32627e-11
5638,5.1394e-11
5648,4.68572e-11
5649,4.67968e-11
5664,4.5095e-11
5670,4.49885e-11
5676,4.30203e-11
5677,4.25477e-11
5678,4.20752e-11
5682,4.01426e-11
5684,3.86824e-11
5686,3.82099e-11
5689,3.80642e-11
5692,3.73821e-11
5695,3.47353e-11
5714,3.42451e-11
5722,3.33711e-11
5725,3.15556e-11
5741,3.15059e-11
5742,3.13283e-11
5744,2.93316e-11
5760,2.92251e-11
5765,2.77756e-11
5766,2.62586e-11
5767,2.58322e-11
5774,2.52887e-11
5777,2.47984e-11
5778,2.45426e-11
5782,2.3793e-11
5789,2.31606e-11
5798,2.30291e-11
5802,2.29048e-11
5809,2.07021e-11
5817,1.97109e-11
5820,1.88902e-11
5825,1.87375e-11
5834,1.74372e-11
5836,1.68758e-11
5837,1.61759e-11
5848,1.527e-11
5863,1.37956e-11
5864,1.35079e-11
5866,1.31846e-11
5867,1.12981e-11
5872,1.11133e-11
5885,1.00973e-11
5898,1.00511e-11
5899,9.65672e-12
5903,9.51106e-12
5904,9.39027e-12
5905,9.12381e-12
5916,8.9746e-12
5923,8.85381e-12
5924,8.85025e-12
5925,8.45235e-12
5936,7.84128e-12
5944,7.57128e-12
5946,7.53575e-12
5951,7.25153e-12
5955,6.19638e-12
5967,5.43254e-12
5976,5.16254e-12
5978,4.77529e-12
5985,4.69358e-12
5988,4.49107e-12
5997,4.40936e-12
5999,4.36318e-12
6015,4.01146e-12
6032,3.92264e-12
6034,3.78408e-12
6036,3.66329e-12
6043,3.48921e-12
6058,3.45368e-12
6059,3.38618e-12
6062,3.05578e-12
6081,3.02736e-12
6089,3.01315e-12
6090,2.97762e-12
6093,2.89591e-12
6096,2.81064e-12
6106,2.51221e-12
6119,2.44471e-12
6120,2.25997e-12
6126,2.19602e-12
6133,2.05391e-12
6137,1.97575e-12
6140,1.92601e-12
6149,1.89759e-12
6150,1.81588e-12
6157,1.79812e-12
6162,1.78746e-12
6165,1.78035e-12
6167,1.7697e-12
6170,1.62403e-12
6171,1.53522e-12
6193,1.47837e-12
6194,1.47127e-12
6196,1.42508e-12
6199,1.38245e-12
6200,1.24745e-12
6204,1.21547e-12
6210,1.20481e-12
6211,1.20126e-12
6212,1.15508e-12
6221,1.14442e-12
6235,9.59677e-13
6259,9.38361e-13
6260,9.31255e-13
6264,9.09939e-13
6266,8.42437e-13
6277,8.28226e-13
6281,7.85594e-13
6290,7.82041e-13
6292,7.74936e-13
6301,7.53619e-13
6305,7.25198e-13
6311,7.03881e-13
6314,6.96776e-13
6319,6.3638e-13
6337,6.11511e-13
6343,5.90195e-13
6346,5.61773e-13
6349,5.26246e-13
6359,5.04929e-13
6367,4.58744e-13
6376,4.55191e-13
6383,4.44533e-13
6384,4.33875e-13
6390,4.16112e-13
6397,4.12559e-13
6400,3.62821e-13
6427,3.55715e-13
6428,3.27294e-13
6435,3.16636e-13
6439,3.0953e-13
6457,2.7045e-13
6476,2.63345e-13
6484,2.52687e-13
6485,2.34923e-13
6493,2.20712e-13
6508,2.1716e-13
6515,2.10054e-13
6517,2.06501e-13
6520,1.99396e-13
6540,1.92291e-13
6541,1.85185e-13
6542,1.81632e-13
6566,1.70974e-13
6572,1.56763e-13
6576,1.39e-13
6580,1.35447e-13
6589,1.31894e-13
6594,1.28342e-13
6595,1.24789e-13
6596,1.21236e-13
6605,1.14131e-13
6624,1.10578e-13
6628,1.07025e-13
6635,9.99201e-14
6659,9.63674e-14
6662,8.92619e-14
6668,8.57092e-14
6694,8.21565e-14
6750,7.86038e-14
6781,7.50511e-14
6838,7.14984e-14
6878,6.79456e-14
7029,6.43929e-14
7034,6.08402e-14
7613,5.72875e-14
7874,5.37348e-14
8796,5.01821e-14
