Evaluations,Fitness
1,1509.59
2,1368.03
8,1227.62
51,1173.25
65,1169.96
75,1061.3
115,1023.2
128,1010.9
139,997.782
144,913.047
179,906.656
182,876.398
188,861.32
195,845.829
242,820.1
261,776.682
295,772.415
349,762.437
393,757.123
452,739.213
592,704.753
632,692.809
676,678.964
1052,667.903
1250,665.705
1266,642.909
1317,609.215
1793,599.026
2190,597.986
2956,594.045
3250,592.045
3622,573.715
3842,572.403
4013,565.635
4077,558.388
4323,557.983
4541,509.982
5486,507.122
5627,503.117
5849,485.854
5972,475.472
6037,474.46
6986,470.744
7463,461.999
7718,460.492
7967,449.052
9548,442.676
9707,432.249
11017,428.048
11027,425.34
11261,413.89
11533,408.661
11851,399.126
11988,393.249
12013,391.7
12261,389.435
12333,367.882
12629,366.189
12700,361.983
12827,359.309
13049,359.112
13220,357.476
13256,356.064
13412,355.557
13429,351.563
13430,348.122
13499,347.384
13554,343.507
13728,338.704
13982,337.262
14109,336.267
14150,335.89
14154,333.881
14261,333.254
14363,331.914
14427,330.391
14483,329.965
14494,329.953
14518,329.667
14529,329.431
14555,329.405
14588,328.64
14612,328.632
14627,327.779
14628,327.658
14676,327.49
14702,327.232
14720,327.128
14721,326.887
14738,326.59
14745,326.294
14748,326.289
14780,325.734
14808,325.47
14809,325.399
14828,325.094
14832,324.989
14835,324.912
14845,324.506
14887,324.387
14892,324.368
14901,324.346
14908,324.34
14911,324.319
14917,324.091
14928,324.024
14929,324.014
14930,324.003
14933,323.959
14941,323.913
14963,323.879
14964,323.871
14971,323.867
14976,323.867
14977,323.867
14982,323.867
14986,323.867
14987,323.867
14988,323.867
