Evaluations,Fitness
1,3585.310571
2,2805.172419
6,2746.549403
8,2022.590028
53,1914.085628
81,1857.057810
83,1663.876101
89,1659.076544
99,1397.083919
112,1384.379318
133,1256.764341
136,1246.429288
142,1214.720596
143,959.421870
178,931.043116
210,930.856644
221,913.942191
228,913.332359
245,859.873742
248,839.423977
283,832.077763
286,686.964360
304,653.222935
347,579.136734
407,572.727918
431,556.444265
441,513.369097
443,510.799322
478,504.409131
579,501.777138
582,476.582315
632,468.518040
665,467.756825
686,457.006240
707,447.489665
743,416.680058
789,387.346030
869,373.425579
920,365.795449
941,361.042802
949,322.903714
1023,304.449433
1452,302.803207
1582,301.296552
1606,282.590594
1760,264.729917
2439,250.984467
2590,248.037389
2773,246.856097
2857,224.265561
2933,223.229752
3562,221.160788
3847,208.266227
4172,204.456949
4605,204.316414
5027,201.357925
5063,195.976512
5433,194.271486
6236,190.282681
6826,189.478939
6896,186.426023
7096,183.970582
7539,181.129908
7588,176.644601
7653,171.072880
8092,167.217443
8149,162.648916
8862,161.710086
10030,160.388560
10174,159.679286
10201,157.145026
10368,153.679593
10905,153.548742
10934,152.747838
11269,151.745657
11315,149.199154
11409,148.631373
11589,148.512429
11644,148.465835
11696,147.766400
11701,147.583415
11774,145.990202
11807,145.349598
12167,143.846011
12232,142.757503
12268,142.408911
12442,142.110462
12588,142.079967
12612,141.697304
12628,141.046567
12630,140.992321
12678,140.985187
12773,140.896895
12818,140.157294
12842,139.742463
12861,139.475113
12900,139.008183
12943,138.949649
12999,138.633237
13102,138.068758
13117,137.953600
13127,137.627948
13201,137.518736
13211,137.356377
13219,137.315409
13230,137.303469
13231,137.011994
13270,136.721308
13276,136.167133
13314,136.008632
13324,135.073382
13358,134.907239
13381,134.119067
13560,133.701182
13629,133.212381
13646,132.851099
13683,132.743314
13714,132.464969
13748,132.447818
13754,131.982210
13772,131.635692
13846,131.543233
13847,131.524439
13851,131.317718
13854,131.254081
13868,130.729773
13875,130.367067
13905,129.996243
13932,129.906323
13946,129.886871
13947,129.584624
13950,129.385162
13963,129.349844
13985,129.245261
13994,129.128720
14017,129.118904
14029,129.061635
14033,129.052522
14046,128.578430
14062,128.552061
14066,128.229567
14078,127.981805
14110,127.956122
14113,127.716451
14130,127.549807
14131,127.442556
14136,127.332237
14138,127.290370
14144,127.243716
14146,126.927205
14156,126.595815
14182,126.233854
14187,126.114498
14190,125.644428
14197,125.481304
14210,125.365052
14218,125.328427
14221,124.950630
14241,124.936001
14254,124.611329
14268,124.526176
14271,124.423940
14274,124.384317
14281,124.085006
14282,123.971802
14299,123.903124
14305,123.887536
14309,123.843708
14315,123.708427
14318,123.677913
14320,123.563249
14329,123.365551
14335,123.314572
14342,123.301994
14346,123.190989
14347,123.101107
14365,123.046750
14369,122.846259
14386,122.738725
14395,122.647990
14398,122.610577
14405,122.427501
14427,122.276076
14444,122.241567
14462,122.203061
14463,122.197266
14467,122.130338
14468,122.098463
14471,121.904243
14483,121.731763
14484,121.662677
14490,121.546700
14495,121.491895
14508,121.443255
14510,121.399097
14521,121.323477
14524,121.307136
14532,121.286107
14540,121.263180
14544,121.155861
14561,121.107048
14568,120.953749
14582,120.931200
14587,120.919836
14589,120.875948
14598,120.861662
14602,120.829616
14612,120.793458
14620,120.791201
14622,120.749779
14633,120.717142
14656,120.689091
14678,120.650939
14685,120.613599
14692,120.573441
14708,120.550160
14711,120.546612
14730,120.532083
14731,120.527422
14736,120.507457
14756,120.490001
14757,120.489596
14760,120.471613
14771,120.465097
14772,120.442661
14779,120.424047
14781,120.421273
14784,120.377987
14798,120.367057
14799,120.354294
14808,120.348876
14810,120.326547
14811,120.287016
14814,120.278218
14821,120.270817
14823,120.255749
14835,120.255127
14837,120.248052
14841,120.234049
14852,120.229307
14854,120.226000
14858,120.219943
14867,120.217644
14869,120.210865
14872,120.206811
14873,120.199556
14876,120.196426
14880,120.184946
14883,120.178028
14892,120.168281
14894,120.168254
14897,120.164418
14898,120.143115
14903,120.138989
14905,120.135553
14907,120.132236
14910,120.130966
14911,120.129977
14912,120.122285
14913,120.121926
14917,120.120841
14919,120.113509
14924,120.113259
14927,120.106668
14930,120.106314
14931,120.101689
14939,120.095275
14941,120.094933
14943,120.090374
14947,120.090124
14948,120.089112
14949,120.088148
14950,120.086039
14952,120.084444
14959,120.083085
14960,120.080542
14966,120.078801
