Evaluations,Fitness
1,1.14102e+07
2,7.72301e+06
6,6.16576e+06
74,4.98691e+06
79,4.74767e+06
97,3.80777e+06
110,3.78423e+06
121,2.82335e+06
151,2.45946e+06
177,2.23012e+06
212,2.17259e+06
251,2.16746e+06
256,2.05271e+06
277,1.65985e+06
382,1.60623e+06
385,1.54524e+06
442,1.46903e+06
447,1.36536e+06
464,1.34787e+06
491,1.3381e+06
501,1.19185e+06
506,1.12268e+06
555,1.1218e+06
574,959137
665,950924
1104,864164
1126,861516
1598,780752
3008,779505
3077,773074
3086,757906
3160,741437
3178,724443
3403,723417
3496,707884
3838,705346
3843,671573
4074,656613
4364,643271
4605,632752
4894,631751
4909,623995
5215,607914
5219,592869
5904,583490
6056,570312
6424,563867
6975,563516
7285,555627
7303,553447
7307,553407
7380,550910
7439,543803
7563,543446
7592,541030
7970,529879
8254,528686
8454,515094
8485,511305
8511,508061
8817,490970
9176,485308
9214,481216
9262,471142
9338,461315
9405,457286
9436,452024
9561,445704
9614,436474
9714,430779
9766,423399
9800,413859
9896,408723
10055,407855
10097,403396
10314,400466
10374,398720
10837,396192
11203,393045
11262,390184
11295,389177
11318,387929
11327,386797
11483,382354
11523,381020
11606,378719
11698,377860
11720,375563
11798,374559
12036,371807
12104,370459
12242,369174
12330,366296
12395,363589
12509,360740
12581,360330
12721,360064
12726,358552
12740,355128
12783,355082
12786,354858
12830,353140
12875,350558
12902,350526
12923,347117
13016,344661
13029,342955
13050,342322
13058,341968
13073,338430
13089,337975
13116,336618
13121,336418
13123,336169
13129,335391
13138,334463
13170,332301
13210,332208
13223,328534
13281,328051
13289,325038
13304,324848
13326,323827
13359,323445
13378,323436
13379,323310
13384,320880
13399,320547
13400,318911
13460,317892
13482,317489
13533,316607
13555,316185
13595,315155
13701,315056
13777,314674
13789,314307
13835,314226
13848,314167
13868,314034
13896,313492
13928,313458
13956,313220
14083,312779
14108,312450
14115,312375
14127,312010
14146,311896
14189,311850
14212,311352
14315,311150
14325,311045
14374,311000
14384,310815
14415,310698
14491,310576
14525,310522
14530,310407
14554,310366
14584,310300
14605,310140
14627,310088
14650,309992
14654,309989
14670,309972
14673,309925
14674,309920
14681,309843
14714,309810
14715,309792
14716,309762
14717,309684
14727,309665
14736,309629
14746,309586
14782,309555
14784,309539
14790,309520
14792,309520
14795,309498
14799,309465
14804,309453
14814,309452
14819,309430
14825,309422
14826,309369
14831,309361
14843,309303
14846,309300
14847,309275
14850,309271
14855,309228
14861,309224
14864,309219
14870,309191
14878,309182
14892,309180
14893,309167
14896,309152
14900,309134
14901,309124
14904,309122
14906,309095
14912,309079
14914,309071
14917,309066
14918,309060
14925,309047
14938,309046
14943,309045
14946,309040
14948,309038
14954,309027
14955,309024
14958,309024
14962,309023
14966,309021
14978,309021
14979,309021
14980,309021
