Evaluations,Fitness
1,1502.481262
3,1495.372033
5,1302.451741
50,1295.080470
58,1232.830464
66,1179.972009
73,1040.526845
82,1028.360329
112,807.564491
428,785.332327
511,759.083797
580,752.859795
589,738.934631
695,735.904108
774,705.582909
1123,693.442300
1177,690.823543
1231,685.860904
1330,668.165598
2054,651.959465
2131,614.516502
3333,606.743486
3367,594.687645
3674,582.868276
5155,561.116261
5578,555.321088
5797,530.879244
6831,518.480511
8027,497.543915
8213,480.346066
9892,460.035681
10388,449.287756
11000,412.304906
11606,401.671779
12091,399.649518
12427,393.411135
12711,393.132145
12904,389.571210
12921,380.134926
13132,372.462444
13288,364.574101
13387,364.489892
13484,359.333119
13547,357.639007
13638,355.750590
13727,348.647957
13772,347.899113
13847,347.699753
13905,343.081504
13942,342.498815
14014,339.548933
14024,337.700920
14126,337.418412
14136,335.076916
14181,333.243986
14274,333.129402
14287,330.877400
14353,328.268935
14389,328.268369
14437,327.731651
14450,327.482243
14501,325.739001
14512,325.661529
14529,325.382127
14581,325.362948
14583,324.752997
14597,324.489986
14598,323.961179
14618,323.551006
14627,323.420284
14654,323.038704
14669,322.943718
14671,322.348136
14682,321.779884
14688,321.532697
14709,321.053038
14735,320.264946
14753,320.140287
14754,319.846485
14762,319.232902
14789,319.196533
14792,319.011180
14795,318.915730
14797,318.863638
14818,318.449748
14822,318.401524
14829,318.383380
14833,318.274690
14836,318.152795
14843,318.112266
14851,318.010041
14855,317.680596
14881,317.517147
14888,317.460535
14901,317.394143
14911,317.375276
14915,317.330671
14916,317.268813
14921,317.267885
14922,317.224209
14932,317.206548
14935,317.191799
14938,317.164537
14941,317.144113
14942,317.114255
14950,317.069127
14957,317.034129
14962,317.028786
14967,316.974695
14970,316.939707
