Evaluations,Fitness
1,271739.605005
2,267175.072414
27,267130.459225
54,261863.728395
56,254994.953931
61,239288.110025
64,216986.378453
72,207240.648048
75,183135.080767
77,176332.857692
81,170816.592105
89,170077.677914
96,159025.229210
111,152460.027921
118,149902.353191
125,135316.358792
127,135139.499242
141,122191.697451
148,114308.043602
178,108445.603947
197,97563.886528
222,86231.791056
254,85775.365724
257,77623.518783
283,73148.665831
323,69495.589689
353,61626.840908
357,61462.011579
358,59647.358720
377,51753.666525
400,50802.173605
407,45073.674533
449,40588.920237
514,39769.528371
666,39761.456725
679,39337.404291
706,38998.334012
733,35488.788892
870,34440.159278
1082,34219.228055
1129,34054.976070
1234,32636.446482
1334,32021.708472
1377,31705.215384
1472,30634.727443
1569,27301.872885
1761,26932.850755
1966,26575.831670
2142,26023.548144
2209,24156.421627
2963,22635.392297
3406,22252.886289
3888,21795.278320
4148,21436.496660
4430,20971.756558
4900,20072.542705
4963,18666.269172
5260,18284.521463
5395,17387.220455
5899,16671.292754
6461,15997.358418
6849,15785.109619
7213,15480.390750
7328,15303.581060
7896,14892.764694
8088,14512.266975
8365,13751.113098
9433,13659.926544
9537,13337.380292
9702,13319.514998
9785,13299.975935
9790,13183.160398
9803,13117.323114
9965,13097.400155
10064,12961.608336
10234,12936.345270
10378,12778.920692
10523,12748.930757
10587,12685.763557
10626,12626.191122
10645,12547.207754
10683,12493.018927
10782,12399.429958
11007,12193.654120
11058,12185.295602
11061,12028.231339
11113,11997.759374
11234,11972.234000
11274,11948.329458
11277,11774.335370
11331,11749.009550
11353,11631.202986
11671,11617.436450
11676,11561.876363
11680,11532.922862
11774,11525.241500
11783,11429.145913
11909,11354.634237
12019,11311.235677
12194,11283.447212
12494,11221.168104
12689,11220.683365
12698,11172.704430
12746,11094.790497
12980,11091.126911
13145,11065.326357
13174,10983.762109
13517,10943.163621
13743,10939.660135
13754,10926.603430
13781,10908.791019
13832,10881.021235
13836,10865.355770
13953,10842.563329
14000,10836.370505
14009,10835.656265
14066,10828.262045
14098,10826.115266
14100,10814.504108
14105,10811.494845
14107,10810.221993
14169,10809.303584
14181,10807.100853
14210,10799.516344
14261,10790.335105
14320,10784.858057
14335,10780.976150
14342,10770.243950
14438,10768.115418
14455,10759.108933
14478,10758.115076
14493,10757.484455
14497,10756.259527
14503,10755.265903
14513,10748.883899
14519,10745.888431
14551,10737.414871
14561,10737.286189
14598,10737.169291
14602,10735.515299
14622,10730.860306
14628,10730.704982
14633,10730.306121
14651,10729.181877
14670,10724.367204
14684,10724.057388
14687,10723.382333
14692,10721.413909
14713,10719.693691
14728,10716.405750
14767,10714.793144
14768,10714.642370
14774,10711.729545
14784,10711.530998
14787,10710.697352
14791,10709.881535
14799,10709.595811
14803,10707.904217
14808,10706.686670
14812,10705.075571
14814,10703.876323
14822,10702.676341
14839,10702.102475
14849,10701.612152
14854,10701.211252
14856,10700.846146
14863,10700.562881
14870,10699.724274
14871,10699.611938
14873,10699.104979
14875,10698.583689
14881,10698.551738
14882,10698.208593
14892,10697.625789
14895,10697.364425
14897,10696.858925
14898,10696.783739
14901,10695.965675
14910,10695.532056
14914,10695.522412
14915,10695.313944
14916,10695.067585
14917,10694.851991
14921,10694.412139
14925,10694.330587
14926,10693.914110
14931,10693.801321
14941,10693.710149
14943,10693.647813
14944,10693.449855
14948,10693.269308
14951,10693.212859
14952,10693.170456
14961,10693.124171
14962,10693.121940
14964,10693.007435
14971,10692.981596
14977,10692.981504
14978,10692.981452
14979,10692.981434
