Evaluations,Fitness
1,3962.783705
2,3046.494024
4,2829.982761
6,2415.146357
53,2255.510235
62,2221.693402
64,2099.433525
84,1936.146997
89,1609.128050
99,1514.127846
112,1303.232219
123,1257.523107
133,1076.940949
135,894.572710
183,788.789611
213,732.434804
243,681.956908
272,649.441491
307,586.439679
340,583.512264
367,527.293203
388,523.710732
402,505.496334
405,481.798343
409,450.647675
427,436.046565
439,425.772927
441,416.418401
471,392.071630
506,364.720899
548,348.722902
577,347.546234
623,326.884957
687,303.373828
857,300.640715
920,275.448206
1309,257.074949
1342,233.875054
1792,226.377791
2290,222.882505
2970,221.147916
3211,213.154830
4172,206.512212
4550,186.026315
5303,185.366316
5378,184.016449
5403,178.758250
5672,177.294525
5885,171.079553
6177,171.069661
6591,164.449927
6800,160.573196
6910,159.002243
7369,158.595847
7521,158.111413
7965,156.624481
8156,155.700705
8381,154.849807
8443,146.273089
8879,143.196077
9311,142.154314
9505,139.509514
9766,137.325685
9782,137.261605
9869,134.116774
10085,133.070784
10133,132.994445
10236,132.872778
10375,132.709485
10413,131.493165
10478,130.127173
10804,129.567598
10821,128.998495
11115,128.675023
11181,125.714358
11269,125.330086
11304,123.405527
11482,122.697386
11918,122.428708
12000,121.115422
12742,120.883628
12771,120.808834
12859,120.495784
12881,120.196460
12903,120.140394
12943,120.132170
13043,119.596063
13082,119.135751
13112,119.020570
13127,118.950844
13129,118.892575
13165,118.793005
13185,118.629941
13235,118.426136
13288,118.323495
13324,118.065905
13442,118.032532
13462,117.926279
13527,117.918257
13541,117.893091
13588,117.243602
13646,117.098884
13737,117.023969
13742,117.004881
13743,116.932598
13754,116.868814
13761,116.837429
13818,116.719145
13853,116.622100
13861,116.554173
13873,116.457720
13905,116.226677
13953,116.225827
13961,116.085060
14032,116.059882
14046,115.986817
14063,115.887770
14066,115.760993
14090,115.727945
14105,115.616403
14129,115.592275
14146,115.536223
14182,115.365143
14191,115.312817
14201,115.208826
14218,115.056250
14282,114.977120
14342,114.952459
14358,114.884910
14405,114.868964
14408,114.849994
14430,114.833826
14440,114.823329
14451,114.805068
14452,114.775217
14458,114.705426
14473,114.702652
14483,114.652284
14501,114.632539
14524,114.618083
14534,114.614598
14545,114.576011
14553,114.571633
14565,114.567363
14582,114.544542
14596,114.541512
14598,114.494982
14612,114.480062
14631,114.473993
14633,114.472562
14637,114.468639
14643,114.439669
14654,114.429189
14655,114.414529
14662,114.410436
14673,114.408726
14682,114.390206
14690,114.377278
14714,114.337468
14729,114.318852
14742,114.298777
14747,114.288871
14752,114.281637
14762,114.276223
14765,114.270651
14775,114.259515
14787,114.257314
14797,114.226318
14811,114.219350
14812,114.215125
14814,114.204174
14823,114.178379
14835,114.178207
14847,114.162765
14878,114.152439
14880,114.151537
14883,114.148693
14888,114.143609
14893,114.137611
14901,114.130145
14906,114.126571
14909,114.126289
14910,114.124868
14916,114.122556
14927,114.120941
14932,114.119857
14942,114.117501
14943,114.116223
14948,114.115079
14949,114.113454
14953,114.111829
14954,114.111237
14956,114.109367
14961,114.106729
14964,114.105803
14966,114.103606
