Evaluations,Fitness
1,5124900.862271
7,4908140.855762
22,4233604.336116
66,4185239.731352
81,3970965.325746
94,3786681.582654
95,3628116.701639
99,3371086.212565
105,3302576.878052
108,2176576.025881
168,1847931.254165
178,1797898.532553
184,1737008.122354
200,1449858.667360
228,1340200.769367
235,1042603.974457
302,973480.806228
307,806891.486096
330,737275.197677
341,626360.444006
367,625400.563459
390,572382.514362
407,546864.769087
418,534049.498677
431,522552.636314
451,449656.796547
455,401073.568436
486,391737.607768
502,387544.820755
503,370126.145102
516,336289.502740
522,294397.726825
576,260223.531752
616,230289.067060
617,207848.614492
633,192316.914288
640,185258.932599
647,176544.415145
670,162494.353381
672,156707.060628
676,143747.593276
700,143623.443946
705,120691.028158
716,107129.090871
734,102072.417650
735,94984.075170
739,93154.071916
746,89586.273312
769,66459.375110
803,53770.301183
810,47069.329549
846,32395.372432
873,30543.594603
880,28002.283098
923,25989.784473
928,25624.203650
958,17080.753082
995,14013.531999
1006,12396.930701
1020,11571.021987
1036,11409.353941
1067,10505.110090
1088,10375.082231
1090,9471.655250
1096,7982.276850
1098,7701.721598
1102,7026.311413
1123,6970.360399
1131,5931.408226
1158,5561.732398
1183,5248.857862
1184,5077.036440
1188,3307.671030
1219,2701.728528
1239,2515.704706
1240,2363.152441
1263,2220.155791
1282,1604.465178
1293,1597.266210
1305,1525.363390
1307,1503.981581
1312,1315.442329
1337,1034.459743
1372,686.555540
1402,665.985106
1408,588.586380
1414,547.387262
1419,520.510494
1433,454.014513
1467,363.008757
1468,333.842993
1472,316.775912
1502,315.371286
1518,304.379651
1524,246.475539
1569,228.369147
1572,220.491193
1588,213.687941
1595,183.912585
1618,160.657069
1632,156.909243
1635,140.849895
1655,132.668137
1656,106.919112
1686,103.358028
1691,94.179207
1710,92.108432
1713,81.291007
1714,61.567568
1745,50.148176
1760,41.366639
1773,32.853880
1791,31.542190
1792,28.733858
1808,28.312232
1814,27.880955
1821,19.636474
1844,13.565492
1851,12.500299
1881,9.756008
1912,9.442673
1913,8.778458
1916,8.295775
1947,7.461216
1962,6.549230
1977,6.546784
1980,5.711719
1994,5.675864
1997,5.551274
1999,4.818141
2009,4.419336
2020,2.955216
2057,2.577263
2086,1.985524
2097,1.844107
2112,1.704868
2127,1.580752
2134,1.305080
2142,1.211819
2145,0.999526
2157,0.974263
2161,0.866193
2173,0.793444
2187,0.749933
2195,0.696243
2202,0.690869
2213,0.649743
2216,0.595737
2217,0.549490
2225,0.477804
2243,0.388969
2259,0.380511
2262,0.316806
2269,0.303609
2275,0.286864
2277,0.233202
2301,0.231816
2305,0.208748
2311,0.197921
2320,0.149844
2334,0.132613
2340,0.130908
2348,0.120109
2368,0.111858
2398,0.107123
2400,0.103114
2401,0.102517
2408,0.092388
2414,0.086810
2432,0.077252
2435,0.074729
2457,0.067853
2462,0.063874
2470,0.054021
2474,0.044241
2478,0.040726
2502,0.034712
2515,0.032442
2517,0.031697
2525,0.027945
2531,0.024907
2557,0.020675
2561,0.020411
2563,0.019658
2581,0.018436
2587,0.014538
2600,0.012808
2612,0.011144
2617,0.010631
2630,0.010007
2665,0.008829
2669,0.007037
2679,0.006206
2682,0.005263
2706,0.004951
2716,0.004672
2721,0.004327
2725,0.004263
2728,0.004216
2734,0.004049
2735,0.003925
2736,0.003758
2740,0.003706
2742,0.003405
2752,0.003124
2765,0.003001
2768,0.002661
2777,0.002472
2796,0.002324
2803,0.001751
2808,0.001629
2814,0.001603
2821,0.001427
2833,0.001187
2870,0.001143
2882,0.001100
2888,0.001080
2892,0.000931
2902,0.000895
2911,0.000864
2916,0.000780
2929,0.000668
2955,0.000653
2963,0.000589
2965,0.000489
2972,0.000383
2974,0.000342
3007,0.000334
3013,0.000330
3014,0.000269
3015,0.000247
3023,0.000201
3034,0.000196
3046,0.000155
3066,0.000141
3070,0.000139
3076,0.000108
3100,0.000094
3106,0.000087
3121,0.000085
3122,0.000081
3126,0.000079
3133,0.000074
3141,0.000069
3150,0.000062
3157,0.000061
3166,0.000056
3171,0.000048
3174,0.000047
3177,0.000044
3178,0.000037
3186,0.000034
3198,0.000033
3218,0.000026
3224,0.000026
3226,0.000018
3238,0.000017
3259,0.000016
3268,0.000016
3281,0.000015
3289,0.000010
3298,0.000010
3299,0.000009
3302,0.000009
3308,0.000009
3315,0.000008
3316,0.000008
3320,0.000007
3324,0.000007
3330,0.000006
3334,0.000006
3350,0.000005
3360,0.000005
3362,0.000004
3370,0.000004
3387,0.000003
3395,0.000003
3398,0.000003
3399,0.000003
3411,0.000003
3429,0.000003
3443,0.000002
3444,0.000002
3449,0.000002
3452,0.000002
3458,0.000002
3464,0.000002
3472,0.000001
3482,0.000001
3494,0.000001
3495,0.000001
3512,0.000001
3519,0.000001
3525,0.000001
3526,0.000001
3528,0.000001
3562,0.000001
3564,0.000001
3593,0.000001
3600,0.000000
3601,0.000000
3603,0.000000
3605,0.000000
3625,0.000000
3631,0.000000
3634,0.000000
3645,0.000000
3646,0.000000
3649,0.000000
3658,0.000000
3665,0.000000
3669,0.000000
3673,0.000000
3675,0.000000
3676,0.000000
3692,0.000000
3695,0.000000
3715,0.000000
3720,0.000000
3722,0.000000
3724,0.000000
3725,0.000000
3726,0.000000
3728,0.000000
3749,0.000000
3750,0.000000
3767,0.000000
3775,0.000000
3778,0.000000
3780,0.000000
3791,0.000000
3796,0.000000
3800,0.000000
3824,0.000000
3826,0.000000
3827,0.000000
3829,0.000000
3830,0.000000
3841,0.000000
3856,0.000000
3861,0.000000
3875,0.000000
3888,0.000000
3891,0.000000
3901,0.000000
3905,0.000000
3906,0.000000
3908,0.000000
3922,0.000000
3928,0.000000
3935,0.000000
3936,0.000000
3942,0.000000
3965,0.000000
3971,0.000000
3973,0.000000
3988,0.000000
3994,0.000000
4005,0.000000
4010,0.000000
4011,0.000000
4012,0.000000
4023,0.000000
4024,0.000000
4025,0.000000
4042,0.000000
4054,0.000000
4060,0.000000
4071,0.000000
4090,0.000000
4094,0.000000
4103,0.000000
4105,0.000000
4120,0.000000
4143,0.000000
4154,0.000000
4158,0.000000
4163,0.000000
4168,0.000000
4173,0.000000
4174,0.000000
4175,0.000000
4176,0.000000
4182,0.000000
4188,0.000000
4191,0.000000
4215,0.000000
4223,0.000000
4236,0.000000
4254,0.000000
4259,0.000000
4266,0.000000
4286,0.000000
4296,0.000000
4318,0.000000
4324,0.000000
4325,0.000000
4326,0.000000
4345,0.000000
4346,0.000000
4350,0.000000
4358,0.000000
4361,0.000000
4362,0.000000
4368,0.000000
4370,0.000000
4375,0.000000
4376,0.000000
4382,0.000000
4398,0.000000
4401,0.000000
4421,0.000000
4426,0.000000
4429,0.000000
4430,0.000000
4442,0.000000
4443,0.000000
4444,0.000000
4452,0.000000
4469,0.000000
4472,0.000000
4473,0.000000
4490,0.000000
4492,0.000000
4500,0.000000
4502,0.000000
4510,0.000000
4511,0.000000
4520,0.000000
4528,0.000000
4535,0.000000
4536,0.000000
4541,0.000000
4556,0.000000
4570,0.000000
4572,0.000000
4585,0.000000
4589,0.000000
4596,0.000000
4597,0.000000
4598,0.000000
4601,0.000000
4609,0.000000
4614,0.000000
4615,0.000000
4628,0.000000
4639,0.000000
4646,0.000000
4652,0.000000
4653,0.000000
4662,0.000000
4668,0.000000
4672,0.000000
4678,0.000000
4679,0.000000
4686,0.000000
4695,0.000000
4701,0.000000
4703,0.000000
4704,0.000000
4705,0.000000
4734,0.000000
4746,0.000000
4747,0.000000
4758,0.000000
4763,0.000000
4770,0.000000
4789,0.000000
4793,0.000000
4813,0.000000
4828,0.000000
4829,0.000000
4834,0.000000
4840,0.000000
4845,0.000000
4846,0.000000
4854,0.000000
4860,0.000000
4865,0.000000
4874,0.000000
4888,0.000000
4904,0.000000
4905,0.000000
4908,0.000000
4911,0.000000
4913,0.000000
4919,0.000000
4930,0.000000
4931,0.000000
4932,0.000000
4935,0.000000
4938,0.000000
4940,0.000000
4941,0.000000
4942,0.000000
4950,0.000000
4955,0.000000
4961,0.000000
4985,0.000000
4994,0.000000
4997,0.000000
5003,0.000000
5007,0.000000
5014,0.000000
5027,0.000000
5034,0.000000
5044,0.000000
5046,0.000000
5057,0.000000
5064,0.000000
5071,0.000000
5083,0.000000
5088,0.000000
5094,0.000000
5098,0.000000
5101,0.000000
5112,0.000000
5116,0.000000
5125,0.000000
5126,0.000000
5128,0.000000
5129,0.000000
5132,0.000000
5136,0.000000
5142,0.000000
5155,0.000000
5158,0.000000
5159,0.000000
5173,0.000000
5178,0.000000
5185,0.000000
5187,0.000000
5209,0.000000
5212,0.000000
5217,0.000000
5229,0.000000
5233,0.000000
5234,0.000000
5263,0.000000
5266,0.000000
5270,0.000000
5274,0.000000
5286,0.000000
5289,0.000000
5293,0.000000
5303,0.000000
5306,0.000000
5330,0.000000
5340,0.000000
5344,0.000000
5347,0.000000
5354,0.000000
5365,0.000000
5372,0.000000
5374,0.000000
5377,0.000000
5379,0.000000
5382,0.000000
5389,0.000000
5395,0.000000
5402,0.000000
5405,0.000000
5416,0.000000
5419,0.000000
5428,0.000000
5432,0.000000
5453,0.000000
5470,0.000000
5473,0.000000
5478,0.000000
5479,0.000000
5496,0.000000
5497,0.000000
5516,0.000000
5517,0.000000
5524,0.000000
5533,0.000000
5540,0.000000
5541,0.000000
5547,0.000000
5548,0.000000
5553,0.000000
5561,0.000000
5564,0.000000
5566,0.000000
5583,0.000000
5584,0.000000
5586,0.000000
5587,0.000000
5594,0.000000
5598,0.000000
5601,0.000000
5605,0.000000
5610,0.000000
5618,0.000000
5622,0.000000
5631,0.000000
5641,0.000000
5654,0.000000
5666,0.000000
5673,0.000000
5676,0.000000
5690,0.000000
5691,0.000000
5702,0.000000
5703,0.000000
5723,0.000000
5724,0.000000
5732,0.000000
5737,0.000000
5739,0.000000
5743,0.000000
5751,0.000000
5754,0.000000
5757,0.000000
5766,0.000000
5767,0.000000
5775,0.000000
5777,0.000000
5783,0.000000
5785,0.000000
5788,0.000000
5805,0.000000
5812,0.000000
5815,0.000000
5821,0.000000
5824,0.000000
5828,0.000000
5829,0.000000
5830,0.000000
5842,0.000000
5852,0.000000
5861,0.000000
5872,0.000000
5877,0.000000
5878,0.000000
5879,0.000000
5884,0.000000
5886,0.000000
5887,0.000000
5894,0.000000
5898,0.000000
5910,0.000000
5917,0.000000
5918,0.000000
5922,0.000000
5923,0.000000
5933,0.000000
5941,0.000000
5946,0.000000
5947,0.000000
5957,0.000000
5963,0.000000
5965,0.000000
5966,0.000000
5970,0.000000
5976,0.000000
5977,0.000000
5982,0.000000
5983,0.000000
5985,0.000000
5986,0.000000
5989,0.000000
5992,0.000000
5994,0.000000
5997,0.000000
6016,0.000000
6018,0.000000
6025,0.000000
6027,0.000000
6035,0.000000
6042,0.000000
6048,0.000000
6059,0.000000
6060,0.000000
6066,0.000000
6067,0.000000
6068,0.000000
6070,0.000000
6077,0.000000
6081,0.000000
6089,0.000000
6107,0.000000
6113,0.000000
6114,0.000000
6115,0.000000
6117,0.000000
6119,0.000000
6121,0.000000
6125,0.000000
6137,0.000000
6153,0.000000
6154,0.000000
6155,0.000000
6159,0.000000
6161,0.000000
6177,0.000000
6183,0.000000
6187,0.000000
6189,0.000000
6192,0.000000
6194,0.000000
6196,0.000000
6213,0.000000
6230,0.000000
6238,0.000000
6243,0.000000
6251,0.000000
6253,0.000000
6256,0.000000
6262,0.000000
6264,0.000000
6266,0.000000
6268,0.000000
6280,0.000000
6282,0.000000
6288,0.000000
6291,0.000000
6306,0.000000
6322,0.000000
6323,0.000000
6324,0.000000
6326,0.000000
6335,0.000000
6336,0.000000
6338,0.000000
6345,0.000000
6346,0.000000
6356,0.000000
6358,0.000000
6376,0.000000
6380,0.000000
6392,0.000000
6405,0.000000
6406,0.000000
6422,0.000000
6426,0.000000
6438,0.000000
6439,0.000000
6442,0.000000
6453,0.000000
6454,0.000000
6469,0.000000
6472,0.000000
6476,0.000000
6482,0.000000
6488,0.000000
6501,0.000000
6506,0.000000
6508,0.000000
6513,0.000000
6517,0.000000
6518,0.000000
6524,0.000000
6526,0.000000
6531,0.000000
6534,0.000000
6537,0.000000
6541,0.000000
6548,0.000000
6550,0.000000
6552,0.000000
6553,0.000000
6554,0.000000
6556,0.000000
6559,0.000000
6562,0.000000
6579,0.000000
6583,0.000000
6585,0.000000
6587,0.000000
6589,0.000000
6591,0.000000
6596,0.000000
6597,0.000000
6600,0.000000
6605,0.000000
6606,0.000000
6608,0.000000
6622,0.000000
6625,0.000000
6629,0.000000
6630,0.000000
6637,0.000000
6653,0.000000
6656,0.000000
6659,0.000000
6671,0.000000
6679,0.000000
6689,0.000000
6691,0.000000
6694,0.000000
6695,0.000000
6702,0.000000
6708,0.000000
6709,0.000000
6715,0.000000
6724,0.000000
6725,0.000000
6733,0.000000
6735,0.000000
6738,0.000000
6746,0.000000
6758,0.000000
6760,0.000000
6761,0.000000
6765,0.000000
6772,0.000000
6785,0.000000
6791,0.000000
6792,0.000000
6794,0.000000
6802,0.000000
6804,0.000000
6812,0.000000
6816,0.000000
6827,0.000000
6829,0.000000
6834,0.000000
6835,0.000000
6843,0.000000
6847,0.000000
6849,0.000000
6854,0.000000
6858,0.000000
6872,0.000000
6876,0.000000
6881,0.000000
6883,0.000000
6884,0.000000
6888,0.000000
6890,0.000000
6908,0.000000
6910,0.000000
6917,0.000000
6918,0.000000
6919,0.000000
6924,0.000000
6926,0.000000
6929,0.000000
6932,0.000000
6936,0.000000
6937,0.000000
6949,0.000000
6952,0.000000
6955,0.000000
6965,0.000000
6971,0.000000
6972,0.000000
6975,0.000000
6991,0.000000
6996,0.000000
7000,0.000000
7001,0.000000
7003,0.000000
7008,0.000000
7013,0.000000
7017,0.000000
7019,0.000000
7020,0.000000
7022,0.000000
7028,0.000000
7038,0.000000
7043,0.000000
7050,0.000000
7051,0.000000
7054,0.000000
7066,0.000000
7073,0.000000
7074,0.000000
7079,0.000000
7080,0.000000
7082,0.000000
7088,0.000000
7089,0.000000
7090,0.000000
7091,0.000000
7096,0.000000
7097,0.000000
7098,0.000000
7105,0.000000
7106,0.000000
7112,0.000000
7122,0.000000
7131,0.000000
7135,0.000000
7153,0.000000
7162,0.000000
7169,0.000000
7178,0.000000
7182,0.000000
7185,0.000000
7188,0.000000
7194,0.000000
7197,0.000000
7199,0.000000
7206,0.000000
7214,0.000000
7217,0.000000
7227,0.000000
7229,0.000000
7233,0.000000
7237,0.000000
7244,0.000000
7245,0.000000
7249,0.000000
7260,0.000000
7264,0.000000
7267,0.000000
7271,0.000000
7279,0.000000
7283,0.000000
7286,0.000000
7291,0.000000
7294,0.000000
7303,0.000000
7305,0.000000
7311,0.000000
7320,0.000000
7326,0.000000
7336,0.000000
7341,0.000000
7342,0.000000
7345,0.000000
7349,0.000000
7350,0.000000
7356,0.000000
7360,0.000000
7362,0.000000
7367,0.000000
7370,0.000000
7371,0.000000
7373,0.000000
7376,0.000000
7377,0.000000
7386,0.000000
7390,0.000000
7404,0.000000
7415,0.000000
7419,0.000000
7421,0.000000
7423,0.000000
7425,0.000000
7435,0.000000
7436,0.000000
7437,0.000000
7442,0.000000
7445,0.000000
7446,0.000000
7453,0.000000
7455,0.000000
7456,0.000000
7460,0.000000
7467,0.000000
7469,0.000000
7470,0.000000
7472,0.000000
7475,0.000000
7483,0.000000
7490,0.000000
7491,0.000000
7499,0.000000
7500,0.000000
7503,0.000000
7505,0.000000
7517,0.000000
7518,0.000000
7519,0.000000
7526,0.000000
7527,0.000000
7550,0.000000
7553,0.000000
7555,0.000000
7556,0.000000
7559,0.000000
7567,0.000000
7571,0.000000
7578,0.000000
7579,0.000000
7581,0.000000
7583,0.000000
7587,0.000000
7591,0.000000
7592,0.000000
7596,0.000000
7604,0.000000
7614,0.000000
7621,0.000000
7623,0.000000
7625,0.000000
7632,0.000000
7637,0.000000
7643,0.000000
7644,0.000000
7653,0.000000
7654,0.000000
7659,0.000000
7664,0.000000
7667,0.000000
7678,0.000000
7679,0.000000
7681,0.000000
7683,0.000000
7688,0.000000
7691,0.000000
7692,0.000000
7694,0.000000
7695,0.000000
7699,0.000000
7706,0.000000
7710,0.000000
7716,0.000000
7719,0.000000
7721,0.000000
7723,0.000000
7735,0.000000
7737,0.000000
7739,0.000000
7741,0.000000
7743,0.000000
7751,0.000000
7757,0.000000
7761,0.000000
7762,0.000000
7763,0.000000
7764,0.000000
7765,0.000000
7776,0.000000
7777,0.000000
7787,0.000000
7790,0.000000
7796,0.000000
7797,0.000000
7812,0.000000
7817,0.000000
7827,0.000000
7829,0.000000
7832,0.000000
7833,0.000000
7834,0.000000
7837,0.000000
7845,0.000000
7848,0.000000
7850,0.000000
7856,0.000000
7858,0.000000
7862,0.000000
7863,0.000000
7866,0.000000
7868,0.000000
7873,0.000000
7881,0.000000
7883,0.000000
7892,0.000000
7893,0.000000
7904,0.000000
7909,0.000000
7910,0.000000
7912,0.000000
7921,0.000000
7924,0.000000
7932,0.000000
7935,0.000000
7936,0.000000
7941,0.000000
7954,0.000000
7955,0.000000
7960,0.000000
7972,0.000000
7973,0.000000
7977,0.000000
7984,0.000000
7986,0.000000
7988,0.000000
7990,0.000000
7993,0.000000
7994,0.000000
8006,0.000000
8007,0.000000
8008,0.000000
8009,0.000000
8011,0.000000
8014,0.000000
8020,0.000000
8023,0.000000
8026,0.000000
8028,0.000000
8029,0.000000
8033,0.000000
8034,0.000000
8046,0.000000
8053,0.000000
8054,0.000000
8059,0.000000
8063,0.000000
8064,0.000000
8066,0.000000
8073,0.000000
8080,0.000000
8081,0.000000
8087,0.000000
8088,0.000000
8092,0.000000
8093,0.000000
8097,0.000000
8101,0.000000
8104,0.000000
8110,0.000000
8112,0.000000
8115,0.000000
8125,0.000000
8126,0.000000
8132,0.000000
8134,0.000000
8136,0.000000
8140,0.000000
8145,0.000000
8147,0.000000
8151,0.000000
8155,0.000000
8160,0.000000
8163,0.000000
8165,0.000000
8181,0.000000
8183,0.000000
8186,0.000000
8190,0.000000
8191,0.000000
8195,0.000000
8197,0.000000
8198,0.000000
8199,0.000000
8200,0.000000
8202,0.000000
8206,0.000000
8207,0.000000
8211,0.000000
8216,0.000000
8217,0.000000
8218,0.000000
8219,0.000000
8221,0.000000
8224,0.000000
8240,0.000000
8246,0.000000
8247,0.000000
8248,0.000000
8252,0.000000
8259,0.000000
8264,0.000000
8268,0.000000
8272,0.000000
8273,0.000000
8278,0.000000
8279,0.000000
8295,0.000000
8302,0.000000
8306,0.000000
8308,0.000000
8311,0.000000
8314,0.000000
8320,0.000000
8327,0.000000
8328,0.000000
8330,0.000000
8332,0.000000
8337,0.000000
8339,0.000000
8351,0.000000
8352,0.000000
8364,0.000000
8371,0.000000
8375,0.000000
8376,0.000000
8386,0.000000
8389,0.000000
8393,0.000000
8394,0.000000
8395,0.000000
8400,0.000000
8402,0.000000
8413,0.000000
8415,0.000000
8416,0.000000
8426,0.000000
8427,0.000000
8435,0.000000
8438,0.000000
8448,0.000000
8449,0.000000
8461,0.000000
8473,0.000000
8474,0.000000
8477,0.000000
8487,0.000000
8492,0.000000
8497,0.000000
8499,0.000000
8503,0.000000
8509,0.000000
8517,0.000000
8519,0.000000
8521,0.000000
8525,0.000000
8528,0.000000
8535,0.000000
8536,0.000000
8542,0.000000
8543,0.000000
8545,0.000000
8546,0.000000
8551,0.000000
8557,0.000000
8559,0.000000
8563,0.000000
8564,0.000000
8566,0.000000
8568,0.000000
8575,0.000000
8577,0.000000
8581,0.000000
8584,0.000000
8585,0.000000
8596,0.000000
8604,0.000000
8606,0.000000
8609,0.000000
8610,0.000000
8614,0.000000
8615,0.000000
8624,0.000000
8625,0.000000
8627,0.000000
8629,0.000000
8631,0.000000
8638,0.000000
8640,0.000000
8644,0.000000
8648,0.000000
8649,0.000000
8655,0.000000
8663,0.000000
8666,0.000000
8669,0.000000
8670,0.000000
8671,0.000000
8674,0.000000
8675,0.000000
8686,0.000000
8691,0.000000
8698,0.000000
8702,0.000000
8706,0.000000
8718,0.000000
8724,0.000000
8726,0.000000
8728,0.000000
8730,0.000000
8732,0.000000
8735,0.000000
8736,0.000000
8745,0.000000
8749,0.000000
8751,0.000000
8753,0.000000
8755,0.000000
8756,0.000000
8766,0.000000
8773,0.000000
8776,0.000000
8784,0.000000
8785,0.000000
8795,0.000000
8803,0.000000
8804,0.000000
8808,0.000000
8809,0.000000
8815,0.000000
8821,0.000000
8829,0.000000
8830,0.000000
8832,0.000000
8834,0.000000
8838,0.000000
8849,0.000000
8853,0.000000
8860,0.000000
8863,0.000000
8869,0.000000
8871,0.000000
8874,0.000000
8879,0.000000
8880,0.000000
8881,0.000000
8882,0.000000
8891,0.000000
8899,0.000000
8907,0.000000
8909,0.000000
8910,0.000000
8911,0.000000
8914,0.000000
8920,0.000000
8923,0.000000
8927,0.000000
8935,0.000000
8940,0.000000
8944,0.000000
8954,0.000000
8956,0.000000
8963,0.000000
8966,0.000000
8971,0.000000
8976,0.000000
8978,0.000000
8985,0.000000
8987,0.000000
8988,0.000000
8989,0.000000
8990,0.000000
8991,0.000000
8995,0.000000
9009,0.000000
9014,0.000000
9020,0.000000
9024,0.000000
9025,0.000000
9027,0.000000
9028,0.000000
9029,0.000000
9031,0.000000
9034,0.000000
9048,0.000000
9049,0.000000
9053,0.000000
9056,0.000000
9060,0.000000
9063,0.000000
9071,0.000000
9075,0.000000
9077,0.000000
9080,0.000000
9081,0.000000
9083,0.000000
9087,0.000000
9092,0.000000
9096,0.000000
9098,0.000000
9102,0.000000
9104,0.000000
9111,0.000000
9115,0.000000
9126,0.000000
9128,0.000000
9133,0.000000
9135,0.000000
9136,0.000000
9138,0.000000
9147,0.000000
9151,0.000000
9152,0.000000
9153,0.000000
9154,0.000000
9157,0.000000
9159,0.000000
9162,0.000000
9168,0.000000
9170,0.000000
9173,0.000000
9182,0.000000
9193,0.000000
9199,0.000000
9202,0.000000
9205,0.000000
9213,0.000000
9217,0.000000
9223,0.000000
9229,0.000000
9231,0.000000
9235,0.000000
9245,0.000000
9246,0.000000
9248,0.000000
9254,0.000000
9261,0.000000
9263,0.000000
9265,0.000000
9266,0.000000
9269,0.000000
9272,0.000000
9276,0.000000
9281,0.000000
9282,0.000000
9284,0.000000
9291,0.000000
9305,0.000000
9308,0.000000
9318,0.000000
9320,0.000000
9333,0.000000
9335,0.000000
9338,0.000000
9346,0.000000
9348,0.000000
9352,0.000000
9364,0.000000
9368,0.000000
9371,0.000000
9375,0.000000
9378,0.000000
9382,0.000000
9385,0.000000
9392,0.000000
9393,0.000000
9397,0.000000
9404,0.000000
9409,0.000000
9418,0.000000
9424,0.000000
9426,0.000000
9430,0.000000
9432,0.000000
9433,0.000000
9436,0.000000
9437,0.000000
9443,0.000000
9444,0.000000
9448,0.000000
9454,0.000000
9457,0.000000
9461,0.000000
9468,0.000000
9477,0.000000
9479,0.000000
9483,0.000000
9485,0.000000
9492,0.000000
9497,0.000000
9501,0.000000
9504,0.000000
9512,0.000000
9515,0.000000
9520,0.000000
9523,0.000000
9524,0.000000
9533,0.000000
9537,0.000000
9542,0.000000
9545,0.000000
9548,0.000000
9550,0.000000
9556,0.000000
9560,0.000000
9562,0.000000
9563,0.000000
9564,0.000000
9566,0.000000
9568,0.000000
9582,0.000000
9591,0.000000
9596,0.000000
9597,0.000000
9600,0.000000
9607,0.000000
9608,0.000000
9613,0.000000
9616,0.000000
9622,0.000000
9623,0.000000
9625,0.000000
9629,0.000000
9632,0.000000
9636,0.000000
9641,0.000000
9644,0.000000
9648,0.000000
9649,0.000000
9650,0.000000
9655,0.000000
9658,0.000000
9665,0.000000
9669,0.000000
9679,0.000000
9687,0.000000
9694,0.000000
9695,0.000000
9697,0.000000
9699,0.000000
9701,0.000000
9706,0.000000
9708,0.000000
9716,0.000000
9717,0.000000
9719,0.000000
9725,0.000000
9727,0.000000
9732,0.000000
9733,0.000000
9739,0.000000
9741,0.000000
9742,0.000000
9743,0.000000
9758,0.000000
9760,0.000000
9765,0.000000
9769,0.000000
9770,0.000000
9771,0.000000
9775,0.000000
9779,0.000000
9781,0.000000
9785,0.000000
9789,0.000000
9793,0.000000
9795,0.000000
9799,0.000000
9800,0.000000
9804,0.000000
9806,0.000000
9810,0.000000
9813,0.000000
9816,0.000000
9825,0.000000
9826,0.000000
9827,0.000000
9828,0.000000
9829,0.000000
9834,0.000000
9837,0.000000
9838,0.000000
9841,0.000000
9842,0.000000
9843,0.000000
9847,0.000000
9850,0.000000
9851,0.000000
9857,0.000000
9864,0.000000
9866,0.000000
9868,0.000000
9871,0.000000
9874,0.000000
9875,0.000000
9884,0.000000
9885,0.000000
9886,0.000000
9892,0.000000
9895,0.000000
9897,0.000000
9900,0.000000
9901,0.000000
9903,0.000000
9904,0.000000
9908,0.000000
9910,0.000000
9911,0.000000
9928,0.000000
9931,0.000000
9932,0.000000
9934,0.000000
9939,0.000000
9950,0.000000
9954,0.000000
9959,0.000000
9961,0.000000
9968,0.000000
9970,0.000000
9974,0.000000
9980,0.000000
9981,0.000000
9982,0.000000
9984,0.000000
9985,0.000000
9986,0.000000
9990,0.000000
9995,0.000000
9996,0.000000
9997,0.000000
9999,0.000000
10004,0.000000
10010,0.000000
10012,0.000000
10013,0.000000
10015,0.000000
10017,0.000000
10019,0.000000
10022,0.000000
10030,0.000000
10032,0.000000
10034,0.000000
10038,0.000000
10040,0.000000
10044,0.000000
10052,0.000000
10056,0.000000
10064,0.000000
10070,0.000000
10075,0.000000
10078,0.000000
10088,0.000000
10090,0.000000
10091,0.000000
10093,0.000000
10094,0.000000
10097,0.000000
10103,0.000000
10104,0.000000
10110,0.000000
10114,0.000000
10115,0.000000
10119,0.000000
10121,0.000000
10124,0.000000
10127,0.000000
10130,0.000000
10135,0.000000
10140,0.000000
10141,0.000000
10142,0.000000
10159,0.000000
10162,0.000000
10168,0.000000
10174,0.000000
10178,0.000000
10182,0.000000
10187,0.000000
10189,0.000000
10192,0.000000
10193,0.000000
10196,0.000000
10198,0.000000
10199,0.000000
10202,0.000000
10204,0.000000
10209,0.000000
10210,0.000000
10212,0.000000
10213,0.000000
10218,0.000000
10219,0.000000
10220,0.000000
10222,0.000000
10226,0.000000
10227,0.000000
10234,0.000000
10237,0.000000
10239,0.000000
10241,0.000000
10242,0.000000
10252,0.000000
10254,0.000000
10259,0.000000
10269,0.000000
10275,0.000000
10280,0.000000
10285,0.000000
10287,0.000000
10293,0.000000
10294,0.000000
10296,0.000000
10298,0.000000
10300,0.000000
10305,0.000000
10310,0.000000
10314,0.000000
10326,0.000000
10340,0.000000
10344,0.000000
10347,0.000000
10351,0.000000
10353,0.000000
10357,0.000000
10358,0.000000
10362,0.000000
10364,0.000000
10366,0.000000
10372,0.000000
10377,0.000000
10378,0.000000
10382,0.000000
10384,0.000000
10385,0.000000
10391,0.000000
10393,0.000000
10395,0.000000
10399,0.000000
10400,0.000000
10402,0.000000
10405,0.000000
10407,0.000000
10408,0.000000
10415,0.000000
10416,0.000000
10421,0.000000
10428,0.000000
10438,0.000000
10439,0.000000
10441,0.000000
10444,0.000000
10445,0.000000
10452,0.000000
10459,0.000000
10460,0.000000
10468,0.000000
10476,0.000000
10479,0.000000
10480,0.000000
10487,0.000000
10490,0.000000
10491,0.000000
10502,0.000000
10503,0.000000
10509,0.000000
10514,0.000000
10517,0.000000
10518,0.000000
10519,0.000000
10523,0.000000
10527,0.000000
10533,0.000000
10546,0.000000
10549,0.000000
10556,0.000000
10558,0.000000
10560,0.000000
10561,0.000000
10568,0.000000
10571,0.000000
10574,0.000000
10575,0.000000
10578,0.000000
10581,0.000000
10582,0.000000
10585,0.000000
10587,0.000000
10588,0.000000
10591,0.000000
10593,0.000000
10597,0.000000
10598,0.000000
10599,0.000000
10602,0.000000
10605,0.000000
10612,0.000000
10614,0.000000
10626,0.000000
10627,0.000000
10631,0.000000
10633,0.000000
10640,0.000000
10641,0.000000
10642,0.000000
10647,0.000000
10648,0.000000
10650,0.000000
10651,0.000000
10656,0.000000
10659,0.000000
10661,0.000000
10664,0.000000
10668,0.000000
10670,0.000000
10674,0.000000
10675,0.000000
10679,0.000000
10681,0.000000
10686,0.000000
10687,0.000000
10688,0.000000
10689,0.000000
10692,0.000000
10694,0.000000
10699,0.000000
10701,0.000000
10702,0.000000
10704,0.000000
10706,0.000000
10710,0.000000
10713,0.000000
10715,0.000000
10721,0.000000
10724,0.000000
10727,0.000000
10728,0.000000
10730,0.000000
10733,0.000000
10741,0.000000
10743,0.000000
10744,0.000000
10751,0.000000
10755,0.000000
10757,0.000000
10761,0.000000
10763,0.000000
10764,0.000000
10766,0.000000
10769,0.000000
10775,0.000000
10776,0.000000
10779,0.000000
10780,0.000000
10786,0.000000
10787,0.000000
10789,0.000000
10791,0.000000
10793,0.000000
10796,0.000000
10798,0.000000
10800,0.000000
10804,0.000000
10806,0.000000
10808,0.000000
10809,0.000000
10815,0.000000
10817,0.000000
10824,0.000000
10825,0.000000
10827,0.000000
10829,0.000000
10831,0.000000
10842,0.000000
10846,0.000000
10854,0.000000
10858,0.000000
10859,0.000000
10863,0.000000
10867,0.000000
10869,0.000000
10870,0.000000
10873,0.000000
10876,0.000000
10877,0.000000
10878,0.000000
10881,0.000000
10883,0.000000
10886,0.000000
10892,0.000000
10894,0.000000
10895,0.000000
10901,0.000000
10903,0.000000
10914,0.000000
10915,0.000000
10920,0.000000
10923,0.000000
10924,0.000000
10926,0.000000
10927,0.000000
10929,0.000000
10931,0.000000
10936,0.000000
10940,0.000000
10943,0.000000
10945,0.000000
10946,0.000000
10950,0.000000
10953,0.000000
10959,0.000000
10960,0.000000
10965,0.000000
10971,0.000000
10975,0.000000
10977,0.000000
10979,0.000000
10980,0.000000
10985,0.000000
10996,0.000000
10997,0.000000
11006,0.000000
11012,0.000000
11015,0.000000
11022,0.000000
11032,0.000000
11033,0.000000
11038,0.000000
11050,0.000000
11054,0.000000
11055,0.000000
11060,0.000000
11063,0.000000
11065,0.000000
11072,0.000000
11075,0.000000
11076,0.000000
11080,0.000000
11084,0.000000
11085,0.000000
11086,0.000000
11089,0.000000
11092,0.000000
11093,0.000000
11095,0.000000
11098,0.000000
11102,0.000000
11104,0.000000
11110,0.000000
11115,0.000000
11116,0.000000
11118,0.000000
11119,0.000000
11120,0.000000
11122,0.000000
11125,0.000000
11131,0.000000
11138,0.000000
11142,0.000000
11144,0.000000
11145,0.000000
11146,0.000000
11149,0.000000
11152,0.000000
11154,0.000000
11158,0.000000
11165,0.000000
11167,0.000000
11170,0.000000
11171,0.000000
11178,0.000000
11180,0.000000
11187,0.000000
11188,0.000000
11190,0.000000
11193,0.000000
11194,0.000000
11196,0.000000
11198,0.000000
11201,0.000000
11203,0.000000
11208,0.000000
11217,0.000000
11219,0.000000
11223,0.000000
11228,0.000000
11235,0.000000
11236,0.000000
11238,0.000000
11239,0.000000
11245,0.000000
11250,0.000000
11260,0.000000
11262,0.000000
11266,0.000000
11269,0.000000
11274,0.000000
11278,0.000000
11279,0.000000
11282,0.000000
11283,0.000000
11286,0.000000
11288,0.000000
11289,0.000000
11292,0.000000
11293,0.000000
11295,0.000000
11304,0.000000
11307,0.000000
11311,0.000000
11312,0.000000
11313,0.000000
11315,0.000000
11317,0.000000
11321,0.000000
11322,0.000000
11323,0.000000
11329,0.000000
11330,0.000000
11331,0.000000
11343,0.000000
11344,0.000000
11346,0.000000
11348,0.000000
11354,0.000000
11360,0.000000
11363,0.000000
11367,0.000000
11381,0.000000
11383,0.000000
11385,0.000000
11389,0.000000
11396,0.000000
11398,0.000000
11400,0.000000
11403,0.000000
11404,0.000000
11407,0.000000
11411,0.000000
11412,0.000000
11414,0.000000
11416,0.000000
11417,0.000000
11422,0.000000
11423,0.000000
11428,0.000000
11434,0.000000
11435,0.000000
11440,0.000000
11443,0.000000
11446,0.000000
11452,0.000000
11454,0.000000
11456,0.000000
11464,0.000000
11465,0.000000
11468,0.000000
11477,0.000000
11478,0.000000
11481,0.000000
11484,0.000000
11485,0.000000
11486,0.000000
11490,0.000000
11495,0.000000
11500,0.000000
11505,0.000000
11512,0.000000
11513,0.000000
11523,0.000000
11524,0.000000
11527,0.000000
11531,0.000000
11534,0.000000
11537,0.000000
11542,0.000000
11544,0.000000
11547,0.000000
11551,0.000000
11552,0.000000
11564,0.000000
11573,0.000000
11575,0.000000
11580,0.000000
11581,0.000000
11583,0.000000
11584,0.000000
11595,0.000000
11599,0.000000
11606,0.000000
11611,0.000000
11612,0.000000
11615,0.000000
11618,0.000000
11625,0.000000
11626,0.000000
11628,0.000000
11629,0.000000
11631,0.000000
11635,0.000000
11636,0.000000
11639,0.000000
11640,0.000000
11641,0.000000
11647,0.000000
11651,0.000000
11652,0.000000
11655,0.000000
11657,0.000000
11662,0.000000
11664,0.000000
11669,0.000000
11673,0.000000
11674,0.000000
11675,0.000000
11679,0.000000
11682,0.000000
11684,0.000000
11685,0.000000
11690,0.000000
11694,0.000000
11695,0.000000
11700,0.000000
11701,0.000000
11703,0.000000
11709,0.000000
11718,0.000000
11723,0.000000
11727,0.000000
11731,0.000000
11732,0.000000
11734,0.000000
11742,0.000000
11747,0.000000
11756,0.000000
11761,0.000000
11762,0.000000
11763,0.000000
11767,0.000000
11769,0.000000
11775,0.000000
11777,0.000000
11781,0.000000
11785,0.000000
11786,0.000000
11792,0.000000
11807,0.000000
11818,0.000000
11824,0.000000
11832,0.000000
11839,0.000000
11850,0.000000
11852,0.000000
11853,0.000000
11856,0.000000
11857,0.000000
11858,0.000000
11861,0.000000
11865,0.000000
11873,0.000000
11874,0.000000
11883,0.000000
11884,0.000000
11889,0.000000
11890,0.000000
11897,0.000000
11898,0.000000
11901,0.000000
11909,0.000000
11916,0.000000
11917,0.000000
11925,0.000000
11928,0.000000
11935,0.000000
11937,0.000000
11947,0.000000
11949,0.000000
11952,0.000000
11955,0.000000
11957,0.000000
11966,0.000000
11971,0.000000
11976,0.000000
11979,0.000000
11980,0.000000
11982,0.000000
11983,0.000000
11984,0.000000
11988,0.000000
11992,0.000000
11993,0.000000
12000,0.000000
12003,0.000000
12012,0.000000
12017,0.000000
12022,0.000000
12023,0.000000
12033,0.000000
12037,0.000000
12039,0.000000
12045,0.000000
12046,0.000000
12049,0.000000
12054,0.000000
12056,0.000000
12059,0.000000
12060,0.000000
12063,0.000000
12065,0.000000
12067,0.000000
12068,0.000000
12070,0.000000
12076,0.000000
12077,0.000000
12079,0.000000
12080,0.000000
12083,0.000000
12086,0.000000
12091,0.000000
12092,0.000000
12093,0.000000
12095,0.000000
12098,0.000000
12103,0.000000
12109,0.000000
12110,0.000000
12115,0.000000
12119,0.000000
12120,0.000000
12125,0.000000
12126,0.000000
12130,0.000000
12131,0.000000
12132,0.000000
12133,0.000000
12138,0.000000
12141,0.000000
12142,0.000000
12143,0.000000
12145,0.000000
12155,0.000000
12156,0.000000
12157,0.000000
12159,0.000000
12160,0.000000
12166,0.000000
12170,0.000000
12171,0.000000
12173,0.000000
12176,0.000000
12179,0.000000
12181,0.000000
12182,0.000000
12187,0.000000
12190,0.000000
12195,0.000000
12200,0.000000
12203,0.000000
12209,0.000000
12211,0.000000
12213,0.000000
12216,0.000000
12217,0.000000
12220,0.000000
12222,0.000000
12229,0.000000
12232,0.000000
12234,0.000000
12235,0.000000
12236,0.000000
12239,0.000000
12243,0.000000
12250,0.000000
12253,0.000000
12256,0.000000
12259,0.000000
12263,0.000000
12266,0.000000
12270,0.000000
12272,0.000000
12275,0.000000
12276,0.000000
12288,0.000000
12292,0.000000
12293,0.000000
12295,0.000000
12299,0.000000
12302,0.000000
12303,0.000000
12304,0.000000
12306,0.000000
12316,0.000000
12319,0.000000
12321,0.000000
12331,0.000000
12333,0.000000
12337,0.000000
12339,0.000000
12340,0.000000
12345,0.000000
12347,0.000000
12348,0.000000
12352,0.000000
12359,0.000000
12360,0.000000
12365,0.000000
12371,0.000000
12374,0.000000
12377,0.000000
12381,0.000000
12383,0.000000
12384,0.000000
12392,0.000000
12393,0.000000
12394,0.000000
12398,0.000000
12402,0.000000
12404,0.000000
12406,0.000000
12409,0.000000
12415,0.000000
12416,0.000000
12418,0.000000
12423,0.000000
12430,0.000000
12432,0.000000
12438,0.000000
12440,0.000000
12441,0.000000
12442,0.000000
12443,0.000000
12455,0.000000
12456,0.000000
12459,0.000000
12466,0.000000
12468,0.000000
12476,0.000000
12477,0.000000
12479,0.000000
12480,0.000000
12483,0.000000
12488,0.000000
12491,0.000000
12492,0.000000
12495,0.000000
12498,0.000000
12501,0.000000
12503,0.000000
12507,0.000000
12513,0.000000
12514,0.000000
12515,0.000000
12517,0.000000
12520,0.000000
12521,0.000000
12525,0.000000
12530,0.000000
12531,0.000000
12534,0.000000
12535,0.000000
12538,0.000000
12545,0.000000
12546,0.000000
12549,0.000000
12550,0.000000
12553,0.000000
12558,0.000000
12559,0.000000
12564,0.000000
12569,0.000000
12571,0.000000
12574,0.000000
12580,0.000000
12586,0.000000
12594,0.000000
12598,0.000000
12600,0.000000
12603,0.000000
12604,0.000000
12612,0.000000
12617,0.000000
12620,0.000000
12627,0.000000
12630,0.000000
12632,0.000000
12636,0.000000
12643,0.000000
12646,0.000000
12654,0.000000
12656,0.000000
12658,0.000000
12662,0.000000
12665,0.000000
12668,0.000000
12669,0.000000
12670,0.000000
12671,0.000000
12676,0.000000
12679,0.000000
12682,0.000000
12683,0.000000
12686,0.000000
12693,0.000000
12694,0.000000
12698,0.000000
12702,0.000000
12705,0.000000
12713,0.000000
12716,0.000000
12726,0.000000
12732,0.000000
12735,0.000000
12736,0.000000
12742,0.000000
12743,0.000000
12750,0.000000
12751,0.000000
12755,0.000000
12764,0.000000
12767,0.000000
12771,0.000000
12772,0.000000
12776,0.000000
12777,0.000000
12780,0.000000
12783,0.000000
12785,0.000000
12786,0.000000
12790,0.000000
12793,0.000000
12795,0.000000
12807,0.000000
12811,0.000000
12822,0.000000
12824,0.000000
12825,0.000000
12828,0.000000
12833,0.000000
12838,0.000000
12841,0.000000
12842,0.000000
12846,0.000000
12854,0.000000
12855,0.000000
12864,0.000000
12866,0.000000
12875,0.000000
12883,0.000000
12885,0.000000
12890,0.000000
12892,0.000000
12898,0.000000
12899,0.000000
12903,0.000000
12905,0.000000
12908,0.000000
12913,0.000000
12914,0.000000
12917,0.000000
12918,0.000000
12930,0.000000
12938,0.000000
12945,0.000000
12950,0.000000
12959,0.000000
12963,0.000000
12964,0.000000
12966,0.000000
12969,0.000000
12974,0.000000
12977,0.000000
12978,0.000000
12982,0.000000
12986,0.000000
12992,0.000000
12996,0.000000
13002,0.000000
13004,0.000000
13005,0.000000
13006,0.000000
13007,0.000000
13008,0.000000
13011,0.000000
13015,0.000000
13016,0.000000
13020,0.000000
13034,0.000000
13035,0.000000
13039,0.000000
13040,0.000000
13042,0.000000
13045,0.000000
13047,0.000000
13048,0.000000
13050,0.000000
13053,0.000000
13055,0.000000
13059,0.000000
13061,0.000000
13062,0.000000
13064,0.000000
13066,0.000000
13068,0.000000
13074,0.000000
13076,0.000000
13086,0.000000
13088,0.000000
13089,0.000000
13091,0.000000
13093,0.000000
13097,0.000000
13098,0.000000
13099,0.000000
13101,0.000000
13103,0.000000
13106,0.000000
13109,0.000000
13112,0.000000
13115,0.000000
13116,0.000000
13123,0.000000
13124,0.000000
13126,0.000000
13128,0.000000
13133,0.000000
13135,0.000000
13136,0.000000
13137,0.000000
13139,0.000000
13143,0.000000
13145,0.000000
13146,0.000000
13147,0.000000
13152,0.000000
13153,0.000000
13154,0.000000
13155,0.000000
13159,0.000000
13160,0.000000
13161,0.000000
13163,0.000000
13176,0.000000
13180,0.000000
13185,0.000000
13189,0.000000
13190,0.000000
13194,0.000000
13197,0.000000
13198,0.000000
13202,0.000000
13204,0.000000
13209,0.000000
13212,0.000000
13214,0.000000
13221,0.000000
13223,0.000000
13229,0.000000
13231,0.000000
13236,0.000000
13238,0.000000
13242,0.000000
13243,0.000000
13247,0.000000
13249,0.000000
13253,0.000000
13257,0.000000
13259,0.000000
13263,0.000000
13264,0.000000
13273,0.000000
13275,0.000000
13279,0.000000
13281,0.000000
13290,0.000000
13300,0.000000
13311,0.000000
13315,0.000000
13319,0.000000
13320,0.000000
13322,0.000000
13324,0.000000
13326,0.000000
13327,0.000000
13328,0.000000
13331,0.000000
13336,0.000000
13339,0.000000
13346,0.000000
13347,0.000000
13351,0.000000
13355,0.000000
13358,0.000000
13359,0.000000
13360,0.000000
13365,0.000000
13366,0.000000
13372,0.000000
13373,0.000000
13374,0.000000
13378,0.000000
13379,0.000000
13381,0.000000
13383,0.000000
13395,0.000000
13396,0.000000
13398,0.000000
13399,0.000000
13401,0.000000
13402,0.000000
13410,0.000000
13411,0.000000
13413,0.000000
13416,0.000000
13417,0.000000
13425,0.000000
13426,0.000000
13429,0.000000
13431,0.000000
13434,0.000000
13435,0.000000
13437,0.000000
13438,0.000000
13440,0.000000
13442,0.000000
13444,0.000000
13447,0.000000
13448,0.000000
13453,0.000000
13456,0.000000
13461,0.000000
13463,0.000000
13465,0.000000
13468,0.000000
13474,0.000000
13476,0.000000
13477,0.000000
13480,0.000000
13485,0.000000
13487,0.000000
13488,0.000000
13492,0.000000
13494,0.000000
13498,0.000000
13502,0.000000
13504,0.000000
13505,0.000000
13507,0.000000
13521,0.000000
13524,0.000000
13525,0.000000
13526,0.000000
13531,0.000000
13535,0.000000
13536,0.000000
13537,0.000000
13542,0.000000
13545,0.000000
13546,0.000000
13553,0.000000
13554,0.000000
13561,0.000000
13562,0.000000
13564,0.000000
13566,0.000000
13573,0.000000
13580,0.000000
13584,0.000000
13590,0.000000
13593,0.000000
13595,0.000000
13602,0.000000
13603,0.000000
13609,0.000000
13613,0.000000
13614,0.000000
13621,0.000000
13624,0.000000
13626,0.000000
13629,0.000000
13630,0.000000
13632,0.000000
13633,0.000000
13634,0.000000
13637,0.000000
13643,0.000000
13644,0.000000
13646,0.000000
13648,0.000000
13649,0.000000
13653,0.000000
13659,0.000000
13664,0.000000
13666,0.000000
13670,0.000000
13673,0.000000
13674,0.000000
13675,0.000000
13680,0.000000
13681,0.000000
13685,0.000000
13686,0.000000
13688,0.000000
13689,0.000000
13691,0.000000
13693,0.000000
13696,0.000000
13703,0.000000
13707,0.000000
13708,0.000000
13711,0.000000
13712,0.000000
13714,0.000000
13715,0.000000
13719,0.000000
13724,0.000000
13726,0.000000
13728,0.000000
13730,0.000000
13731,0.000000
13732,0.000000
13736,0.000000
13737,0.000000
13741,0.000000
13744,0.000000
13757,0.000000
13761,0.000000
13762,0.000000
13768,0.000000
13772,0.000000
13774,0.000000
13781,0.000000
13782,0.000000
13792,0.000000
13796,0.000000
13801,0.000000
13803,0.000000
13808,0.000000
13815,0.000000
13819,0.000000
13820,0.000000
13823,0.000000
13826,0.000000
13828,0.000000
13832,0.000000
13846,0.000000
13851,0.000000
13855,0.000000
13858,0.000000
13859,0.000000
13861,0.000000
13863,0.000000
13865,0.000000
13869,0.000000
13870,0.000000
13871,0.000000
13872,0.000000
13877,0.000000
13880,0.000000
13882,0.000000
13887,0.000000
13892,0.000000
13893,0.000000
13895,0.000000
13897,0.000000
13901,0.000000
13912,0.000000
13921,0.000000
13922,0.000000
13924,0.000000
13925,0.000000
13927,0.000000
13932,0.000000
13936,0.000000
13939,0.000000
13940,0.000000
13944,0.000000
13945,0.000000
13946,0.000000
13949,0.000000
13953,0.000000
13959,0.000000
13960,0.000000
13964,0.000000
13965,0.000000
13966,0.000000
13972,0.000000
13974,0.000000
13977,0.000000
13980,0.000000
13985,0.000000
13987,0.000000
13990,0.000000
13991,0.000000
13992,0.000000
13993,0.000000
14003,0.000000
14009,0.000000
14011,0.000000
14013,0.000000
14014,0.000000
14018,0.000000
14022,0.000000
14023,0.000000
14028,0.000000
14030,0.000000
14032,0.000000
14033,0.000000
14038,0.000000
14040,0.000000
14041,0.000000
14042,0.000000
14047,0.000000
14048,0.000000
14049,0.000000
14051,0.000000
14053,0.000000
14054,0.000000
14063,0.000000
14064,0.000000
14067,0.000000
14069,0.000000
14070,0.000000
14073,0.000000
14077,0.000000
14086,0.000000
14091,0.000000
14093,0.000000
14098,0.000000
14106,0.000000
14109,0.000000
14110,0.000000
14115,0.000000
14118,0.000000
14119,0.000000
14121,0.000000
14123,0.000000
14129,0.000000
14131,0.000000
14136,0.000000
14137,0.000000
14140,0.000000
14143,0.000000
14144,0.000000
14150,0.000000
14152,0.000000
14156,0.000000
14159,0.000000
14160,0.000000
14161,0.000000
14164,0.000000
14166,0.000000
14183,0.000000
14187,0.000000
14188,0.000000
14191,0.000000
14192,0.000000
14193,0.000000
14195,0.000000
14197,0.000000
14200,0.000000
14201,0.000000
14202,0.000000
14206,0.000000
14210,0.000000
14212,0.000000
14216,0.000000
14221,0.000000
14224,0.000000
14229,0.000000
14230,0.000000
14231,0.000000
14232,0.000000
14234,0.000000
14235,0.000000
14237,0.000000
14240,0.000000
14246,0.000000
14252,0.000000
14254,0.000000
14256,0.000000
14259,0.000000
14261,0.000000
14267,0.000000
14268,0.000000
14269,0.000000
14272,0.000000
14276,0.000000
14279,0.000000
14284,0.000000
14285,0.000000
14291,0.000000
14294,0.000000
14296,0.000000
14301,0.000000
14303,0.000000
14304,0.000000
14307,0.000000
14310,0.000000
14314,0.000000
14315,0.000000
14316,0.000000
14318,0.000000
14324,0.000000
14325,0.000000
14334,0.000000
14336,0.000000
14340,0.000000
14342,0.000000
14345,0.000000
14349,0.000000
14352,0.000000
14353,0.000000
14356,0.000000
14358,0.000000
14359,0.000000
14362,0.000000
14364,0.000000
14371,0.000000
14372,0.000000
14379,0.000000
14381,0.000000
14383,0.000000
14387,0.000000
14392,0.000000
14393,0.000000
14408,0.000000
14412,0.000000
14418,0.000000
14419,0.000000
14420,0.000000
14421,0.000000
14425,0.000000
14429,0.000000
14438,0.000000
14440,0.000000
14443,0.000000
14445,0.000000
14446,0.000000
14450,0.000000
14451,0.000000
14452,0.000000
14453,0.000000
14457,0.000000
14459,0.000000
14460,0.000000
14462,0.000000
14463,0.000000
14465,0.000000
14471,0.000000
14477,0.000000
14479,0.000000
14480,0.000000
14484,0.000000
14495,0.000000
14500,0.000000
14505,0.000000
14506,0.000000
14510,0.000000
14511,0.000000
14513,0.000000
14514,0.000000
14517,0.000000
14519,0.000000
14520,0.000000
14522,0.000000
14524,0.000000
14529,0.000000
14530,0.000000
14532,0.000000
14533,0.000000
14537,0.000000
14540,0.000000
14542,0.000000
14543,0.000000
14546,0.000000
14548,0.000000
14549,0.000000
14551,0.000000
14555,0.000000
14556,0.000000
14560,0.000000
14564,0.000000
14566,0.000000
14572,0.000000
14574,0.000000
14577,0.000000
14580,0.000000
14581,0.000000
14582,0.000000
14583,0.000000
14589,0.000000
14590,0.000000
14594,0.000000
14595,0.000000
14597,0.000000
14598,0.000000
14603,0.000000
14607,0.000000
14610,0.000000
14613,0.000000
14614,0.000000
14617,0.000000
14621,0.000000
14623,0.000000
14627,0.000000
14639,0.000000
14643,0.000000
14644,0.000000
14645,0.000000
14648,0.000000
14650,0.000000
14651,0.000000
14653,0.000000
14654,0.000000
14663,0.000000
14664,0.000000
14667,0.000000
14670,0.000000
14679,0.000000
14680,0.000000
14689,0.000000
14690,0.000000
14691,0.000000
14693,0.000000
14696,0.000000
14698,0.000000
14701,0.000000
14706,0.000000
14712,0.000000
14713,0.000000
14717,0.000000
14718,0.000000
14719,0.000000
14721,0.000000
14723,0.000000
14725,0.000000
14727,0.000000
14730,0.000000
14736,0.000000
14740,0.000000
14742,0.000000
14747,0.000000
14750,0.000000
14751,0.000000
14753,0.000000
14759,0.000000
14765,0.000000
14768,0.000000
14774,0.000000
14775,0.000000
14778,0.000000
14779,0.000000
14783,0.000000
14784,0.000000
14786,0.000000
14791,0.000000
14797,0.000000
14802,0.000000
14803,0.000000
14805,0.000000
14806,0.000000
14808,0.000000
14812,0.000000
14820,0.000000
14822,0.000000
14823,0.000000
14827,0.000000
14829,0.000000
14833,0.000000
14834,0.000000
14837,0.000000
14838,0.000000
14840,0.000000
14843,0.000000
14844,0.000000
14850,0.000000
14853,0.000000
14859,0.000000
14861,0.000000
14863,0.000000
14865,0.000000
14871,0.000000
14872,0.000000
14876,0.000000
14878,0.000000
14883,0.000000
14894,0.000000
14896,0.000000
14897,0.000000
14900,0.000000
14908,0.000000
14911,0.000000
14913,0.000000
14915,0.000000
14919,0.000000
14922,0.000000
14923,0.000000
14924,0.000000
14929,0.000000
14933,0.000000
14939,0.000000
14946,0.000000
14948,0.000000
14950,0.000000
14952,0.000000
14954,0.000000
14955,0.000000
14960,0.000000
14966,0.000000
