Evaluations,Fitness
1,1265.95
71,1257.93
75,1247.19
80,1231.49
95,1175.41
110,1141.36
115,996.197
262,976.273
266,953.281
305,935.881
332,914.244
344,903.194
347,894.287
376,804.38
460,786.125
724,783.058
835,749.405
981,749.346
1016,735.682
1052,726.172
1057,697.8
1091,680.914
1219,670.04
1341,666.356
1452,626.258
1750,603.866
3199,570.098
8311,568.265
8394,558.369
9232,537.708
11055,535.482
12384,530.898
12422,528.399
12429,524.902
12430,514.166
12468,497.812
12479,479.336
12570,478.14
12605,478.13
12611,469.82
12646,467.06
12659,459.993
12663,454.204
12667,444.413
12798,444.109
12832,443.59
12920,442.869
12977,429.51
13168,423.033
13290,418.093
13629,416.927
13631,410.054
13680,410.031
13744,400.658
13885,397.056
14024,396.166
14026,394.301
14033,393.852
14054,393.039
14133,391.883
14166,386.594
14219,386.274
14343,385.967
14353,385.88
14355,384.75
14372,382.302
14390,382.078
14413,379.832
14456,379.653
14462,378.376
14483,378.246
14491,377.899
14513,377.359
14554,375.834
14575,374.667
14584,373.913
14614,372.925
14616,372.782
14654,372.59
14665,371.629
14715,371.278
14718,371.213
14720,371.019
14728,370.791
14730,370.403
14736,370.042
14739,369.874
14757,369.767
14758,369.593
14769,369.303
14770,369.216
14784,369.193
14791,369.129
14792,369.033
14793,368.678
14805,368.567
14807,368.041
14808,367.908
14815,367.543
14827,367.251
14847,367.144
14851,367.112
14853,366.702
14859,366.571
14863,366.352
14865,366.351
14867,366.29
14868,366.258
14873,366.046
14877,365.96
14881,365.829
14882,365.804
14889,365.788
14890,365.717
14891,365.693
14893,365.547
14896,365.526
14901,365.336
14907,365.243
14909,365.171
14911,365.094
14914,364.918
14934,364.809
14937,364.753
14941,364.735
14946,364.733
14948,364.725
14949,364.709
14954,364.686
14955,364.684
14958,364.662
14961,364.652
14962,364.638
14965,364.632
14966,364.607
14967,364.59
