Evaluations,Fitness
1,1385.63
3,1094.69
101,1088.45
104,1082.7
109,1081.48
115,1003.32
121,989.868
122,899.524
175,813.724
311,756.352
559,737.531
590,721.879
676,706.458
681,698.384
806,694.032
895,693.073
986,682.16
1191,658.899
1400,654.312
2010,641.537
2394,636.71
2659,634.514
2830,614.143
3029,603.95
3689,578.932
3894,565.538
4958,534.295
5824,530.154
6642,518.4
6752,509.632
8011,504.712
8396,488.297
8958,453.434
10212,441.492
11453,436.275
11627,431.772
11636,418.991
11888,402.594
11908,402.551
11929,394.917
12119,394.649
12197,389.226
12349,388.904
12365,388.136
12424,380.605
12429,378.092
12454,375.576
12455,367.878
12769,367.271
12875,344.46
13167,333.197
13379,326.782
13569,320.945
13607,314.024
13694,312.963
13695,312.584
13699,305.704
13725,297.281
13833,296.722
13924,287.959
13956,287.515
14075,284.575
14127,283.649
14164,282.784
14213,278.406
14318,276.436
14430,276.072
14445,275.827
14453,274.616
14467,273.338
14475,272.228
14528,271.907
14530,269.942
14584,269.476
14599,269.211
14608,267.909
14662,267.349
14685,266.967
14689,266.641
14713,266.219
14718,265.416
14741,265.126
14758,264.734
14769,264.499
14773,264.467
14794,264.439
14798,264.072
14799,263.503
14828,263.406
14837,263.313
14842,263.25
14859,263.218
14860,263.1
14873,262.905
14876,262.89
14882,262.823
14891,262.652
14906,262.621
14910,262.37
14913,262.328
14914,262.322
14916,262.269
14934,262.235
14936,262.232
14937,262.219
14938,262.19
14941,262.186
14943,262.143
14948,262.143
14950,262.096
14956,262.08
14958,262.072
14962,262.01
14966,261.993
14970,261.967
