Evaluations,Fitness
1,-0.00715863
2,-1.07987
4,-1.20151
5,-1.62347
8,-1.64696
10,-3.38342
96,-3.41631
106,-3.55188
152,-3.61357
157,-3.8413
358,-3.85234
416,-3.85429
2477,-3.85525
3602,-3.85652
3791,-3.86164
6985,-3.86219
10471,-3.86246
12917,-3.86253
13315,-3.86256
13329,-3.86262
13614,-3.86263
13956,-3.86267
14445,-3.86271
14508,-3.86271
14561,-3.86272
14859,-3.86274
14904,-3.86275
14916,-3.86275
14953,-3.86275
14957,-3.86275
14959,-3.86275
14972,-3.86275
14973,-3.86275
14974,-3.86275
14986,-3.86275
14987,-3.86275
14988,-3.86275
