Evaluations,Fitness
1,6442986.685543
2,5270074.038828
13,3750548.471649
81,3321017.531577
86,3193096.496035
108,2938467.644507
111,1880606.010539
174,1448291.043068
178,1037645.775240
243,1032729.249063
246,1012466.156507
249,948826.273625
268,893412.082922
274,812490.181279
304,694139.914748
316,659327.633135
334,638426.441945
346,552348.466698
354,516642.054290
367,499754.212665
406,461614.529703
413,362120.849077
436,305378.191700
443,289633.006445
457,236280.831256
486,236216.619658
506,223986.558869
516,194864.346734
546,174089.092379
557,159341.467970
584,155647.484261
588,152140.369468
597,107728.012915
618,96162.264299
627,80645.238555
664,70046.933492
694,62268.442959
710,56892.326268
737,52080.166158
749,44236.987698
758,40793.610174
787,40525.667446
810,39717.121667
834,30414.264372
835,27361.501737
860,19724.185156
865,18215.363003
895,18074.671893
907,16272.396017
920,15501.997696
925,14385.720264
953,12469.909361
955,8963.573488
995,7768.904253
1020,7750.026260
1029,5719.171092
1054,5236.824225
1067,4179.749903
1097,4001.908114
1122,3502.565525
1126,3410.970562
1155,2962.509816
1158,2650.392148
1191,2336.434965
1201,1832.476335
1216,1741.691904
1233,1452.979211
1251,1165.311906
1276,979.200838
1310,850.914748
1320,780.249090
1324,761.552638
1336,726.752735
1337,691.476177
1347,638.313845
1359,630.278489
1376,619.768711
1377,495.802233
1378,410.921964
1384,361.832529
1395,331.381856
1414,228.389420
1459,200.137306
1461,159.705143
1463,144.884195
1494,126.347657
1502,118.301486
1505,94.810457
1535,72.257785
1567,71.961561
1573,64.794438
1579,64.649593
1594,63.355357
1600,55.450462
1624,51.605746
1633,48.560068
1663,47.716043
1676,41.254278
1682,40.250758
1686,33.761719
1694,32.360111
1706,27.710267
1739,24.117837
1742,22.342563
1750,21.683143
1766,20.788676
1773,16.756368
1799,16.125805
1802,12.807424
1819,11.232788
1855,10.843816
1862,9.010980
1879,8.533182
1888,7.913513
1896,6.622638
1904,6.338016
1913,4.650162
1914,4.597258
1925,4.339850
1936,4.135748
1946,4.003499
1954,3.712584
1973,3.643846
1974,3.580041
2001,3.500180
2002,3.288204
2013,3.272679
2014,3.257862
2021,2.725410
2037,2.700782
2038,2.233264
2050,2.102789
2069,1.617115
2095,1.396576
2113,1.175084
2122,1.022719
2150,0.910496
2168,0.881507
2172,0.833017
2193,0.798905
2196,0.578544
2224,0.552466
2229,0.532391
2233,0.451178
2263,0.398276
2291,0.394441
2293,0.388780
2295,0.382777
2300,0.360594
2301,0.339599
2304,0.302213
2305,0.282132
2314,0.224776
2330,0.196290
2357,0.187181
2360,0.155449
2376,0.152843
2387,0.126575
2402,0.117003
2406,0.116376
2408,0.111689
2420,0.089871
2423,0.088557
2453,0.078697
2456,0.065430
2483,0.061509
2504,0.061405
2505,0.057119
2519,0.047742
2535,0.036082
2557,0.035243
2564,0.030318
2581,0.021427
2608,0.018809
2611,0.018271
2641,0.015632
2646,0.014876
2649,0.013483
2666,0.012538
2670,0.011570
2676,0.010508
2679,0.010285
2685,0.009861
2715,0.009289
2724,0.008736
2735,0.008212
2739,0.008120
2740,0.007732
2742,0.007242
2758,0.006251
2771,0.005629
2772,0.005441
2789,0.005349
2799,0.004949
2803,0.004761
2813,0.004504
2825,0.003995
2829,0.003929
2837,0.003524
2838,0.003263
2843,0.003053
2849,0.002912
2856,0.002659
2870,0.002520
2872,0.002396
2878,0.002084
2902,0.001988
2905,0.001618
2913,0.001603
2919,0.001447
2925,0.001124
2950,0.001059
2954,0.000976
2955,0.000889
2964,0.000757
2984,0.000752
2994,0.000725
2997,0.000708
3005,0.000676
3021,0.000668
3024,0.000552
3026,0.000544
3035,0.000386
3040,0.000359
3052,0.000263
3093,0.000240
3102,0.000218
3106,0.000202
3112,0.000180
3121,0.000169
3126,0.000161
3129,0.000159
3138,0.000127
3159,0.000115
3171,0.000112
3176,0.000087
3180,0.000080
3184,0.000076
3190,0.000073
3196,0.000063
3226,0.000062
3231,0.000051
3242,0.000046
3251,0.000041
3253,0.000039
3261,0.000038
3278,0.000033
3283,0.000032
3288,0.000023
3314,0.000022
3319,0.000021
3325,0.000019
3327,0.000017
3337,0.000015
3355,0.000014
3363,0.000012
3377,0.000011
3392,0.000008
3412,0.000008
3414,0.000006
3448,0.000006
3450,0.000005
3455,0.000005
3472,0.000005
3474,0.000004
3482,0.000004
3483,0.000004
3484,0.000003
3494,0.000003
3495,0.000003
3514,0.000003
3519,0.000002
3525,0.000002
3533,0.000002
3544,0.000002
3547,0.000001
3574,0.000001
3575,0.000001
3577,0.000001
3594,0.000001
3607,0.000001
3609,0.000001
3619,0.000001
3635,0.000001
3640,0.000001
3646,0.000000
3673,0.000000
3676,0.000000
3704,0.000000
3706,0.000000
3708,0.000000
3715,0.000000
3739,0.000000
3749,0.000000
3762,0.000000
3767,0.000000
3786,0.000000
3791,0.000000
3796,0.000000
3828,0.000000
3829,0.000000
3836,0.000000
3840,0.000000
3849,0.000000
3850,0.000000
3855,0.000000
3861,0.000000
3877,0.000000
3888,0.000000
3890,0.000000
3901,0.000000
3919,0.000000
3922,0.000000
3925,0.000000
3928,0.000000
3949,0.000000
3975,0.000000
3976,0.000000
3994,0.000000
3999,0.000000
4013,0.000000
4036,0.000000
4039,0.000000
4040,0.000000
4042,0.000000
4053,0.000000
4069,0.000000
4094,0.000000
4096,0.000000
4101,0.000000
4102,0.000000
4110,0.000000
4127,0.000000
4128,0.000000
4132,0.000000
4147,0.000000
4150,0.000000
4170,0.000000
4179,0.000000
4189,0.000000
4194,0.000000
4211,0.000000
4234,0.000000
4242,0.000000
4243,0.000000
4245,0.000000
4259,0.000000
4260,0.000000
4261,0.000000
4269,0.000000
4276,0.000000
4290,0.000000
4295,0.000000
4305,0.000000
4319,0.000000
4325,0.000000
4326,0.000000
4345,0.000000
4353,0.000000
4354,0.000000
4358,0.000000
4378,0.000000
4408,0.000000
4409,0.000000
4412,0.000000
4426,0.000000
4427,0.000000
4430,0.000000
4439,0.000000
4466,0.000000
4469,0.000000
4473,0.000000
4480,0.000000
4486,0.000000
4490,0.000000
4494,0.000000
4510,0.000000
4521,0.000000
4524,0.000000
4531,0.000000
4532,0.000000
4538,0.000000
4546,0.000000
4556,0.000000
4559,0.000000
4568,0.000000
4570,0.000000
4579,0.000000
4584,0.000000
4596,0.000000
4598,0.000000
4599,0.000000
4601,0.000000
4606,0.000000
4607,0.000000
4615,0.000000
4617,0.000000
4619,0.000000
4621,0.000000
4625,0.000000
4631,0.000000
4632,0.000000
4639,0.000000
4649,0.000000
4652,0.000000
4653,0.000000
4655,0.000000
4666,0.000000
4674,0.000000
4682,0.000000
4695,0.000000
4696,0.000000
4705,0.000000
4715,0.000000
4734,0.000000
4740,0.000000
4753,0.000000
4754,0.000000
4758,0.000000
4763,0.000000
4769,0.000000
4770,0.000000
4776,0.000000
4783,0.000000
4792,0.000000
4795,0.000000
4798,0.000000
4801,0.000000
4805,0.000000
4806,0.000000
4823,0.000000
4830,0.000000
4832,0.000000
4833,0.000000
4836,0.000000
4855,0.000000
4860,0.000000
4876,0.000000
4880,0.000000
4881,0.000000
4883,0.000000
4904,0.000000
4906,0.000000
4912,0.000000
4913,0.000000
4916,0.000000
4920,0.000000
4934,0.000000
4947,0.000000
4951,0.000000
4952,0.000000
4970,0.000000
4976,0.000000
4980,0.000000
4981,0.000000
4984,0.000000
4999,0.000000
5004,0.000000
5015,0.000000
5025,0.000000
5028,0.000000
5029,0.000000
5041,0.000000
5045,0.000000
5057,0.000000
5070,0.000000
5075,0.000000
5078,0.000000
5083,0.000000
5087,0.000000
5094,0.000000
5100,0.000000
5108,0.000000
5111,0.000000
5114,0.000000
5123,0.000000
5127,0.000000
5138,0.000000
5139,0.000000
5149,0.000000
5181,0.000000
5183,0.000000
5187,0.000000
5188,0.000000
5196,0.000000
5199,0.000000
5209,0.000000
5221,0.000000
5234,0.000000
5257,0.000000
5260,0.000000
5262,0.000000
5265,0.000000
5273,0.000000
5274,0.000000
5280,0.000000
5290,0.000000
5298,0.000000
5305,0.000000
5314,0.000000
5317,0.000000
5320,0.000000
5323,0.000000
5326,0.000000
5335,0.000000
5345,0.000000
5363,0.000000
5373,0.000000
5375,0.000000
5377,0.000000
5379,0.000000
5387,0.000000
5389,0.000000
5390,0.000000
5403,0.000000
5406,0.000000
5409,0.000000
5415,0.000000
5422,0.000000
5425,0.000000
5447,0.000000
5451,0.000000
5452,0.000000
5455,0.000000
5457,0.000000
5462,0.000000
5469,0.000000
5473,0.000000
5475,0.000000
5486,0.000000
5490,0.000000
5507,0.000000
5517,0.000000
5520,0.000000
5534,0.000000
5535,0.000000
5537,0.000000
5538,0.000000
5539,0.000000
5544,0.000000
5552,0.000000
5557,0.000000
5566,0.000000
5573,0.000000
5577,0.000000
5580,0.000000
5583,0.000000
5584,0.000000
5585,0.000000
5588,0.000000
5610,0.000000
5624,0.000000
5629,0.000000
5635,0.000000
5645,0.000000
5665,0.000000
5672,0.000000
5681,0.000000
5682,0.000000
5689,0.000000
5707,0.000000
5712,0.000000
5724,0.000000
5727,0.000000
5736,0.000000
5742,0.000000
5744,0.000000
5756,0.000000
5762,0.000000
5764,0.000000
5773,0.000000
5782,0.000000
5790,0.000000
5797,0.000000
5801,0.000000
5804,0.000000
5806,0.000000
5815,0.000000
5819,0.000000
5824,0.000000
5839,0.000000
5845,0.000000
5846,0.000000
5850,0.000000
5858,0.000000
5859,0.000000
5867,0.000000
5874,0.000000
5879,0.000000
5886,0.000000
5897,0.000000
5900,0.000000
5908,0.000000
5910,0.000000
5918,0.000000
5922,0.000000
5932,0.000000
5937,0.000000
5939,0.000000
5940,0.000000
5950,0.000000
5960,0.000000
5973,0.000000
5978,0.000000
5983,0.000000
5991,0.000000
5994,0.000000
6006,0.000000
6012,0.000000
6018,0.000000
6020,0.000000
6022,0.000000
6028,0.000000
6032,0.000000
6034,0.000000
6042,0.000000
6050,0.000000
6057,0.000000
6070,0.000000
6071,0.000000
6075,0.000000
6087,0.000000
6090,0.000000
6092,0.000000
6094,0.000000
6095,0.000000
6097,0.000000
6113,0.000000
6116,0.000000
6117,0.000000
6118,0.000000
6125,0.000000
6130,0.000000
6146,0.000000
6152,0.000000
6157,0.000000
6161,0.000000
6171,0.000000
6174,0.000000
6179,0.000000
6183,0.000000
6196,0.000000
6204,0.000000
6205,0.000000
6227,0.000000
6229,0.000000
6231,0.000000
6235,0.000000
6236,0.000000
6237,0.000000
6244,0.000000
6248,0.000000
6256,0.000000
6266,0.000000
6269,0.000000
6273,0.000000
6282,0.000000
6284,0.000000
6286,0.000000
6288,0.000000
6289,0.000000
6291,0.000000
6297,0.000000
6307,0.000000
6313,0.000000
6318,0.000000
6329,0.000000
6330,0.000000
6338,0.000000
6363,0.000000
6371,0.000000
6378,0.000000
6379,0.000000
6381,0.000000
6383,0.000000
6387,0.000000
6393,0.000000
6394,0.000000
6400,0.000000
6401,0.000000
6410,0.000000
6412,0.000000
6414,0.000000
6427,0.000000
6430,0.000000
6431,0.000000
6435,0.000000
6441,0.000000
6442,0.000000
6447,0.000000
6448,0.000000
6451,0.000000
6454,0.000000
6461,0.000000
6464,0.000000
6476,0.000000
6480,0.000000
6484,0.000000
6493,0.000000
6494,0.000000
6506,0.000000
6513,0.000000
6517,0.000000
6521,0.000000
6534,0.000000
6545,0.000000
6550,0.000000
6552,0.000000
6554,0.000000
6556,0.000000
6560,0.000000
6563,0.000000
6570,0.000000
6576,0.000000
6578,0.000000
6585,0.000000
6586,0.000000
6589,0.000000
6590,0.000000
6591,0.000000
6595,0.000000
6596,0.000000
6614,0.000000
6621,0.000000
6624,0.000000
6627,0.000000
6630,0.000000
6639,0.000000
6645,0.000000
6658,0.000000
6660,0.000000
6664,0.000000
6669,0.000000
6676,0.000000
6696,0.000000
6697,0.000000
6698,0.000000
6709,0.000000
6715,0.000000
6718,0.000000
6726,0.000000
6728,0.000000
6733,0.000000
6742,0.000000
6748,0.000000
6750,0.000000
6755,0.000000
6758,0.000000
6759,0.000000
6766,0.000000
6768,0.000000
6771,0.000000
6782,0.000000
6784,0.000000
6786,0.000000
6787,0.000000
6791,0.000000
6802,0.000000
6807,0.000000
6817,0.000000
6821,0.000000
6824,0.000000
6825,0.000000
6827,0.000000
6831,0.000000
6832,0.000000
6837,0.000000
6842,0.000000
6847,0.000000
6852,0.000000
6862,0.000000
6869,0.000000
6871,0.000000
6874,0.000000
6885,0.000000
6890,0.000000
6898,0.000000
6902,0.000000
6906,0.000000
6912,0.000000
6918,0.000000
6922,0.000000
6927,0.000000
6928,0.000000
6939,0.000000
6945,0.000000
6949,0.000000
6952,0.000000
6957,0.000000
6960,0.000000
6965,0.000000
6971,0.000000
6975,0.000000
6987,0.000000
6994,0.000000
7001,0.000000
7008,0.000000
7016,0.000000
7020,0.000000
7021,0.000000
7023,0.000000
7028,0.000000
7037,0.000000
7043,0.000000
7052,0.000000
7053,0.000000
7054,0.000000
7057,0.000000
7066,0.000000
7076,0.000000
7082,0.000000
7087,0.000000
7091,0.000000
7093,0.000000
7101,0.000000
7103,0.000000
7108,0.000000
7111,0.000000
7113,0.000000
7116,0.000000
7118,0.000000
7119,0.000000
7121,0.000000
7126,0.000000
7129,0.000000
7135,0.000000
7145,0.000000
7149,0.000000
7164,0.000000
7166,0.000000
7170,0.000000
7179,0.000000
7182,0.000000
7183,0.000000
7186,0.000000
7188,0.000000
7192,0.000000
7202,0.000000
7204,0.000000
7212,0.000000
7218,0.000000
7220,0.000000
7227,0.000000
7236,0.000000
7239,0.000000
7244,0.000000
7248,0.000000
7253,0.000000
7254,0.000000
7257,0.000000
7264,0.000000
7265,0.000000
7271,0.000000
7273,0.000000
7275,0.000000
7277,0.000000
7279,0.000000
7289,0.000000
7291,0.000000
7292,0.000000
7293,0.000000
7294,0.000000
7304,0.000000
7305,0.000000
7311,0.000000
7320,0.000000
7327,0.000000
7331,0.000000
7341,0.000000
7344,0.000000
7349,0.000000
7365,0.000000
7376,0.000000
7377,0.000000
7383,0.000000
7387,0.000000
7389,0.000000
7397,0.000000
7406,0.000000
7413,0.000000
7415,0.000000
7428,0.000000
7433,0.000000
7435,0.000000
7437,0.000000
7445,0.000000
7454,0.000000
7460,0.000000
7466,0.000000
7467,0.000000
7485,0.000000
7490,0.000000
7494,0.000000
7496,0.000000
7497,0.000000
7503,0.000000
7505,0.000000
7507,0.000000
7508,0.000000
7517,0.000000
7518,0.000000
7521,0.000000
7523,0.000000
7530,0.000000
7534,0.000000
7535,0.000000
7539,0.000000
7543,0.000000
7549,0.000000
7550,0.000000
7553,0.000000
7555,0.000000
7562,0.000000
7565,0.000000
7566,0.000000
7571,0.000000
7575,0.000000
7580,0.000000
7594,0.000000
7600,0.000000
7604,0.000000
7605,0.000000
7609,0.000000
7611,0.000000
7617,0.000000
7623,0.000000
7629,0.000000
7631,0.000000
7640,0.000000
7642,0.000000
7645,0.000000
7650,0.000000
7651,0.000000
7659,0.000000
7662,0.000000
7663,0.000000
7668,0.000000
7675,0.000000
7677,0.000000
7683,0.000000
7693,0.000000
7700,0.000000
7709,0.000000
7711,0.000000
7717,0.000000
7722,0.000000
7736,0.000000
7737,0.000000
7740,0.000000
7749,0.000000
7757,0.000000
7758,0.000000
7761,0.000000
7764,0.000000
7768,0.000000
7769,0.000000
7772,0.000000
7773,0.000000
7777,0.000000
7782,0.000000
7785,0.000000
7790,0.000000
7796,0.000000
7799,0.000000
7809,0.000000
7810,0.000000
7820,0.000000
7824,0.000000
7834,0.000000
7840,0.000000
7841,0.000000
7852,0.000000
7856,0.000000
7859,0.000000
7865,0.000000
7869,0.000000
7870,0.000000
7879,0.000000
7882,0.000000
7886,0.000000
7890,0.000000
7896,0.000000
7904,0.000000
7910,0.000000
7914,0.000000
7917,0.000000
7922,0.000000
7923,0.000000
7924,0.000000
7928,0.000000
7942,0.000000
7943,0.000000
7960,0.000000
7964,0.000000
7968,0.000000
7979,0.000000
7987,0.000000
7993,0.000000
7997,0.000000
7999,0.000000
8007,0.000000
8008,0.000000
8009,0.000000
8017,0.000000
8019,0.000000
8026,0.000000
8031,0.000000
8033,0.000000
8034,0.000000
8043,0.000000
8044,0.000000
8045,0.000000
8048,0.000000
8050,0.000000
8051,0.000000
8054,0.000000
8056,0.000000
8064,0.000000
8068,0.000000
8073,0.000000
8080,0.000000
8081,0.000000
8082,0.000000
8083,0.000000
8089,0.000000
8092,0.000000
8096,0.000000
8101,0.000000
8105,0.000000
8111,0.000000
8114,0.000000
8125,0.000000
8127,0.000000
8130,0.000000
8134,0.000000
8144,0.000000
8150,0.000000
8151,0.000000
8160,0.000000
8163,0.000000
8166,0.000000
8175,0.000000
8178,0.000000
8183,0.000000
8185,0.000000
8186,0.000000
8187,0.000000
8190,0.000000
8191,0.000000
8193,0.000000
8197,0.000000
8198,0.000000
8210,0.000000
8215,0.000000
8219,0.000000
8220,0.000000
8221,0.000000
8222,0.000000
8230,0.000000
8234,0.000000
8235,0.000000
8237,0.000000
8240,0.000000
8241,0.000000
8249,0.000000
8254,0.000000
8257,0.000000
8258,0.000000
8264,0.000000
8267,0.000000
8268,0.000000
8273,0.000000
8280,0.000000
8283,0.000000
8286,0.000000
8287,0.000000
8295,0.000000
8298,0.000000
8302,0.000000
8304,0.000000
8308,0.000000
8314,0.000000
8320,0.000000
8324,0.000000
8328,0.000000
8329,0.000000
8330,0.000000
8332,0.000000
8337,0.000000
8338,0.000000
8342,0.000000
8343,0.000000
8347,0.000000
8359,0.000000
8371,0.000000
8373,0.000000
8375,0.000000
8376,0.000000
8381,0.000000
8388,0.000000
8391,0.000000
8395,0.000000
8396,0.000000
8398,0.000000
8400,0.000000
8402,0.000000
8405,0.000000
8407,0.000000
8414,0.000000
8415,0.000000
8425,0.000000
8426,0.000000
8433,0.000000
8436,0.000000
8437,0.000000
8444,0.000000
8446,0.000000
8448,0.000000
8453,0.000000
8457,0.000000
8463,0.000000
8466,0.000000
8467,0.000000
8469,0.000000
8475,0.000000
8479,0.000000
8481,0.000000
8491,0.000000
8496,0.000000
8499,0.000000
8500,0.000000
8512,0.000000
8520,0.000000
8522,0.000000
8530,0.000000
8541,0.000000
8545,0.000000
8547,0.000000
8551,0.000000
8566,0.000000
8567,0.000000
8568,0.000000
8569,0.000000
8573,0.000000
8575,0.000000
8581,0.000000
8583,0.000000
8587,0.000000
8590,0.000000
8592,0.000000
8597,0.000000
8599,0.000000
8602,0.000000
8606,0.000000
8610,0.000000
8624,0.000000
8625,0.000000
8629,0.000000
8636,0.000000
8640,0.000000
8642,0.000000
8643,0.000000
8644,0.000000
8650,0.000000
8663,0.000000
8668,0.000000
8671,0.000000
8675,0.000000
8677,0.000000
8678,0.000000
8687,0.000000
8690,0.000000
8692,0.000000
8693,0.000000
8701,0.000000
8708,0.000000
8712,0.000000
8714,0.000000
8715,0.000000
8721,0.000000
8726,0.000000
8727,0.000000
8740,0.000000
8743,0.000000
8745,0.000000
8747,0.000000
8750,0.000000
8753,0.000000
8754,0.000000
8765,0.000000
8778,0.000000
8779,0.000000
8780,0.000000
8787,0.000000
8791,0.000000
8794,0.000000
8807,0.000000
8808,0.000000
8810,0.000000
8814,0.000000
8823,0.000000
8824,0.000000
8829,0.000000
8830,0.000000
8838,0.000000
8843,0.000000
8845,0.000000
8846,0.000000
8847,0.000000
8850,0.000000
8852,0.000000
8854,0.000000
8863,0.000000
8866,0.000000
8867,0.000000
8868,0.000000
8874,0.000000
8877,0.000000
8879,0.000000
8888,0.000000
8891,0.000000
8896,0.000000
8905,0.000000
8906,0.000000
8907,0.000000
8910,0.000000
8914,0.000000
8917,0.000000
8920,0.000000
8921,0.000000
8922,0.000000
8928,0.000000
8932,0.000000
8933,0.000000
8935,0.000000
8936,0.000000
8940,0.000000
8950,0.000000
8952,0.000000
8953,0.000000
8954,0.000000
8961,0.000000
8969,0.000000
8971,0.000000
8972,0.000000
8976,0.000000
8977,0.000000
8979,0.000000
8983,0.000000
8984,0.000000
8988,0.000000
8989,0.000000
8997,0.000000
9003,0.000000
9006,0.000000
9013,0.000000
9015,0.000000
9016,0.000000
9018,0.000000
9023,0.000000
9027,0.000000
9030,0.000000
9035,0.000000
9044,0.000000
9046,0.000000
9048,0.000000
9050,0.000000
9052,0.000000
9054,0.000000
9059,0.000000
9062,0.000000
9069,0.000000
9071,0.000000
9073,0.000000
9079,0.000000
9082,0.000000
9084,0.000000
9090,0.000000
9092,0.000000
9104,0.000000
9108,0.000000
9111,0.000000
9119,0.000000
9126,0.000000
9131,0.000000
9132,0.000000
9134,0.000000
9136,0.000000
9139,0.000000
9145,0.000000
9146,0.000000
9152,0.000000
9157,0.000000
9158,0.000000
9159,0.000000
9163,0.000000
9164,0.000000
9165,0.000000
9168,0.000000
9171,0.000000
9177,0.000000
9182,0.000000
9184,0.000000
9189,0.000000
9193,0.000000
9202,0.000000
9216,0.000000
9217,0.000000
9220,0.000000
9227,0.000000
9229,0.000000
9230,0.000000
9231,0.000000
9245,0.000000
9250,0.000000
9251,0.000000
9254,0.000000
9257,0.000000
9258,0.000000
9259,0.000000
9261,0.000000
9263,0.000000
9267,0.000000
9271,0.000000
9282,0.000000
9286,0.000000
9290,0.000000
9291,0.000000
9294,0.000000
9302,0.000000
9305,0.000000
9306,0.000000
9309,0.000000
9311,0.000000
9316,0.000000
9318,0.000000
9322,0.000000
9328,0.000000
9333,0.000000
9336,0.000000
9339,0.000000
9343,0.000000
9349,0.000000
9350,0.000000
9351,0.000000
9352,0.000000
9356,0.000000
9361,0.000000
9364,0.000000
9366,0.000000
9373,0.000000
9374,0.000000
9375,0.000000
9376,0.000000
9378,0.000000
9379,0.000000
9384,0.000000
9395,0.000000
9396,0.000000
9400,0.000000
9405,0.000000
9406,0.000000
9413,0.000000
9416,0.000000
9417,0.000000
9420,0.000000
9423,0.000000
9426,0.000000
9432,0.000000
9433,0.000000
9438,0.000000
9443,0.000000
9444,0.000000
9449,0.000000
9452,0.000000
9457,0.000000
9461,0.000000
9468,0.000000
9469,0.000000
9472,0.000000
9474,0.000000
9482,0.000000
9483,0.000000
9488,0.000000
9489,0.000000
9491,0.000000
9495,0.000000
9496,0.000000
9504,0.000000
9506,0.000000
9514,0.000000
9520,0.000000
9521,0.000000
9525,0.000000
9526,0.000000
9536,0.000000
9538,0.000000
9541,0.000000
9546,0.000000
9547,0.000000
9558,0.000000
9563,0.000000
9565,0.000000
9566,0.000000
9567,0.000000
9571,0.000000
9572,0.000000
9579,0.000000
9587,0.000000
9589,0.000000
9591,0.000000
9596,0.000000
9597,0.000000
9600,0.000000
9605,0.000000
9608,0.000000
9612,0.000000
9616,0.000000
9619,0.000000
9625,0.000000
9632,0.000000
9633,0.000000
9636,0.000000
9642,0.000000
9651,0.000000
9659,0.000000
9663,0.000000
9664,0.000000
9669,0.000000
9672,0.000000
9674,0.000000
9679,0.000000
9680,0.000000
9683,0.000000
9689,0.000000
9693,0.000000
9694,0.000000
9695,0.000000
9698,0.000000
9706,0.000000
9708,0.000000
9713,0.000000
9714,0.000000
9717,0.000000
9724,0.000000
9727,0.000000
9728,0.000000
9737,0.000000
9740,0.000000
9741,0.000000
9744,0.000000
9751,0.000000
9755,0.000000
9762,0.000000
9765,0.000000
9768,0.000000
9779,0.000000
9780,0.000000
9792,0.000000
9793,0.000000
9795,0.000000
9798,0.000000
9800,0.000000
9804,0.000000
9806,0.000000
9810,0.000000
9813,0.000000
9815,0.000000
9816,0.000000
9817,0.000000
9819,0.000000
9821,0.000000
9825,0.000000
9826,0.000000
9829,0.000000
9831,0.000000
9835,0.000000
9842,0.000000
9847,0.000000
9849,0.000000
9850,0.000000
9851,0.000000
9858,0.000000
9865,0.000000
9866,0.000000
9868,0.000000
9869,0.000000
9871,0.000000
9872,0.000000
9875,0.000000
9877,0.000000
9882,0.000000
9883,0.000000
9886,0.000000
9887,0.000000
9894,0.000000
9895,0.000000
9901,0.000000
9902,0.000000
9904,0.000000
9911,0.000000
9914,0.000000
9930,0.000000
9931,0.000000
9933,0.000000
9935,0.000000
9939,0.000000
9940,0.000000
9941,0.000000
9942,0.000000
9946,0.000000
9948,0.000000
9950,0.000000
9954,0.000000
9956,0.000000
9966,0.000000
9968,0.000000
9975,0.000000
9979,0.000000
9990,0.000000
9996,0.000000
10001,0.000000
10002,0.000000
10005,0.000000
10009,0.000000
10014,0.000000
10017,0.000000
10019,0.000000
10022,0.000000
10024,0.000000
10028,0.000000
10035,0.000000
10038,0.000000
10040,0.000000
10043,0.000000
10045,0.000000
10049,0.000000
10052,0.000000
10053,0.000000
10054,0.000000
10056,0.000000
10058,0.000000
10064,0.000000
10066,0.000000
10071,0.000000
10075,0.000000
10076,0.000000
10080,0.000000
10082,0.000000
10086,0.000000
10091,0.000000
10098,0.000000
10101,0.000000
10102,0.000000
10103,0.000000
10104,0.000000
10109,0.000000
10111,0.000000
10116,0.000000
10118,0.000000
10131,0.000000
10132,0.000000
10133,0.000000
10134,0.000000
10138,0.000000
10142,0.000000
10145,0.000000
10149,0.000000
10153,0.000000
10164,0.000000
10169,0.000000
10171,0.000000
10180,0.000000
10187,0.000000
10191,0.000000
10195,0.000000
10197,0.000000
10205,0.000000
10208,0.000000
10209,0.000000
10213,0.000000
10222,0.000000
10227,0.000000
10229,0.000000
10230,0.000000
10237,0.000000
10238,0.000000
10239,0.000000
10246,0.000000
10247,0.000000
10251,0.000000
10253,0.000000
10263,0.000000
10265,0.000000
10272,0.000000
10274,0.000000
10276,0.000000
10278,0.000000
10279,0.000000
10286,0.000000
10289,0.000000
10294,0.000000
10295,0.000000
10298,0.000000
10301,0.000000
10302,0.000000
10307,0.000000
10314,0.000000
10315,0.000000
10317,0.000000
10323,0.000000
10328,0.000000
10331,0.000000
10333,0.000000
10335,0.000000
10338,0.000000
10339,0.000000
10341,0.000000
10342,0.000000
10344,0.000000
10346,0.000000
10348,0.000000
10349,0.000000
10350,0.000000
10353,0.000000
10358,0.000000
10359,0.000000
10360,0.000000
10367,0.000000
10373,0.000000
10377,0.000000
10378,0.000000
10379,0.000000
10382,0.000000
10384,0.000000
10391,0.000000
10395,0.000000
10399,0.000000
10401,0.000000
10404,0.000000
10414,0.000000
10416,0.000000
10432,0.000000
10434,0.000000
10436,0.000000
10438,0.000000
10443,0.000000
10444,0.000000
10445,0.000000
10447,0.000000
10452,0.000000
10454,0.000000
10461,0.000000
10463,0.000000
10465,0.000000
10472,0.000000
10473,0.000000
10474,0.000000
10477,0.000000
10479,0.000000
10480,0.000000
10483,0.000000
10484,0.000000
10486,0.000000
10488,0.000000
10489,0.000000
10490,0.000000
10492,0.000000
10495,0.000000
10500,0.000000
10505,0.000000
10508,0.000000
10509,0.000000
10520,0.000000
10522,0.000000
10523,0.000000
10526,0.000000
10528,0.000000
10531,0.000000
10533,0.000000
10537,0.000000
10539,0.000000
10540,0.000000
10541,0.000000
10545,0.000000
10546,0.000000
10548,0.000000
10550,0.000000
10551,0.000000
10553,0.000000
10554,0.000000
10560,0.000000
10561,0.000000
10568,0.000000
10570,0.000000
10574,0.000000
10576,0.000000
10579,0.000000
10581,0.000000
10586,0.000000
10587,0.000000
10592,0.000000
10598,0.000000
10600,0.000000
10609,0.000000
10610,0.000000
10615,0.000000
10618,0.000000
10620,0.000000
10622,0.000000
10627,0.000000
10629,0.000000
10638,0.000000
10639,0.000000
10640,0.000000
10641,0.000000
10645,0.000000
10646,0.000000
10651,0.000000
10653,0.000000
10657,0.000000
10666,0.000000
10668,0.000000
10679,0.000000
10683,0.000000
10684,0.000000
10690,0.000000
10692,0.000000
10695,0.000000
10698,0.000000
10699,0.000000
10700,0.000000
10701,0.000000
10706,0.000000
10714,0.000000
10718,0.000000
10719,0.000000
10723,0.000000
10727,0.000000
10735,0.000000
10738,0.000000
10739,0.000000
10744,0.000000
10750,0.000000
10753,0.000000
10754,0.000000
10758,0.000000
10769,0.000000
10774,0.000000
10775,0.000000
10779,0.000000
10782,0.000000
10784,0.000000
10786,0.000000
10790,0.000000
10797,0.000000
10799,0.000000
10802,0.000000
10803,0.000000
10805,0.000000
10811,0.000000
10812,0.000000
10814,0.000000
10819,0.000000
10828,0.000000
10830,0.000000
10842,0.000000
10855,0.000000
10859,0.000000
10864,0.000000
10865,0.000000
10872,0.000000
10873,0.000000
10874,0.000000
10883,0.000000
10884,0.000000
10892,0.000000
10894,0.000000
10897,0.000000
10911,0.000000
10913,0.000000
10914,0.000000
10920,0.000000
10926,0.000000
10927,0.000000
10932,0.000000
10935,0.000000
10941,0.000000
10950,0.000000
10952,0.000000
10955,0.000000
10957,0.000000
10958,0.000000
10961,0.000000
10963,0.000000
10964,0.000000
10966,0.000000
10969,0.000000
10971,0.000000
10973,0.000000
10974,0.000000
10975,0.000000
10989,0.000000
10991,0.000000
10995,0.000000
10996,0.000000
11008,0.000000
11009,0.000000
11013,0.000000
11020,0.000000
11021,0.000000
11024,0.000000
11028,0.000000
11029,0.000000
11030,0.000000
11032,0.000000
11033,0.000000
11038,0.000000
11040,0.000000
11041,0.000000
11044,0.000000
11049,0.000000
11059,0.000000
11065,0.000000
11072,0.000000
11075,0.000000
11079,0.000000
11081,0.000000
11082,0.000000
11084,0.000000
11085,0.000000
11087,0.000000
11089,0.000000
11092,0.000000
11093,0.000000
11097,0.000000
11101,0.000000
11104,0.000000
11108,0.000000
11113,0.000000
11115,0.000000
11117,0.000000
11122,0.000000
11124,0.000000
11129,0.000000
11135,0.000000
11142,0.000000
11147,0.000000
11149,0.000000
11150,0.000000
11151,0.000000
11153,0.000000
11154,0.000000
11155,0.000000
11162,0.000000
11167,0.000000
11168,0.000000
11170,0.000000
11181,0.000000
11183,0.000000
11186,0.000000
11190,0.000000
11193,0.000000
11195,0.000000
11202,0.000000
11205,0.000000
11208,0.000000
11211,0.000000
11216,0.000000
11217,0.000000
11228,0.000000
11230,0.000000
11240,0.000000
11241,0.000000
11243,0.000000
11244,0.000000
11252,0.000000
11258,0.000000
11259,0.000000
11263,0.000000
11265,0.000000
11266,0.000000
11267,0.000000
11275,0.000000
11277,0.000000
11278,0.000000
11280,0.000000
11283,0.000000
11288,0.000000
11290,0.000000
11293,0.000000
11299,0.000000
11304,0.000000
11306,0.000000
11315,0.000000
11333,0.000000
11338,0.000000
11347,0.000000
11352,0.000000
11353,0.000000
11360,0.000000
11361,0.000000
11367,0.000000
11369,0.000000
11377,0.000000
11391,0.000000
11394,0.000000
11397,0.000000
11399,0.000000
11400,0.000000
11401,0.000000
11404,0.000000
11405,0.000000
11407,0.000000
11409,0.000000
11414,0.000000
11424,0.000000
11429,0.000000
11430,0.000000
11434,0.000000
11435,0.000000
11438,0.000000
11441,0.000000
11443,0.000000
11444,0.000000
11446,0.000000
11447,0.000000
11449,0.000000
11456,0.000000
11458,0.000000
11459,0.000000
11469,0.000000
11473,0.000000
11476,0.000000
11478,0.000000
11484,0.000000
11485,0.000000
11495,0.000000
11496,0.000000
11498,0.000000
11505,0.000000
11506,0.000000
11510,0.000000
11512,0.000000
11519,0.000000
11523,0.000000
11529,0.000000
11538,0.000000
11543,0.000000
11547,0.000000
11548,0.000000
11550,0.000000
11551,0.000000
11552,0.000000
11557,0.000000
11558,0.000000
11561,0.000000
11567,0.000000
11569,0.000000
11572,0.000000
11579,0.000000
11582,0.000000
11586,0.000000
11588,0.000000
11591,0.000000
11599,0.000000
11603,0.000000
11604,0.000000
11605,0.000000
11607,0.000000
11615,0.000000
11618,0.000000
11624,0.000000
11625,0.000000
11628,0.000000
11629,0.000000
11633,0.000000
11634,0.000000
11640,0.000000
11645,0.000000
11651,0.000000
11657,0.000000
11659,0.000000
11663,0.000000
11664,0.000000
11666,0.000000
11667,0.000000
11669,0.000000
11671,0.000000
11675,0.000000
11679,0.000000
11682,0.000000
11683,0.000000
11686,0.000000
11689,0.000000
11696,0.000000
11703,0.000000
11707,0.000000
11711,0.000000
11712,0.000000
11714,0.000000
11718,0.000000
11725,0.000000
11727,0.000000
11733,0.000000
11734,0.000000
11742,0.000000
11745,0.000000
11758,0.000000
11764,0.000000
11768,0.000000
11773,0.000000
11774,0.000000
11776,0.000000
11782,0.000000
11785,0.000000
11794,0.000000
11800,0.000000
11801,0.000000
11803,0.000000
11810,0.000000
11816,0.000000
11817,0.000000
11819,0.000000
11821,0.000000
11824,0.000000
11830,0.000000
11833,0.000000
11836,0.000000
11838,0.000000
11845,0.000000
11855,0.000000
11858,0.000000
11865,0.000000
11866,0.000000
11867,0.000000
11871,0.000000
11874,0.000000
11877,0.000000
11881,0.000000
11882,0.000000
11883,0.000000
11884,0.000000
11885,0.000000
11886,0.000000
11888,0.000000
11889,0.000000
11894,0.000000
11896,0.000000
11898,0.000000
11901,0.000000
11905,0.000000
11910,0.000000
11912,0.000000
11913,0.000000
11916,0.000000
11921,0.000000
11922,0.000000
11925,0.000000
11927,0.000000
11934,0.000000
11938,0.000000
11941,0.000000
11942,0.000000
11945,0.000000
11948,0.000000
11958,0.000000
11965,0.000000
11969,0.000000
11974,0.000000
11975,0.000000
11977,0.000000
11979,0.000000
11980,0.000000
11983,0.000000
11996,0.000000
12008,0.000000
12011,0.000000
12012,0.000000
12013,0.000000
12014,0.000000
12017,0.000000
12018,0.000000
12026,0.000000
12028,0.000000
12033,0.000000
12037,0.000000
12044,0.000000
12045,0.000000
12049,0.000000
12050,0.000000
12054,0.000000
12060,0.000000
12063,0.000000
12069,0.000000
12072,0.000000
12081,0.000000
12082,0.000000
12083,0.000000
12084,0.000000
12085,0.000000
12090,0.000000
12094,0.000000
12100,0.000000
12104,0.000000
12107,0.000000
12108,0.000000
12109,0.000000
12122,0.000000
12129,0.000000
12133,0.000000
12139,0.000000
12140,0.000000
12144,0.000000
12150,0.000000
12154,0.000000
12155,0.000000
12156,0.000000
12161,0.000000
12162,0.000000
12170,0.000000
12178,0.000000
12181,0.000000
12190,0.000000
12195,0.000000
12200,0.000000
12203,0.000000
12208,0.000000
12220,0.000000
12223,0.000000
12224,0.000000
12229,0.000000
12238,0.000000
12240,0.000000
12245,0.000000
12248,0.000000
12252,0.000000
12255,0.000000
12256,0.000000
12257,0.000000
12265,0.000000
12269,0.000000
12270,0.000000
12274,0.000000
12276,0.000000
12282,0.000000
12293,0.000000
12300,0.000000
12306,0.000000
12314,0.000000
12317,0.000000
12322,0.000000
12327,0.000000
12332,0.000000
12333,0.000000
12335,0.000000
12340,0.000000
12348,0.000000
12351,0.000000
12357,0.000000
12360,0.000000
12365,0.000000
12366,0.000000
12370,0.000000
12371,0.000000
12376,0.000000
12379,0.000000
12387,0.000000
12389,0.000000
12390,0.000000
12395,0.000000
12396,0.000000
12397,0.000000
12407,0.000000
12413,0.000000
12417,0.000000
12425,0.000000
12429,0.000000
12432,0.000000
12435,0.000000
12436,0.000000
12442,0.000000
12445,0.000000
12448,0.000000
12451,0.000000
12452,0.000000
12459,0.000000
12460,0.000000
12467,0.000000
12472,0.000000
12476,0.000000
12481,0.000000
12482,0.000000
12483,0.000000
12487,0.000000
12488,0.000000
12492,0.000000
12495,0.000000
12496,0.000000
12499,0.000000
12507,0.000000
12512,0.000000
12521,0.000000
12525,0.000000
12526,0.000000
12528,0.000000
12530,0.000000
12534,0.000000
12535,0.000000
12536,0.000000
12538,0.000000
12543,0.000000
12544,0.000000
12550,0.000000
12561,0.000000
12563,0.000000
12565,0.000000
12569,0.000000
12574,0.000000
12576,0.000000
12580,0.000000
12583,0.000000
12587,0.000000
12589,0.000000
12590,0.000000
12594,0.000000
12601,0.000000
12602,0.000000
12604,0.000000
12609,0.000000
12611,0.000000
12615,0.000000
12616,0.000000
12619,0.000000
12623,0.000000
12625,0.000000
12628,0.000000
12630,0.000000
12631,0.000000
12633,0.000000
12638,0.000000
12639,0.000000
12640,0.000000
12642,0.000000
12645,0.000000
12649,0.000000
12656,0.000000
12666,0.000000
12667,0.000000
12669,0.000000
12670,0.000000
12671,0.000000
12678,0.000000
12683,0.000000
12688,0.000000
12694,0.000000
12695,0.000000
12698,0.000000
12699,0.000000
12702,0.000000
12705,0.000000
12706,0.000000
12708,0.000000
12711,0.000000
12714,0.000000
12718,0.000000
12725,0.000000
12729,0.000000
12733,0.000000
12736,0.000000
12742,0.000000
12743,0.000000
12744,0.000000
12750,0.000000
12751,0.000000
12764,0.000000
12767,0.000000
12768,0.000000
12770,0.000000
12777,0.000000
12780,0.000000
12783,0.000000
12784,0.000000
12788,0.000000
12793,0.000000
12798,0.000000
12802,0.000000
12807,0.000000
12809,0.000000
12812,0.000000
12813,0.000000
12818,0.000000
12819,0.000000
12824,0.000000
12825,0.000000
12831,0.000000
12833,0.000000
12834,0.000000
12841,0.000000
12846,0.000000
12848,0.000000
12850,0.000000
12864,0.000000
12867,0.000000
12873,0.000000
12878,0.000000
12880,0.000000
12883,0.000000
12884,0.000000
12885,0.000000
12888,0.000000
12891,0.000000
12893,0.000000
12898,0.000000
12899,0.000000
12900,0.000000
12903,0.000000
12906,0.000000
12908,0.000000
12909,0.000000
12910,0.000000
12913,0.000000
12927,0.000000
12935,0.000000
12936,0.000000
12937,0.000000
12938,0.000000
12943,0.000000
12945,0.000000
12950,0.000000
12955,0.000000
12956,0.000000
12961,0.000000
12963,0.000000
12964,0.000000
12968,0.000000
12976,0.000000
12978,0.000000
12982,0.000000
12996,0.000000
12998,0.000000
12999,0.000000
13000,0.000000
13002,0.000000
13008,0.000000
13011,0.000000
13016,0.000000
13018,0.000000
13022,0.000000
13027,0.000000
13034,0.000000
13042,0.000000
13045,0.000000
13046,0.000000
13047,0.000000
13050,0.000000
13060,0.000000
13061,0.000000
13064,0.000000
13066,0.000000
13068,0.000000
13073,0.000000
13077,0.000000
13086,0.000000
13088,0.000000
13089,0.000000
13091,0.000000
13095,0.000000
13097,0.000000
13103,0.000000
13106,0.000000
13111,0.000000
13112,0.000000
13114,0.000000
13117,0.000000
13118,0.000000
13122,0.000000
13123,0.000000
13125,0.000000
13131,0.000000
13133,0.000000
13139,0.000000
13140,0.000000
13142,0.000000
13145,0.000000
13149,0.000000
13157,0.000000
13158,0.000000
13159,0.000000
13160,0.000000
13162,0.000000
13165,0.000000
13166,0.000000
13167,0.000000
13171,0.000000
13172,0.000000
13176,0.000000
13181,0.000000
13187,0.000000
13193,0.000000
13196,0.000000
13198,0.000000
13204,0.000000
13206,0.000000
13210,0.000000
13216,0.000000
13217,0.000000
13218,0.000000
13222,0.000000
13224,0.000000
13228,0.000000
13230,0.000000
13242,0.000000
13248,0.000000
13253,0.000000
13255,0.000000
13259,0.000000
13261,0.000000
13265,0.000000
13266,0.000000
13268,0.000000
13272,0.000000
13273,0.000000
13274,0.000000
13275,0.000000
13277,0.000000
13278,0.000000
13280,0.000000
13284,0.000000
13285,0.000000
13290,0.000000
13293,0.000000
13296,0.000000
13297,0.000000
13298,0.000000
13299,0.000000
13300,0.000000
13302,0.000000
13310,0.000000
13316,0.000000
13321,0.000000
13326,0.000000
13327,0.000000
13329,0.000000
13333,0.000000
13337,0.000000
13345,0.000000
13348,0.000000
13350,0.000000
13353,0.000000
13357,0.000000
13358,0.000000
13360,0.000000
13361,0.000000
13363,0.000000
13365,0.000000
13368,0.000000
13372,0.000000
13378,0.000000
13381,0.000000
13387,0.000000
13388,0.000000
13390,0.000000
13391,0.000000
13393,0.000000
13394,0.000000
13399,0.000000
13400,0.000000
13407,0.000000
13408,0.000000
13410,0.000000
13417,0.000000
13418,0.000000
13425,0.000000
13429,0.000000
13442,0.000000
13447,0.000000
13448,0.000000
13455,0.000000
13465,0.000000
13468,0.000000
13470,0.000000
13475,0.000000
13477,0.000000
13479,0.000000
13480,0.000000
13486,0.000000
13490,0.000000
13493,0.000000
13494,0.000000
13495,0.000000
13497,0.000000
13501,0.000000
13502,0.000000
13507,0.000000
13515,0.000000
13516,0.000000
13520,0.000000
13521,0.000000
13522,0.000000
13523,0.000000
13526,0.000000
13527,0.000000
13532,0.000000
13535,0.000000
13539,0.000000
13541,0.000000
13544,0.000000
13546,0.000000
13547,0.000000
13555,0.000000
13561,0.000000
13563,0.000000
13564,0.000000
13568,0.000000
13573,0.000000
13576,0.000000
13583,0.000000
13585,0.000000
13587,0.000000
13594,0.000000
13595,0.000000
13596,0.000000
13599,0.000000
13604,0.000000
13606,0.000000
13607,0.000000
13612,0.000000
13613,0.000000
13627,0.000000
13628,0.000000
13630,0.000000
13637,0.000000
13638,0.000000
13641,0.000000
13644,0.000000
13648,0.000000
13656,0.000000
13659,0.000000
13660,0.000000
13663,0.000000
13665,0.000000
13670,0.000000
13672,0.000000
13673,0.000000
13679,0.000000
13681,0.000000
13686,0.000000
13689,0.000000
13691,0.000000
13695,0.000000
13699,0.000000
13701,0.000000
13705,0.000000
13712,0.000000
13717,0.000000
13719,0.000000
13720,0.000000
13723,0.000000
13727,0.000000
13736,0.000000
13737,0.000000
13738,0.000000
13739,0.000000
13741,0.000000
13743,0.000000
13745,0.000000
13751,0.000000
13753,0.000000
13755,0.000000
13761,0.000000
13762,0.000000
13765,0.000000
13767,0.000000
13769,0.000000
13773,0.000000
13774,0.000000
13777,0.000000
13780,0.000000
13783,0.000000
13784,0.000000
13786,0.000000
13787,0.000000
13790,0.000000
13791,0.000000
13793,0.000000
13798,0.000000
13799,0.000000
13804,0.000000
13805,0.000000
13809,0.000000
13813,0.000000
13818,0.000000
13819,0.000000
13829,0.000000
13834,0.000000
13835,0.000000
13838,0.000000
13840,0.000000
13842,0.000000
13846,0.000000
13847,0.000000
13850,0.000000
13852,0.000000
13861,0.000000
13862,0.000000
13864,0.000000
13865,0.000000
13871,0.000000
13872,0.000000
13877,0.000000
13880,0.000000
13883,0.000000
13889,0.000000
13891,0.000000
13892,0.000000
13895,0.000000
13897,0.000000
13901,0.000000
13903,0.000000
13907,0.000000
13908,0.000000
13909,0.000000
13912,0.000000
13913,0.000000
13916,0.000000
13921,0.000000
13924,0.000000
13928,0.000000
13930,0.000000
13932,0.000000
13943,0.000000
13946,0.000000
13947,0.000000
13951,0.000000
13955,0.000000
13957,0.000000
13958,0.000000
13959,0.000000
13962,0.000000
13965,0.000000
13966,0.000000
13969,0.000000
13976,0.000000
13977,0.000000
13979,0.000000
13984,0.000000
13992,0.000000
13997,0.000000
14003,0.000000
14005,0.000000
14010,0.000000
14012,0.000000
14016,0.000000
14018,0.000000
14019,0.000000
14022,0.000000
14026,0.000000
14028,0.000000
14029,0.000000
14034,0.000000
14041,0.000000
14046,0.000000
14053,0.000000
14055,0.000000
14066,0.000000
14070,0.000000
14072,0.000000
14075,0.000000
14079,0.000000
14082,0.000000
14088,0.000000
14090,0.000000
14104,0.000000
14106,0.000000
14107,0.000000
14112,0.000000
14115,0.000000
14117,0.000000
14123,0.000000
14127,0.000000
14128,0.000000
14130,0.000000
14132,0.000000
14138,0.000000
14139,0.000000
14146,0.000000
14153,0.000000
14155,0.000000
14156,0.000000
14158,0.000000
14160,0.000000
14161,0.000000
14166,0.000000
14168,0.000000
14172,0.000000
14177,0.000000
14180,0.000000
14183,0.000000
14193,0.000000
14194,0.000000
14200,0.000000
14201,0.000000
14205,0.000000
14206,0.000000
14207,0.000000
14211,0.000000
14218,0.000000
14220,0.000000
14221,0.000000
14224,0.000000
14227,0.000000
14230,0.000000
14231,0.000000
14233,0.000000
14236,0.000000
14243,0.000000
14244,0.000000
14245,0.000000
14246,0.000000
14247,0.000000
14249,0.000000
14250,0.000000
14253,0.000000
14258,0.000000
14259,0.000000
14262,0.000000
14268,0.000000
14274,0.000000
14276,0.000000
14283,0.000000
14285,0.000000
14287,0.000000
14289,0.000000
14293,0.000000
14296,0.000000
14300,0.000000
14302,0.000000
14306,0.000000
14309,0.000000
14313,0.000000
14315,0.000000
14318,0.000000
14320,0.000000
14323,0.000000
14332,0.000000
14333,0.000000
14335,0.000000
14339,0.000000
14344,0.000000
14347,0.000000
14351,0.000000
14352,0.000000
14353,0.000000
14355,0.000000
14369,0.000000
14372,0.000000
14373,0.000000
14381,0.000000
14384,0.000000
14386,0.000000
14389,0.000000
14392,0.000000
14394,0.000000
14403,0.000000
14410,0.000000
14411,0.000000
14413,0.000000
14418,0.000000
14421,0.000000
14423,0.000000
14425,0.000000
14426,0.000000
14436,0.000000
14439,0.000000
14440,0.000000
14444,0.000000
14446,0.000000
14449,0.000000
14453,0.000000
14455,0.000000
14456,0.000000
14459,0.000000
14462,0.000000
14463,0.000000
14468,0.000000
14470,0.000000
14472,0.000000
14480,0.000000
14485,0.000000
14487,0.000000
14489,0.000000
14494,0.000000
14496,0.000000
14498,0.000000
14500,0.000000
14501,0.000000
14502,0.000000
14504,0.000000
14506,0.000000
14508,0.000000
14510,0.000000
14511,0.000000
14512,0.000000
14518,0.000000
14521,0.000000
14523,0.000000
14524,0.000000
14526,0.000000
14529,0.000000
14534,0.000000
14538,0.000000
14539,0.000000
14544,0.000000
14546,0.000000
14548,0.000000
14553,0.000000
14555,0.000000
14558,0.000000
14565,0.000000
14566,0.000000
14567,0.000000
14570,0.000000
14573,0.000000
14574,0.000000
14578,0.000000
14582,0.000000
14589,0.000000
14591,0.000000
14592,0.000000
14594,0.000000
14595,0.000000
14601,0.000000
14608,0.000000
14613,0.000000
14615,0.000000
14623,0.000000
14624,0.000000
14627,0.000000
14630,0.000000
14633,0.000000
14634,0.000000
14636,0.000000
14644,0.000000
14645,0.000000
14647,0.000000
14648,0.000000
14650,0.000000
14656,0.000000
14659,0.000000
14666,0.000000
14669,0.000000
14672,0.000000
14676,0.000000
14678,0.000000
14681,0.000000
14682,0.000000
14686,0.000000
14687,0.000000
14689,0.000000
14691,0.000000
14696,0.000000
14697,0.000000
14700,0.000000
14703,0.000000
14705,0.000000
14709,0.000000
14712,0.000000
14714,0.000000
14718,0.000000
14719,0.000000
14723,0.000000
14726,0.000000
14727,0.000000
14732,0.000000
14734,0.000000
14738,0.000000
14741,0.000000
14743,0.000000
14754,0.000000
14755,0.000000
14756,0.000000
14759,0.000000
14762,0.000000
14765,0.000000
14770,0.000000
14772,0.000000
14777,0.000000
14781,0.000000
14785,0.000000
14788,0.000000
14795,0.000000
14796,0.000000
14798,0.000000
14800,0.000000
14806,0.000000
14811,0.000000
14812,0.000000
14813,0.000000
14815,0.000000
14824,0.000000
14831,0.000000
14833,0.000000
14837,0.000000
14841,0.000000
14843,0.000000
14849,0.000000
14853,0.000000
14861,0.000000
14862,0.000000
14863,0.000000
14871,0.000000
14876,0.000000
14881,0.000000
14882,0.000000
14884,0.000000
14886,0.000000
14892,0.000000
14896,0.000000
14897,0.000000
14902,0.000000
14903,0.000000
14906,0.000000
14907,0.000000
14908,0.000000
14909,0.000000
14911,0.000000
14916,0.000000
14917,0.000000
14919,0.000000
14921,0.000000
14923,0.000000
14927,0.000000
14928,0.000000
14930,0.000000
14934,0.000000
14935,0.000000
14939,0.000000
14943,0.000000
14946,0.000000
14956,0.000000
14957,0.000000
14962,0.000000
14965,0.000000
14966,0.000000
14967,0.000000
14968,0.000000
