Evaluations,Fitness
1,1564.81
2,1444.21
3,1328.32
30,1314.35
50,1216.39
62,1187.23
72,1025.57
111,999.586
121,971.738
131,960.313
150,921.142
195,914.944
205,911.87
211,905.52
235,875.443
270,858.776
289,814.239
403,811.319
432,802.776
586,776.372
592,706.388
1633,684.188
2787,682.215
3348,670.994
3830,655.168
3867,652.771
4050,647.664
4088,646.903
4831,641.659
5087,639.483
5268,629.232
5371,628.113
5407,605.128
5569,590.78
5725,583.881
5825,583.634
6489,582.521
6508,546.974
7821,522.028
8237,490.809
9011,481.942
9303,453.592
10620,430.228
11112,430.12
11233,417.704
12240,412.242
12254,399.291
12563,396.722
12601,386.657
12869,383.138
12874,382.157
12956,381.858
13030,372.505
13058,369.09
13076,368.981
13082,364.177
13123,351.511
13319,350.734
13352,347.477
13356,342.053
13403,336.234
13574,335.446
13617,334.805
13619,334.474
13623,333.025
13630,327.67
13657,327.358
13697,324.533
13722,322.674
13740,320.612
13785,320.432
13808,320.066
13863,318.361
13927,309.564
14088,307.255
14134,305.128
14296,302.962
14377,301.896
14416,301.063
14506,300.362
14528,300.284
14542,299.546
14543,299.487
14547,296.649
14555,296.204
14581,295.022
14600,295.017
14608,293.085
14614,293.081
14625,292.608
14644,292.223
14648,291.555
14662,291.351
14678,290.377
14687,290.224
14689,290.194
14698,289.69
14712,289.529
14724,289.486
14735,289.081
14739,288.993
14741,288.647
14750,288.569
14752,288.327
14766,288.298
14774,288.237
14782,288.136
14787,287.891
14791,287.743
14798,287.58
14806,287.459
14809,287.07
14813,287
14820,286.994
14827,286.832
14833,286.769
14842,286.432
14859,286.079
14867,285.854
14878,285.642
14885,285.589
14888,285.565
14890,285.561
14892,285.485
14900,285.379
14905,285.246
14906,285.219
14915,285.121
14919,285.028
14927,284.949
14930,284.937
14932,284.922
14934,284.9
14937,284.798
14946,284.789
14947,284.749
14952,284.742
14953,284.738
14954,284.686
14957,284.672
14965,284.666
14967,284.633
14976,284.633
14977,284.633
14978,284.632
