Evaluations,Fitness
1,1.34347e+09
15,9.40478e+08
26,6.66499e+08
101,6.21684e+08
116,5.402e+08
128,3.60712e+08
183,3.23873e+08
211,3.15093e+08
225,2.76414e+08
259,2.43373e+08
262,2.05549e+08
491,2.04314e+08
574,1.77184e+08
585,1.72273e+08
662,1.49821e+08
853,1.3857e+08
1048,1.37534e+08
1159,1.23812e+08
1642,1.05033e+08
1748,9.78165e+07
1780,8.53199e+07
2309,8.34767e+07
2526,8.06344e+07
3437,7.57122e+07
4156,7.34039e+07
5151,7.25069e+07
5741,7.05443e+07
5855,6.8963e+07
7343,6.89123e+07
7359,6.73263e+07
7760,6.70416e+07
7805,6.67369e+07
8262,6.66711e+07
9443,6.5351e+07
10049,6.44798e+07
10222,6.40185e+07
10359,6.39563e+07
10401,6.33614e+07
10542,6.32299e+07
11054,6.29434e+07
11486,6.26734e+07
11581,6.25931e+07
11594,6.22334e+07
11677,6.21804e+07
11886,6.19001e+07
11981,6.17142e+07
12412,6.15211e+07
12446,6.14704e+07
12581,6.12775e+07
12741,6.12629e+07
12857,6.11892e+07
12915,6.10534e+07
12935,6.09506e+07
12947,6.06306e+07
13010,6.0564e+07
13073,6.03725e+07
13105,6.03435e+07
13150,6.03335e+07
13181,6.01962e+07
13223,5.99881e+07
13303,5.98015e+07
13344,5.97656e+07
13359,5.97069e+07
13381,5.95087e+07
13384,5.94331e+07
13430,5.93709e+07
13445,5.92478e+07
13447,5.91296e+07
13463,5.88076e+07
13502,5.87697e+07
13523,5.85969e+07
13566,5.84645e+07
13602,5.84237e+07
13607,5.84227e+07
13615,5.83724e+07
13624,5.79494e+07
13638,5.76817e+07
13649,5.75937e+07
13683,5.73623e+07
13726,5.73557e+07
13741,5.73022e+07
13742,5.72877e+07
13761,5.72755e+07
13797,5.72045e+07
13799,5.71295e+07
13823,5.69741e+07
13836,5.68906e+07
13852,5.67182e+07
13867,5.66142e+07
13868,5.65991e+07
13890,5.65509e+07
13911,5.64799e+07
13919,5.64268e+07
13921,5.63384e+07
13926,5.63275e+07
13976,5.6223e+07
14011,5.62059e+07
14013,5.60886e+07
14032,5.60544e+07
14034,5.59671e+07
14074,5.59288e+07
14081,5.58065e+07
14104,5.56888e+07
14107,5.55393e+07
14118,5.53751e+07
14127,5.52574e+07
14144,5.51971e+07
14185,5.51227e+07
14190,5.51216e+07
14198,5.50188e+07
14205,5.49383e+07
14206,5.49382e+07
14228,5.48606e+07
14249,5.48562e+07
14259,5.47738e+07
14289,5.47615e+07
14292,5.46818e+07
14300,5.45123e+07
14314,5.44591e+07
14320,5.44065e+07
14327,5.43088e+07
14343,5.42796e+07
14371,5.42126e+07
14383,5.41462e+07
14384,5.41033e+07
14388,5.40841e+07
14398,5.3965e+07
14441,5.39566e+07
14444,5.39499e+07
14448,5.3889e+07
14477,5.38675e+07
14481,5.38516e+07
14488,5.38032e+07
14491,5.37795e+07
14501,5.37444e+07
14509,5.37196e+07
14515,5.3669e+07
14523,5.364e+07
14536,5.36231e+07
14538,5.35314e+07
14541,5.35266e+07
14545,5.35069e+07
14547,5.33874e+07
14555,5.33437e+07
14572,5.33126e+07
14576,5.32507e+07
14584,5.32368e+07
14585,5.32022e+07
14590,5.31464e+07
14614,5.30898e+07
14620,5.30727e+07
14623,5.30389e+07
14627,5.30209e+07
14632,5.29709e+07
14640,5.28405e+07
14652,5.27677e+07
14660,5.26712e+07
14677,5.26187e+07
14681,5.26066e+07
14686,5.25853e+07
14687,5.2568e+07
14689,5.25326e+07
14695,5.2496e+07
14696,5.24789e+07
14710,5.24648e+07
14716,5.24116e+07
14720,5.24004e+07
14721,5.23689e+07
14737,5.23556e+07
14742,5.23539e+07
14743,5.23205e+07
14748,5.23026e+07
14753,5.22577e+07
14762,5.22513e+07
14763,5.22226e+07
14769,5.22157e+07
14783,5.21938e+07
14784,5.21429e+07
14790,5.21413e+07
14805,5.21394e+07
14813,5.21187e+07
14814,5.21135e+07
14815,5.21064e+07
14818,5.21063e+07
14819,5.20918e+07
14822,5.20907e+07
14825,5.20725e+07
14830,5.20407e+07
14841,5.19951e+07
14844,5.19917e+07
14847,5.19915e+07
14849,5.19875e+07
14850,5.19857e+07
14854,5.19839e+07
14856,5.19688e+07
14858,5.19619e+07
14859,5.19568e+07
14869,5.19458e+07
14870,5.19437e+07
14874,5.19306e+07
14879,5.19278e+07
14880,5.19131e+07
14883,5.19048e+07
14885,5.1903e+07
14887,5.18963e+07
14891,5.18937e+07
14892,5.18889e+07
14895,5.18766e+07
14907,5.18698e+07
14912,5.18661e+07
14913,5.18504e+07
14920,5.185e+07
14922,5.18487e+07
14923,5.18485e+07
14928,5.18472e+07
14934,5.18442e+07
14935,5.18432e+07
14937,5.18367e+07
14940,5.1834e+07
14942,5.18273e+07
14944,5.18263e+07
14945,5.18249e+07
14946,5.1824e+07
14949,5.18237e+07
14950,5.18215e+07
14956,5.18214e+07
14957,5.18192e+07
14961,5.18142e+07
14962,5.18081e+07
14965,5.18053e+07
14967,5.18036e+07
14971,5.18032e+07
14972,5.1803e+07
14976,5.1803e+07
14978,5.1803e+07
14982,5.1803e+07
14984,5.1803e+07
