Evaluations,Fitness
1,21.120222
3,21.091808
11,21.013564
16,21.011570
37,20.863921
47,20.829446
54,20.737713
76,20.720820
77,20.669119
84,20.513624
114,20.339051
137,20.287235
144,20.272141
154,20.214315
160,19.959555
191,19.704112
197,19.487865
216,19.280596
223,19.090138
232,18.612937
289,17.730584
291,17.551764
292,17.349618
321,16.451979
351,16.434569
353,16.257982
356,15.852899
401,15.748195
412,15.476441
431,15.252291
451,13.195899
511,13.112149
531,12.459948
543,12.419838
585,12.116177
593,11.791962
598,11.408913
626,11.201052
671,10.717538
701,10.482575
707,10.358554
725,10.333523
731,9.870875
734,9.854516
739,9.684333
743,9.334104
757,9.182514
768,8.472729
816,8.207770
819,7.659526
831,7.526607
834,7.336194
846,7.322934
851,7.267254
877,7.101893
894,6.854062
909,6.689718
921,6.539543
924,6.438764
928,6.288493
943,6.083413
951,6.062600
953,5.672688
954,5.346576
977,5.141041
1003,4.951386
1006,4.896464
1019,4.662977
1063,4.525393
1070,4.384603
1093,4.285897
1110,4.133312
1117,4.057110
1124,4.023609
1134,3.724056
1177,3.645628
1178,3.565059
1183,3.506447
1208,3.461368
1213,3.407313
1233,3.334060
1237,3.272931
1240,3.217366
1264,3.172133
1289,3.149348
1290,3.133728
1301,2.893538
1315,2.876654
1317,2.858284
1318,2.654171
1331,2.527390
1358,2.330832
1367,2.294080
1378,2.240629
1382,2.168014
1389,2.166391
1390,2.114938
1412,2.080408
1414,1.891806
1429,1.853274
1453,1.831322
1459,1.733779
1468,1.591242
1482,1.456539
1494,1.451094
1499,1.431653
1512,1.295689
1535,1.282172
1544,1.270018
1545,1.214958
1549,1.060628
1570,0.989752
1575,0.933872
1605,0.826027
1610,0.821245
1637,0.693871
1648,0.650530
1678,0.548346
1681,0.482378
1706,0.405622
1745,0.399216
1758,0.366769
1761,0.349624
1783,0.330307
1788,0.309686
1790,0.289537
1791,0.282513
1814,0.259729
1821,0.252273
1828,0.231123
1851,0.227007
1856,0.218684
1858,0.207643
1874,0.187358
1882,0.176862
1923,0.173977
1926,0.168881
1927,0.161201
1934,0.159757
1939,0.158323
1942,0.156312
1953,0.135681
1964,0.133488
1966,0.116110
1994,0.103820
2008,0.100291
2018,0.098826
2026,0.096641
2027,0.069056
2089,0.060899
2096,0.058291
2097,0.057809
2098,0.057257
2104,0.057035
2117,0.056508
2121,0.048304
2157,0.043101
2163,0.040066
2180,0.039725
2187,0.039399
2192,0.035846
2212,0.034516
2225,0.034069
2246,0.032790
2254,0.032237
2258,0.028287
2262,0.027551
2306,0.026193
2310,0.025612
2311,0.024862
2317,0.024509
2322,0.022848
2327,0.021493
2333,0.020842
2336,0.019352
2363,0.018937
2364,0.017024
2379,0.016484
2381,0.016155
2382,0.014885
2409,0.014251
2413,0.013430
2434,0.013358
2453,0.011609
2471,0.011288
2483,0.011147
2486,0.010310
2497,0.010178
2505,0.009819
2508,0.009808
2512,0.009093
2516,0.008887
2520,0.008284
2543,0.008041
2544,0.007915
2550,0.006645
2556,0.006573
2561,0.005950
2562,0.005559
2582,0.004874
2592,0.004535
2610,0.004251
2614,0.004150
2635,0.004129
2640,0.003763
2665,0.003629
2670,0.003353
2679,0.003222
2704,0.003020
2721,0.002994
2722,0.002891
2739,0.002333
2769,0.002282
2775,0.002236
2776,0.002144
2781,0.002083
2791,0.002074
2795,0.001921
2821,0.001877
2826,0.001768
2856,0.001743
2860,0.001720
2864,0.001602
2865,0.001474
2874,0.001414
2875,0.001375
2905,0.001371
2907,0.001231
2918,0.001185
2948,0.001179
2958,0.001089
2967,0.001078
2968,0.001047
2991,0.000836
3021,0.000796
3036,0.000773
3048,0.000765
3052,0.000710
3062,0.000683
3065,0.000648
3068,0.000602
3078,0.000568
3090,0.000506
3102,0.000489
3108,0.000485
3118,0.000477
3124,0.000473
3132,0.000457
3137,0.000453
3150,0.000447
3152,0.000425
3167,0.000395
3175,0.000389
3180,0.000315
3206,0.000304
3211,0.000260
3218,0.000251
3227,0.000241
3248,0.000228
3254,0.000224
3269,0.000221
3271,0.000217
3276,0.000209
3278,0.000206
3280,0.000194
3284,0.000177
3302,0.000170
3310,0.000170
3314,0.000168
3325,0.000167
3328,0.000166
3339,0.000163
3340,0.000162
3347,0.000161
3355,0.000152
3363,0.000149
3367,0.000139
3371,0.000133
3388,0.000130
3395,0.000129
3396,0.000128
3398,0.000121
3403,0.000117
3413,0.000113
3414,0.000106
3428,0.000105
3446,0.000096
3448,0.000093
3482,0.000087
3496,0.000085
3498,0.000080
3518,0.000076
3519,0.000074
3532,0.000068
3547,0.000068
3554,0.000067
3562,0.000064
3570,0.000064
3573,0.000063
3574,0.000062
3576,0.000059
3583,0.000057
3597,0.000053
3600,0.000050
3603,0.000047
3619,0.000046
3653,0.000045
3658,0.000040
3659,0.000039
3663,0.000036
3664,0.000034
3693,0.000031
3701,0.000030
3706,0.000028
3709,0.000027
3714,0.000026
3715,0.000024
3729,0.000022
3744,0.000022
3759,0.000020
3761,0.000019
3765,0.000019
3772,0.000019
3779,0.000017
3791,0.000016
3802,0.000015
3811,0.000015
3812,0.000015
3817,0.000015
3832,0.000014
3839,0.000014
3843,0.000012
3854,0.000012
3861,0.000010
3882,0.000010
3893,0.000010
3894,0.000009
3896,0.000009
3900,0.000009
3915,0.000009
3919,0.000008
3920,0.000008
3923,0.000008
3930,0.000007
3935,0.000007
3939,0.000007
3960,0.000007
3962,0.000007
3963,0.000006
3975,0.000005
4005,0.000005
4021,0.000005
4029,0.000005
4045,0.000005
4049,0.000004
4052,0.000004
4071,0.000004
4078,0.000004
4079,0.000003
4109,0.000003
4119,0.000003
4126,0.000003
4145,0.000003
4146,0.000003
4147,0.000003
4149,0.000002
4161,0.000002
4180,0.000002
4183,0.000002
4186,0.000002
4190,0.000002
4197,0.000002
4199,0.000002
4200,0.000002
4206,0.000001
4217,0.000001
4220,0.000001
4238,0.000001
4244,0.000001
4250,0.000001
4259,0.000001
4273,0.000001
4281,0.000001
4291,0.000001
4303,0.000001
4304,0.000001
4311,0.000001
4321,0.000001
4325,0.000001
4333,0.000001
4341,0.000001
4349,0.000001
4365,0.000001
4372,0.000000
4376,0.000000
4385,0.000000
4387,0.000000
4397,0.000000
4402,0.000000
4416,0.000000
4417,0.000000
4423,0.000000
4429,0.000000
4430,0.000000
4433,0.000000
4439,0.000000
4446,0.000000
4447,0.000000
4454,0.000000
4459,0.000000
4461,0.000000
4463,0.000000
4466,0.000000
4472,0.000000
4473,0.000000
4476,0.000000
4484,0.000000
4488,0.000000
4490,0.000000
4497,0.000000
4501,0.000000
4503,0.000000
4509,0.000000
4512,0.000000
4520,0.000000
4523,0.000000
4537,0.000000
4544,0.000000
4550,0.000000
4569,0.000000
4584,0.000000
4588,0.000000
4598,0.000000
4607,0.000000
4618,0.000000
4634,0.000000
4648,0.000000
4656,0.000000
4659,0.000000
4672,0.000000
4674,0.000000
4689,0.000000
4700,0.000000
4701,0.000000
4704,0.000000
4708,0.000000
4712,0.000000
4721,0.000000
4728,0.000000
4733,0.000000
4747,0.000000
4759,0.000000
4761,0.000000
4770,0.000000
4789,0.000000
4802,0.000000
4803,0.000000
4805,0.000000
4812,0.000000
4818,0.000000
4819,0.000000
4842,0.000000
4850,0.000000
4865,0.000000
4866,0.000000
4873,0.000000
4875,0.000000
4880,0.000000
4904,0.000000
4910,0.000000
4914,0.000000
4917,0.000000
4932,0.000000
4934,0.000000
4940,0.000000
4951,0.000000
4952,0.000000
4953,0.000000
4965,0.000000
4971,0.000000
4972,0.000000
4978,0.000000
4992,0.000000
4997,0.000000
5000,0.000000
5014,0.000000
5027,0.000000
5031,0.000000
5039,0.000000
5043,0.000000
5047,0.000000
5057,0.000000
5068,0.000000
5073,0.000000
5088,0.000000
5093,0.000000
5096,0.000000
5100,0.000000
5104,0.000000
5107,0.000000
5110,0.000000
5127,0.000000
5128,0.000000
5132,0.000000
5133,0.000000
5136,0.000000
5137,0.000000
5139,0.000000
5143,0.000000
5148,0.000000
5158,0.000000
5162,0.000000
5164,0.000000
5165,0.000000
5178,0.000000
5184,0.000000
5186,0.000000
5201,0.000000
5209,0.000000
5211,0.000000
5217,0.000000
5221,0.000000
5223,0.000000
5232,0.000000
5234,0.000000
5241,0.000000
5256,0.000000
5260,0.000000
5272,0.000000
5286,0.000000
5289,0.000000
5292,0.000000
5298,0.000000
5304,0.000000
5318,0.000000
5323,0.000000
5335,0.000000
5337,0.000000
5356,0.000000
5372,0.000000
5377,0.000000
5386,0.000000
5392,0.000000
5399,0.000000
5405,0.000000
5407,0.000000
5412,0.000000
5421,0.000000
5435,0.000000
5442,0.000000
5443,0.000000
5456,0.000000
5459,0.000000
5460,0.000000
5468,0.000000
5474,0.000000
5491,0.000000
5495,0.000000
5501,0.000000
5502,0.000000
5504,0.000000
5511,0.000000
5513,0.000000
5520,0.000000
5529,0.000000
5536,0.000000
5538,0.000000
5539,0.000000
5540,0.000000
5542,0.000000
5547,0.000000
5558,0.000000
5561,0.000000
5566,0.000000
5567,0.000000
5570,0.000000
5575,0.000000
5585,0.000000
5587,0.000000
5595,0.000000
5599,0.000000
5602,0.000000
5608,0.000000
5611,0.000000
5613,0.000000
5630,0.000000
5632,0.000000
5638,0.000000
5640,0.000000
5647,0.000000
5659,0.000000
5660,0.000000
5682,0.000000
5690,0.000000
5691,0.000000
5693,0.000000
5704,0.000000
5722,0.000000
5723,0.000000
5734,0.000000
5735,0.000000
5742,0.000000
5746,0.000000
5751,0.000000
5764,0.000000
5774,0.000000
5777,0.000000
5789,0.000000
5797,0.000000
5801,0.000000
5806,0.000000
5811,0.000000
5821,0.000000
5832,0.000000
5837,0.000000
5846,0.000000
5850,0.000000
5851,0.000000
5853,0.000000
5856,0.000000
5867,0.000000
5870,0.000000
5879,0.000000
5886,0.000000
5887,0.000000
5900,0.000000
5906,0.000000
5909,0.000000
5917,0.000000
5923,0.000000
5929,0.000000
5930,0.000000
5936,0.000000
5940,0.000000
5947,0.000000
5948,0.000000
5966,0.000000
5968,0.000000
5973,0.000000
5977,0.000000
5978,0.000000
5985,0.000000
5989,0.000000
5992,0.000000
5997,0.000000
6002,0.000000
6004,0.000000
6007,0.000000
6008,0.000000
6014,0.000000
6034,0.000000
6037,0.000000
6041,0.000000
6043,0.000000
6044,0.000000
6050,0.000000
6051,0.000000
6054,0.000000
6071,0.000000
6072,0.000000
6074,0.000000
6079,0.000000
6091,0.000000
6108,0.000000
6109,0.000000
6116,0.000000
6120,0.000000
6121,0.000000
6126,0.000000
6127,0.000000
6132,0.000000
6136,0.000000
6148,0.000000
6152,0.000000
6156,0.000000
6172,0.000000
6174,0.000000
6180,0.000000
6189,0.000000
6194,0.000000
6199,0.000000
6201,0.000000
6202,0.000000
6204,0.000000
6207,0.000000
6212,0.000000
6219,0.000000
6226,0.000000
6231,0.000000
6234,0.000000
6245,0.000000
6248,0.000000
6250,0.000000
6254,0.000000
6266,0.000000
6268,0.000000
6271,0.000000
6273,0.000000
6275,0.000000
6283,0.000000
6284,0.000000
6294,0.000000
6299,0.000000
6303,0.000000
6304,0.000000
6309,0.000000
6316,0.000000
6317,0.000000
6321,0.000000
6322,0.000000
6325,0.000000
6327,0.000000
6331,0.000000
6335,0.000000
6344,0.000000
6346,0.000000
6375,0.000000
6376,0.000000
6399,0.000000
6401,0.000000
6411,0.000000
6412,0.000000
6415,0.000000
6438,0.000000
6439,0.000000
6442,0.000000
6443,0.000000
6446,0.000000
6447,0.000000
6454,0.000000
6456,0.000000
6465,0.000000
6468,0.000000
6472,0.000000
6474,0.000000
6486,0.000000
6488,0.000000
6495,0.000000
6497,0.000000
6503,0.000000
6516,0.000000
6526,0.000000
6540,0.000000
6555,0.000000
6560,0.000000
6561,0.000000
6606,0.000000
6612,0.000000
6615,0.000000
6621,0.000000
6627,0.000000
6629,0.000000
6666,0.000000
6680,0.000000
6780,0.000000
6786,0.000000
6812,0.000000
6834,0.000000
6847,0.000000
6878,0.000000
6906,0.000000
7037,0.000000
7176,0.000000
7210,0.000000
7432,0.000000
7987,0.000000
8956,0.000000
