Evaluations,Fitness
1,2.73005e+09
2,2.25161e+08
303,1.93591e+08
607,1.75248e+08
673,1.64946e+08
691,1.46622e+08
827,1.46428e+08
1068,1.2032e+08
1256,1.17341e+08
1349,1.15249e+08
1435,1.0508e+08
1607,1.024e+08
1877,1.01912e+08
1907,9.50855e+07
1941,9.46807e+07
1947,8.85731e+07
2242,8.74343e+07
2301,8.05277e+07
2636,7.88941e+07
2942,7.58848e+07
3091,7.40208e+07
3171,7.33421e+07
3637,7.2106e+07
3892,7.0322e+07
4987,6.90649e+07
5573,6.90565e+07
5653,6.73926e+07
5697,6.60087e+07
5806,6.58328e+07
5816,6.49213e+07
5885,6.25339e+07
6067,6.04352e+07
6467,5.92726e+07
7492,5.92501e+07
7504,5.79735e+07
7970,5.61684e+07
8533,5.61462e+07
8897,5.58817e+07
9228,5.57377e+07
9361,5.49739e+07
9530,5.46809e+07
10199,5.44707e+07
10646,5.44233e+07
10980,5.43514e+07
11178,5.41442e+07
11309,5.40134e+07
11358,5.39352e+07
11405,5.38913e+07
11579,5.35672e+07
11958,5.35541e+07
11984,5.32466e+07
12003,5.30455e+07
12050,5.28115e+07
12074,5.24301e+07
12182,5.23519e+07
12286,5.22961e+07
12323,5.22365e+07
12346,5.21128e+07
12508,5.18876e+07
12585,5.18458e+07
12663,5.17786e+07
12947,5.14744e+07
13302,5.14043e+07
13408,5.13447e+07
13460,5.13215e+07
13502,5.11605e+07
13545,5.1104e+07
13587,5.10928e+07
13654,5.10405e+07
13658,5.10328e+07
13693,5.08928e+07
13711,5.07978e+07
13761,5.07062e+07
13826,5.06759e+07
13866,5.06636e+07
13872,5.06494e+07
13876,5.04352e+07
13908,5.02163e+07
13922,5.01992e+07
13976,5.01604e+07
13994,5.0129e+07
14052,5.01198e+07
14060,5.00563e+07
14071,5.00319e+07
14082,5.00269e+07
14139,4.99616e+07
14156,4.99212e+07
14190,4.98568e+07
14196,4.98483e+07
14202,4.98339e+07
14218,4.97863e+07
14255,4.97801e+07
14271,4.97293e+07
14282,4.96954e+07
14303,4.96025e+07
14320,4.95874e+07
14335,4.95182e+07
14353,4.95161e+07
14356,4.94833e+07
14369,4.9413e+07
14395,4.94125e+07
14446,4.94063e+07
14452,4.94021e+07
14457,4.93891e+07
14469,4.93831e+07
14470,4.93609e+07
14480,4.9322e+07
14491,4.9311e+07
14501,4.92971e+07
14504,4.92798e+07
14511,4.92518e+07
14537,4.92323e+07
14548,4.91961e+07
14552,4.91952e+07
14556,4.91609e+07
14561,4.9157e+07
14575,4.9119e+07
14579,4.90966e+07
14608,4.90738e+07
14616,4.90647e+07
14622,4.9064e+07
14623,4.90602e+07
14632,4.90425e+07
14657,4.90389e+07
14660,4.90045e+07
14676,4.89939e+07
14691,4.89621e+07
14698,4.89589e+07
14701,4.89566e+07
14704,4.89251e+07
14715,4.89029e+07
14721,4.88866e+07
14724,4.88827e+07
14735,4.88712e+07
14742,4.884e+07
14757,4.88355e+07
14770,4.88333e+07
14780,4.88153e+07
14791,4.88074e+07
14795,4.87936e+07
14798,4.87871e+07
14807,4.87861e+07
14810,4.87836e+07
14811,4.87801e+07
14817,4.87513e+07
14835,4.87496e+07
14836,4.87375e+07
14843,4.87325e+07
14844,4.8731e+07
14847,4.87298e+07
14853,4.87187e+07
14856,4.87131e+07
14858,4.87124e+07
14859,4.87037e+07
14867,4.86988e+07
14878,4.8692e+07
14883,4.86914e+07
14885,4.86843e+07
14887,4.86771e+07
14892,4.86766e+07
14899,4.86721e+07
14900,4.86718e+07
14902,4.86715e+07
14903,4.8668e+07
14909,4.86674e+07
14912,4.86626e+07
14916,4.86568e+07
14917,4.86533e+07
14919,4.86529e+07
14920,4.86515e+07
14927,4.86495e+07
14928,4.86479e+07
14931,4.86443e+07
14937,4.86418e+07
14939,4.86381e+07
14945,4.86372e+07
14946,4.86355e+07
14957,4.86326e+07
14959,4.86307e+07
14961,4.86299e+07
14962,4.86296e+07
14965,4.86276e+07
14967,4.86257e+07
14972,4.86253e+07
14973,4.86251e+07
