Evaluations,Fitness
1,5.43903e+06
2,5.40935e+06
4,5.24975e+06
13,4.95785e+06
15,4.94737e+06
34,4.17162e+06
73,4.16003e+06
79,3.90628e+06
80,3.67395e+06
85,3.32476e+06
110,3.22151e+06
115,2.90789e+06
143,2.76497e+06
156,2.18598e+06
173,1.90715e+06
188,1.89073e+06
207,1.58746e+06
231,1.56242e+06
233,1.44273e+06
282,1.27739e+06
298,1.0978e+06
315,995832
325,812272
345,688637
358,546935
404,477954
443,477172
473,454776
475,445478
480,379797
482,248171
512,235397
515,228220
533,203444
536,195431
552,193474
560,190113
575,154136
626,135460
632,121836
643,109467
656,105736
686,79161.7
714,76295.8
729,60996.6
758,44291.8
765,36953.8
816,32819.3
836,32079.7
848,29433.5
852,29041.2
878,28547.5
903,26881
904,25376.3
912,23945.7
925,22876.3
940,19049.6
953,15044.2
972,14027.5
983,13186.1
986,12707
998,11994.1
1004,10392
1021,8904.47
1046,7288.8
1063,6822.34
1076,5044.75
1093,4948.04
1114,4646.13
1142,3719.77
1158,3599.26
1171,3536.86
1188,3188.63
1195,2846.57
1216,2266.7
1249,2052.09
1263,1723.9
1286,1628.51
1293,1180.71
1320,1086.88
1343,1084.24
1350,950.689
1366,867.625
1373,799.106
1390,608.717
1396,598.199
1402,555.096
1413,432.115
1437,423.567
1439,408.778
1443,344.736
1484,278.864
1503,248.458
1521,230.042
1544,203.996
1551,199.886
1552,188.653
1554,187.155
1563,184.019
1571,145.572
1594,113.932
1604,112.073
1624,94.3586
1646,92.0624
1651,90.4768
1659,87.8157
1668,85.1903
1682,82.706
1686,65.7605
1702,62.2937
1704,50.5769
1734,44.2072
1780,38.9216
1784,36.5766
1786,35.3775
1790,35.2858
1798,31.6423
1810,31.5046
1820,26.5288
1823,25.5104
1824,21.1629
1840,17.075
1873,14.0805
1894,12.1672
1898,11.5474
1910,10.6525
1913,9.18339
1942,8.27908
1957,8.16869
1968,7.83347
1972,6.14027
1997,5.18172
2007,4.52188
2023,4.3379
2029,4.05712
2035,4.03653
2042,3.22651
2044,2.93338
2049,2.78232
2063,1.96773
2102,1.91122
2120,1.88537
2121,1.62085
2128,1.5938
2135,1.2135
2140,1.16389
2173,1.04377
2178,0.943263
2200,0.924434
2202,0.911369
2203,0.81197
2214,0.782076
2235,0.760911
2238,0.760369
2243,0.734553
2244,0.72037
2245,0.695281
2261,0.641755
2273,0.617653
2276,0.555651
2303,0.555287
2306,0.5051
2320,0.462275
2340,0.347624
2364,0.267259
2390,0.249825
2406,0.202257
2408,0.17588
2420,0.171365
2424,0.147464
2430,0.136049
2445,0.130571
2449,0.123892
2450,0.0992911
2475,0.0865832
2497,0.0812303
2499,0.0809244
2505,0.0734965
2509,0.0666897
2515,0.0653087
2529,0.0560295
2533,0.051323
2545,0.0366628
2568,0.0342858
2569,0.0277006
2594,0.0177655
2624,0.0153016
2632,0.0150463
2639,0.0148183
2640,0.0147435
2653,0.0100805
2693,0.010006
2699,0.00992874
2713,0.00785482
2731,0.00634737
2757,0.00517426
2785,0.00515163
2796,0.00504474
2798,0.00456831
2806,0.00366035
2820,0.0036557
2826,0.00364808
2834,0.00335882
2835,0.00335816
2841,0.00299188
2844,0.00226498
2878,0.00218306
2891,0.00206268
2897,0.00196198
2901,0.00183383
2902,0.00181418
2905,0.00178917
2911,0.00164533
2914,0.00151441
2930,0.00142212
2935,0.00126885
2951,0.00113256
2972,0.000981512
2974,0.000866457
2994,0.000726188
3023,0.000707596
3029,0.000612836
3038,0.00059074
3041,0.000552298
3042,0.000506125
3055,0.000451347
3082,0.000450621
3086,0.00040693
3091,0.000401596
3094,0.000377217
3103,0.000357534
3105,0.000335288
3106,0.000273096
3122,0.000269797
3134,0.000213438
3143,0.000207559
3152,0.000199259
3165,0.000196172
3166,0.000176085
3170,0.000173237
3173,0.000153227
3178,0.000146181
3179,0.000139206
3187,0.000134411
3197,0.000121761
3216,0.00010743
3230,7.71266e-05
3254,7.52916e-05
3257,5.91436e-05
3265,4.44792e-05
3287,4.43529e-05
3299,4.25667e-05
3300,3.61395e-05
3316,3.36499e-05
3320,2.72539e-05
3330,2.54549e-05
3343,2.54197e-05
3353,2.38889e-05
3355,2.34682e-05
3359,2.29645e-05
3361,2.17851e-05
3366,2.00109e-05
3380,1.93621e-05
3382,1.59002e-05
3390,1.45984e-05
3394,1.44257e-05
3417,1.43064e-05
3423,1.35708e-05
3425,1.3071e-05
3437,1.25153e-05
3443,9.95143e-06
3444,8.87768e-06
3456,8.1741e-06
3457,7.65866e-06
3479,7.34909e-06
3488,7.09507e-06
3489,7.00141e-06
3490,6.97133e-06
3493,5.95238e-06
3496,5.44664e-06
3513,4.96047e-06
3520,3.60492e-06
3529,2.62713e-06
3551,2.50799e-06
3553,2.36339e-06
3559,2.16465e-06
3566,2.16234e-06
3575,2.16198e-06
3576,2.14646e-06
3580,1.77258e-06
3581,1.66065e-06
3599,1.59417e-06
3604,1.54091e-06
3611,1.47031e-06
3615,1.31345e-06
3623,1.04519e-06
3635,1.03564e-06
3640,8.19273e-07
3655,6.96167e-07
3662,6.96019e-07
3680,6.93246e-07
3683,6.92934e-07
3692,5.85657e-07
3708,4.95592e-07
3713,4.16318e-07
3720,4.12101e-07
3722,3.31804e-07
3748,3.31346e-07
3750,3.1215e-07
3758,3.02281e-07
3760,2.83221e-07
3765,2.6773e-07
3768,2.55593e-07
3773,2.32253e-07
3785,2.08848e-07
3803,2.02509e-07
3811,2.01935e-07
3817,1.74096e-07
3823,1.72178e-07
3827,1.6175e-07
3828,1.31783e-07
3852,1.31659e-07
3860,1.04532e-07
3879,8.69793e-08
3885,7.91059e-08
3892,7.38062e-08
3895,6.14603e-08
3909,5.32762e-08
3922,5.1629e-08
3937,4.58431e-08
3947,4.05311e-08
3952,4.02572e-08
3954,3.48944e-08
3963,3.46021e-08
3969,3.14094e-08
3975,3.00315e-08
3980,2.84316e-08
3984,2.13848e-08
3993,1.48922e-08
4026,1.43837e-08
4027,1.1657e-08
4029,1.02235e-08
4036,9.05168e-09
4047,8.4765e-09
4052,7.65361e-09
4054,5.96229e-09
4057,4.57564e-09
4066,3.85785e-09
4082,3.02123e-09
4103,2.9907e-09
4113,2.77887e-09
4119,2.7294e-09
4123,2.67639e-09
4137,2.5593e-09
4146,2.55234e-09
4148,2.52246e-09
4153,2.43693e-09
4154,2.32016e-09
4167,2.10962e-09
4178,2.0015e-09
4181,1.69245e-09
4182,1.68651e-09
4185,1.65148e-09
4187,1.4429e-09
4203,1.19797e-09
4214,9.09363e-10
4228,7.6668e-10
4235,7.07896e-10
4246,6.611e-10
4248,5.08602e-10
4254,4.69936e-10
4265,4.28891e-10
4267,3.86632e-10
4274,3.65952e-10
4280,3.44604e-10
4283,3.42623e-10
4300,3.04039e-10
4310,2.99113e-10
4312,2.98372e-10
4316,2.40431e-10
4321,2.16642e-10
4340,1.79815e-10
4352,1.79049e-10
4361,1.76968e-10
4363,1.6942e-10
4366,1.20629e-10
4391,1.15964e-10
4398,1.10888e-10
4400,9.23505e-11
4410,7.99125e-11
4418,6.43807e-11
4438,6.37308e-11
4444,6.13302e-11
4447,6.11372e-11
4453,5.75995e-11
4457,4.65781e-11
4461,4.53774e-11
4464,3.61154e-11
4477,3.34637e-11
4480,3.32447e-11
4487,2.93576e-11
4490,2.90979e-11
4494,2.60619e-11
4500,2.43709e-11
4502,1.98015e-11
4510,1.8139e-11
4524,1.62357e-11
4541,1.62281e-11
4547,1.43372e-11
4553,1.34358e-11
4555,1.29634e-11
4558,1.27751e-11
4559,1.24808e-11
4563,1.07986e-11
4564,8.73618e-12
4588,7.85982e-12
4594,7.01598e-12
4596,6.35149e-12
4598,6.33191e-12
4611,5.83329e-12
4615,5.74636e-12
4621,5.09363e-12
4623,5.05149e-12
4633,4.35535e-12
4655,3.61766e-12
4663,3.60152e-12
4669,3.58928e-12
4675,3.48551e-12
4677,3.42996e-12
4683,2.54022e-12
4689,2.31771e-12
4693,2.19504e-12
4702,2.05967e-12
4703,1.81802e-12
4707,1.80295e-12
4712,1.72134e-12
4717,1.66171e-12
4727,1.36134e-12
4729,1.17023e-12
4747,1.0471e-12
4755,9.91172e-13
4756,9.81076e-13
4757,9.70818e-13
4768,9.54324e-13
4774,7.75387e-13
4784,7.73882e-13
4791,6.74846e-13
4792,5.90903e-13
4804,5.03356e-13
4815,4.7553e-13
4830,4.47763e-13
4838,3.76314e-13
4839,3.07718e-13
4840,3.00199e-13
4845,2.95023e-13
4858,2.64061e-13
4869,2.59973e-13
4872,2.55372e-13
4879,2.4913e-13
4885,2.44945e-13
4886,2.40877e-13
4893,2.25389e-13
4896,2.03805e-13
4906,1.77396e-13
4912,1.73966e-13
4918,1.59277e-13
4919,1.56651e-13
4930,1.4957e-13
4940,1.44786e-13
4949,1.17424e-13
4953,1.14605e-13
4954,1.13159e-13
4956,1.10745e-13
4957,1.08656e-13
4959,9.82398e-14
4960,7.75261e-14
4985,7.68625e-14
4992,7.1957e-14
4996,6.59456e-14
5013,5.70407e-14
5014,5.68165e-14
5015,4.69602e-14
5029,4.55593e-14
5034,4.54502e-14
5037,4.53882e-14
5041,4.43056e-14
5042,4.29619e-14
5043,4.18366e-14
5054,3.75923e-14
5056,3.3041e-14
5061,2.89656e-14
5064,2.84287e-14
5068,2.80934e-14
5078,2.63149e-14
5092,2.28328e-14
5097,2.19407e-14
5098,2.14602e-14
5106,2.02107e-14
5112,1.62239e-14
5125,1.5399e-14
5128,1.3132e-14
5141,1.12661e-14
5150,1.02745e-14
5156,8.75527e-15
5167,8.39052e-15
5175,8.38928e-15
5180,6.84959e-15
5197,6.26219e-15
5213,5.44758e-15
5234,5.24266e-15
5238,4.60113e-15
5244,3.66691e-15
5255,3.27616e-15
5259,3.25302e-15
5267,3.23901e-15
5270,3.12246e-15
5287,3.05725e-15
5291,2.89216e-15
5294,2.61023e-15
5296,2.49998e-15
5298,2.40797e-15
5299,2.35242e-15
5301,2.12718e-15
5308,2.03437e-15
5316,1.83519e-15
5317,1.81279e-15
5322,1.7139e-15
5324,1.45181e-15
5325,1.34304e-15
5340,1.2696e-15
5343,1.19997e-15
5346,1.10305e-15
5349,1.0285e-15
5358,7.77592e-16
5367,7.5152e-16
5371,6.60188e-16
5381,4.96136e-16
5396,4.82302e-16
5398,3.44842e-16
5427,2.82291e-16
5438,2.6846e-16
5444,2.61981e-16
5448,2.1365e-16
5453,2.06313e-16
5467,1.64708e-16
5486,1.59946e-16
5487,1.51703e-16
5491,1.26148e-16
5495,1.05709e-16
5504,1.01945e-16
5512,9.3146e-17
5514,8.95186e-17
5518,8.91169e-17
5519,8.70588e-17
5529,7.35148e-17
5532,6.54106e-17
5542,5.75539e-17
5550,4.81809e-17
5559,4.56695e-17
5570,4.18212e-17
5571,3.95916e-17
5572,3.65471e-17
5580,3.0385e-17
5597,2.31116e-17
5601,2.27882e-17
5602,2.04859e-17
5610,2.0093e-17
5611,1.80798e-17
5625,1.58307e-17
5627,1.58118e-17
5632,1.52263e-17
5633,1.51821e-17
5641,1.43111e-17
5664,1.24514e-17
5665,1.19828e-17
5669,8.14742e-18
5690,6.67713e-18
5699,6.66049e-18
5700,6.65222e-18
5706,6.23615e-18
5708,5.92541e-18
5711,4.84106e-18
5722,4.68634e-18
5730,4.5784e-18
5733,4.47904e-18
5735,4.3825e-18
5742,4.05902e-18
5743,3.93016e-18
5749,3.6658e-18
5766,2.57314e-18
5777,2.12051e-18
5791,1.99124e-18
5796,1.97512e-18
5802,1.86291e-18
5807,1.82507e-18
5808,1.71172e-18
5809,1.48169e-18
5817,1.17955e-18
5828,1.12491e-18
5833,1.12066e-18
5837,1.06012e-18
5839,1.02025e-18
5847,1.00147e-18
5852,9.15681e-19
5856,8.91547e-19
5865,8.62516e-19
5868,7.89339e-19
5869,7.76233e-19
5874,7.51392e-19
5886,6.82649e-19
5893,5.9616e-19
5895,5.89046e-19
5909,5.8544e-19
5912,5.46869e-19
5916,5.12733e-19
5929,4.89104e-19
5930,4.78759e-19
5932,3.68009e-19
5942,3.60666e-19
5943,3.04535e-19
5948,2.56717e-19
5954,2.27724e-19
5957,1.94452e-19
5976,1.81225e-19
5978,1.63493e-19
5986,1.55415e-19
5987,1.3457e-19
5997,1.28476e-19
6008,1.21294e-19
6010,1.17168e-19
6012,9.97809e-20
6013,8.88328e-20
6024,7.28653e-20
6040,6.52466e-20
6057,5.97647e-20
6058,5.21978e-20
6070,4.59283e-20
6075,4.22948e-20
6081,3.90316e-20
6094,3.76933e-20
6096,3.47437e-20
6109,3.25807e-20
6115,3.06437e-20
6122,3.03833e-20
6126,2.94184e-20
6134,2.8678e-20
6139,2.86632e-20
6140,2.60967e-20
6143,2.15491e-20
6146,2.02187e-20
6151,1.89212e-20
6157,1.66474e-20
6180,1.32139e-20
6185,1.21902e-20
6189,1.18791e-20
6192,1.18372e-20
6197,1.00892e-20
6217,9.31938e-21
6219,9.03672e-21
6221,8.15141e-21
6222,7.24592e-21
6228,6.70451e-21
6238,6.411e-21
6240,6.12771e-21
6241,5.82487e-21
6243,5.34032e-21
6244,5.19874e-21
6247,4.93227e-21
6249,4.56498e-21
6254,4.40896e-21
6258,3.9467e-21
6260,3.78624e-21
6266,3.73451e-21
6271,3.72638e-21
6273,3.54017e-21
6282,3.29572e-21
6290,3.0895e-21
6292,3.04988e-21
6296,2.81273e-21
6297,2.30458e-21
6303,2.25396e-21
6308,2.1645e-21
6311,2.09936e-21
6319,1.75999e-21
6323,1.66292e-21
6332,1.50378e-21
6334,1.47303e-21
6339,1.34458e-21
6340,1.2004e-21
6342,1.13547e-21
6357,1.09913e-21
6364,8.83431e-22
6367,8.50562e-22
6372,7.70525e-22
6373,7.60649e-22
6374,6.73035e-22
6393,6.13133e-22
6396,5.32231e-22
6407,5.29627e-22
6412,4.92038e-22
6413,4.61897e-22
6414,3.76769e-22
6416,3.70573e-22
6426,3.62217e-22
6431,3.14248e-22
6441,3.08569e-22
6450,2.58406e-22
6457,2.51929e-22
6459,2.11947e-22
6471,1.99588e-22
6473,1.79393e-22
6484,1.6664e-22
6490,1.38889e-22
6496,1.11292e-22
6512,9.30557e-23
6526,7.49656e-23
6540,7.1999e-23
6546,6.83308e-23
6550,6.77892e-23
6551,5.92348e-23
6556,5.80692e-23
6561,5.64732e-23
6564,4.96359e-23
6568,4.91672e-23
6569,4.61606e-23
6574,4.56853e-23
6580,4.15931e-23
6583,3.92255e-23
6592,3.45114e-23
6594,2.82566e-23
6595,2.60545e-23
6602,2.27672e-23
6617,2.26795e-23
6620,1.97574e-23
6623,1.93364e-23
6626,1.84539e-23
6630,1.70455e-23
6634,1.66068e-23
6637,1.51662e-23
6647,1.48437e-23
6648,1.34366e-23
6650,1.02163e-23
6661,9.97529e-24
6662,9.90756e-24
6663,8.73077e-24
6666,8.65622e-24
6676,7.46144e-24
6679,7.38772e-24
6682,7.19416e-24
6686,6.77187e-24
6699,6.37767e-24
6706,6.35822e-24
6711,5.96977e-24
6719,5.44899e-24
6723,5.32023e-24
6725,5.07917e-24
6726,4.64996e-24
6738,4.63086e-24
6745,4.36863e-24
6756,4.32097e-24
6757,4.08656e-24
6758,3.79842e-24
6759,3.79678e-24
6760,3.02248e-24
6768,2.8692e-24
6771,2.0122e-24
6789,1.93715e-24
6796,1.56838e-24
6801,1.53562e-24
6810,1.42594e-24
6811,1.41604e-24
6812,1.28829e-24
6823,1.22565e-24
6827,1.1551e-24
6828,1.00989e-24
6838,9.80472e-25
6840,8.8653e-25
6847,7.86898e-25
6854,7.24347e-25
6857,7.12263e-25
6858,6.52848e-25
6864,6.3522e-25
6868,5.55503e-25
6871,5.44161e-25
6873,5.35226e-25
6882,4.88923e-25
6885,4.60892e-25
6887,4.26888e-25
6893,4.22728e-25
6898,3.55022e-25
6899,3.11268e-25
6903,2.93718e-25
6904,2.92438e-25
6907,2.82185e-25
6908,2.49147e-25
6910,2.48776e-25
6915,2.279e-25
6919,2.21851e-25
6923,2.19799e-25
6929,1.9772e-25
6931,1.51781e-25
6942,1.3391e-25
6947,1.27425e-25
6949,1.08844e-25
6951,8.58412e-26
6959,7.63958e-26
6961,7.07161e-26
6966,6.24107e-26
6971,5.53141e-26
6976,4.5248e-26
6987,4.41761e-26
6992,4.23642e-26
6997,4.16202e-26
6998,3.83135e-26
7001,3.67895e-26
7012,3.61235e-26
7022,3.34436e-26
7023,3.04966e-26
7028,2.95084e-26
7031,2.77386e-26
7039,2.32706e-26
7044,2.28846e-26
7047,2.21971e-26
7051,2.20161e-26
7056,2.10173e-26
7057,2.08439e-26
7061,1.9747e-26
7065,1.93237e-26
7067,1.79375e-26
7068,1.68488e-26
7071,1.58531e-26
7072,1.54577e-26
7075,1.46376e-26
7076,1.30108e-26
7078,1.23719e-26
7085,1.21436e-26
7092,1.18515e-26
7093,1.15756e-26
7094,1.07035e-26
7101,1.02159e-26
7102,9.64567e-27
7105,9.33953e-27
7106,8.65488e-27
7111,8.30183e-27
7121,7.90312e-27
7122,7.59692e-27
7125,5.72598e-27
7149,5.22972e-27
7150,4.96124e-27
7151,4.95521e-27
7152,3.76167e-27
7155,3.61656e-27
7162,3.49482e-27
7163,3.46454e-27
7165,3.09079e-27
7171,3.01819e-27
7176,2.81807e-27
7180,2.50388e-27
7186,2.24742e-27
7190,2.07616e-27
7194,1.93931e-27
7195,1.87758e-27
7200,1.61294e-27
7202,1.46128e-27
7203,1.43403e-27
7209,1.36167e-27
7216,1.35431e-27
7217,1.349e-27
7221,1.16102e-27
7229,1.05156e-27
7230,1.01465e-27
7231,9.39165e-28
7238,9.17196e-28
7244,8.52111e-28
7254,8.36191e-28
7262,7.82084e-28
7270,7.51623e-28
7275,6.79162e-28
7276,6.772e-28
7280,6.74113e-28
7286,6.38812e-28
7289,6.08604e-28
7291,5.62892e-28
7293,5.56965e-28
7294,5.12453e-28
7298,4.91775e-28
7299,4.53759e-28
7300,4.37697e-28
7301,4.15156e-28
7303,3.63088e-28
7304,3.395e-28
7310,3.04616e-28
7314,2.87009e-28
7316,2.77918e-28
7320,2.64187e-28
7322,2.26565e-28
7332,2.24031e-28
7335,2.203e-28
7336,2.13791e-28
7337,1.98017e-28
7350,1.78431e-28
7351,1.76589e-28
7352,1.72096e-28
7353,1.70514e-28
7356,1.67061e-28
7365,1.65353e-28
7370,1.31332e-28
7379,1.28106e-28
7382,1.12684e-28
7383,1.10005e-28
7389,1.004e-28
7394,8.91576e-29
7397,8.42012e-29
7398,8.27286e-29
7400,8.14664e-29
7404,8.00006e-29
7405,7.86486e-29
7419,7.51461e-29
7423,7.32826e-29
7424,5.62662e-29
7430,5.13246e-29
7434,5.07378e-29
7438,4.68862e-29
7439,4.19565e-29
7442,3.79349e-29
7449,3.78847e-29
7450,3.70559e-29
7451,3.49013e-29
7452,3.3241e-29
7459,2.80066e-29
7468,2.76075e-29
7472,2.75654e-29
7475,2.67733e-29
7481,2.47453e-29
7484,2.46067e-29
7490,2.40054e-29
7492,2.24827e-29
7499,2.15281e-29
7504,2.08413e-29
7512,1.78015e-29
7520,1.5374e-29
7523,1.53504e-29
7524,1.49008e-29
7526,1.38348e-29
7531,1.21095e-29
7541,1.14565e-29
7550,1.09008e-29
7551,9.60883e-30
7555,9.21898e-30
7557,8.6418e-30
7558,7.68092e-30
7567,7.56913e-30
7571,7.11962e-30
7580,6.70931e-30
7584,6.46585e-30
7587,6.40515e-30
7599,6.36622e-30
7601,5.61361e-30
7604,5.10537e-30
7608,5.05714e-30
7612,4.41181e-30
7614,4.33771e-30
7617,4.17682e-30
7622,3.76554e-30
7629,3.73716e-30
7630,3.54425e-30
7631,3.51149e-30
7649,3.44856e-30
7651,3.09743e-30
7656,2.94178e-30
7659,2.79388e-30
7664,2.77601e-30
7669,2.53876e-30
7674,2.42823e-30
7675,2.41993e-30
7676,2.33914e-30
7680,2.22834e-30
7682,2.13063e-30
7687,1.90674e-30
7690,1.76971e-30
7692,1.70796e-30
7694,1.50293e-30
7696,1.43173e-30
7698,1.42192e-30
7706,1.05424e-30
7715,9.51868e-31
7720,9.04283e-31
7726,8.99076e-31
7729,8.92728e-31
7732,8.47508e-31
7735,8.45756e-31
7740,8.15731e-31
7744,6.76402e-31
7747,6.65304e-31
7752,6.25715e-31
7756,6.03823e-31
7757,6.02846e-31
7758,5.87466e-31
7762,5.6887e-31
7765,4.72503e-31
7771,4.3049e-31
7781,4.21644e-31
7784,3.98444e-31
7793,3.92154e-31
7794,3.24919e-31
7800,3.21912e-31
7806,3.05446e-31
7812,2.89868e-31
7817,2.79391e-31
7819,2.78124e-31
7820,2.54055e-31
7821,2.35863e-31
7827,2.2713e-31
7829,2.27084e-31
7834,2.26674e-31
7837,2.10991e-31
7839,1.98984e-31
7844,1.8417e-31
7847,1.77682e-31
7848,1.70269e-31
7851,1.68981e-31
7853,1.68308e-31
7854,1.65151e-31
7855,1.52762e-31
7859,1.3686e-31
7868,1.33854e-31
7869,1.21714e-31
7874,1.17092e-31
7891,1.16642e-31
7893,1.14179e-31
7894,1.10639e-31
7897,1.10168e-31
7898,1.07403e-31
7902,1.04328e-31
7908,1.03275e-31
7910,1.00526e-31
7912,8.53343e-32
7921,8.11821e-32
7922,7.75669e-32
7927,7.70664e-32
7928,7.47329e-32
7930,6.61546e-32
7944,6.60561e-32
7948,6.26153e-32
7950,6.22574e-32
7953,6.12286e-32
7957,5.17861e-32
7966,4.76118e-32
7972,4.72165e-32
7973,4.20129e-32
7976,4.16821e-32
7979,3.87679e-32
7982,3.56234e-32
7984,3.54206e-32
7985,3.3374e-32
7988,2.97016e-32
7996,2.86612e-32
7997,2.77831e-32
8003,2.76411e-32
8004,2.71613e-32
8005,2.69877e-32
8009,2.22362e-32
8010,2.18421e-32
8013,2.09774e-32
8014,2.02351e-32
8024,1.69627e-32
8025,1.66591e-32
8038,1.59729e-32
8040,1.55746e-32
8044,1.47004e-32
8045,1.38897e-32
8048,1.21687e-32
8053,9.84239e-33
8061,9.19436e-33
8065,8.53153e-33
8070,8.14399e-33
8073,8.06451e-33
8074,7.87069e-33
8079,7.24777e-33
8087,6.23835e-33
8095,6.22175e-33
8111,5.34708e-33
8117,5.22058e-33
8120,4.90319e-33
8123,4.69892e-33
8130,4.36312e-33
8133,4.23944e-33
8136,4.19118e-33
8137,3.81477e-33
8152,3.76939e-33
8153,3.76281e-33
8156,3.42893e-33
8157,3.36384e-33
8160,3.26251e-33
8162,2.94147e-33
8164,2.93293e-33
8168,2.81142e-33
8173,2.5587e-33
8174,2.55323e-33
8175,2.53825e-33
8177,2.36152e-33
8182,2.22409e-33
8187,2.11164e-33
8189,1.7535e-33
8199,1.67038e-33
8200,1.66709e-33
8203,1.6483e-33
8216,1.60789e-33
8217,1.54371e-33
8222,1.4187e-33
8230,1.27076e-33
8236,1.25325e-33
8239,1.12254e-33
8242,1.08115e-33
8243,1.03935e-33
8247,9.88995e-34
8254,9.76021e-34
8256,9.64835e-34
8258,9.50479e-34
8259,9.44473e-34
8261,9.18547e-34
8265,8.71751e-34
8271,8.10237e-34
8278,7.25957e-34
8279,6.87779e-34
8283,6.42268e-34
8286,6.34492e-34
8294,5.86438e-34
8296,5.83656e-34
8298,5.63255e-34
8299,5.6214e-34
8301,5.05131e-34
8306,4.94844e-34
8310,4.66308e-34
8314,4.43441e-34
8327,4.35356e-34
8334,4.05816e-34
8338,3.70099e-34
8341,3.55639e-34
8350,3.22592e-34
8366,3.0366e-34
8367,2.85057e-34
8371,2.50484e-34
8375,2.27026e-34
8376,2.18559e-34
8380,2.07048e-34
8382,1.98301e-34
8383,1.94445e-34
8386,1.77319e-34
8389,1.73444e-34
8394,1.64967e-34
8396,1.60347e-34
8397,1.50007e-34
8404,1.34358e-34
8405,1.32025e-34
8412,1.27293e-34
8414,1.20978e-34
8421,1.18561e-34
8423,1.1546e-34
8425,1.06063e-34
8426,1.02222e-34
8436,1.00682e-34
8439,1.00141e-34
8442,9.92558e-35
8443,9.45859e-35
8445,9.10054e-35
8450,8.38272e-35
8456,8.01175e-35
8460,8.00186e-35
8463,6.93506e-35
8476,6.01901e-35
8483,4.90868e-35
8489,4.62745e-35
8493,4.55094e-35
8501,3.58557e-35
8512,3.45635e-35
8513,3.38312e-35
8515,2.90593e-35
8519,2.77361e-35
8522,2.36802e-35
8529,2.21542e-35
8533,2.13917e-35
8537,2.04353e-35
8543,1.85728e-35
8545,1.80903e-35
8547,1.70633e-35
8548,1.65929e-35
8549,1.58978e-35
8555,1.37865e-35
8560,1.3356e-35
8566,1.24236e-35
8569,1.0431e-35
8574,9.65256e-36
8578,9.52506e-36
8579,8.734e-36
8580,7.80545e-36
8592,6.63187e-36
8598,6.34726e-36
8603,6.14172e-36
8606,5.99654e-36
8608,5.64977e-36
8609,5.32026e-36
8617,5.10325e-36
8619,4.94636e-36
8621,4.87037e-36
8623,4.48799e-36
8624,4.24427e-36
8627,4.2384e-36
8630,4.13311e-36
8634,3.91297e-36
8635,3.68581e-36
8636,3.38513e-36
8638,3.22912e-36
8644,3.19196e-36
8646,2.88983e-36
8647,2.49477e-36
8654,2.29014e-36
8656,2.20668e-36
8660,1.92354e-36
8666,1.69416e-36
8669,1.60548e-36
8674,1.55292e-36
8678,1.4566e-36
8680,1.40098e-36
8683,1.39784e-36
8684,1.39379e-36
8689,1.28676e-36
8698,1.27745e-36
8700,1.23488e-36
8703,1.22637e-36
8704,1.2201e-36
8705,1.11147e-36
8708,1.04842e-36
8709,1.04031e-36
8711,1.03515e-36
8713,9.95285e-37
8714,9.94587e-37
8717,8.62472e-37
8719,8.48874e-37
8720,7.96972e-37
8733,7.49859e-37
8734,6.74126e-37
8736,6.5829e-37
8737,5.89499e-37
8740,5.7135e-37
8742,5.57698e-37
8746,5.3023e-37
8749,5.06596e-37
8750,5.06034e-37
8755,4.57392e-37
8758,4.14538e-37
8762,4.09082e-37
8773,3.81281e-37
8774,3.79171e-37
8786,3.74812e-37
8788,3.29486e-37
8791,3.22252e-37
8795,3.21185e-37
8801,2.98795e-37
8802,2.82203e-37
8806,2.72764e-37
8807,2.70865e-37
8808,2.47485e-37
8811,2.4733e-37
8818,2.36996e-37
8824,2.23148e-37
8829,2.20993e-37
8830,2.09761e-37
8831,2.04073e-37
8839,1.9286e-37
8844,1.7226e-37
8847,1.71024e-37
8855,1.46714e-37
8865,1.41121e-37
8869,1.40923e-37
8870,1.37866e-37
8872,1.35005e-37
8874,1.27698e-37
8884,1.25315e-37
8885,1.19865e-37
8890,1.18364e-37
8893,1.11587e-37
8898,1.06743e-37
8900,1.05846e-37
8902,1.03557e-37
8903,9.95281e-38
8909,9.72018e-38
8912,8.64565e-38
8915,8.42367e-38
8920,8.08602e-38
8922,8.04223e-38
8925,7.96513e-38
8928,7.69915e-38
8929,7.43058e-38
8934,6.99427e-38
8945,6.81243e-38
8947,6.65511e-38
8959,6.15182e-38
8961,6.09751e-38
8964,5.84309e-38
8966,5.72652e-38
8970,5.53532e-38
8976,5.09962e-38
8980,4.96886e-38
8985,4.96633e-38
8987,4.44892e-38
8995,3.76318e-38
9008,3.61113e-38
9024,3.47884e-38
9026,3.233e-38
9035,3.10615e-38
9040,2.95032e-38
9044,2.67614e-38
9048,2.29952e-38
9064,2.15715e-38
9065,2.01181e-38
9068,2.00208e-38
9076,1.98028e-38
9077,1.88542e-38
9082,1.68256e-38
9083,1.62149e-38
9085,1.56352e-38
9089,1.38428e-38
9098,1.34376e-38
9104,1.28503e-38
9105,1.26994e-38
9111,1.24093e-38
9112,1.19337e-38
9116,1.18227e-38
9117,1.14069e-38
9121,1.06396e-38
9122,1.02949e-38
9123,9.77956e-39
9124,9.41869e-39
9129,8.73165e-39
9135,8.25234e-39
9136,7.47463e-39
9140,7.41531e-39
9141,7.3558e-39
9142,6.75722e-39
9145,6.5572e-39
9152,6.12166e-39
9154,5.77523e-39
9156,5.60531e-39
9158,5.59847e-39
9159,5.10978e-39
9161,4.55224e-39
9169,4.21578e-39
9174,4.21441e-39
9178,4.059e-39
9184,3.59061e-39
9191,3.43912e-39
9192,3.08298e-39
9198,3.07933e-39
9199,2.94324e-39
9200,2.8461e-39
9202,2.80068e-39
9205,2.61523e-39
9215,2.56626e-39
9219,2.49912e-39
9222,2.24895e-39
9233,2.21805e-39
9236,2.11879e-39
9239,1.96906e-39
9243,1.95684e-39
9245,1.83551e-39
9249,1.82162e-39
9251,1.71403e-39
9255,1.64573e-39
9258,1.5959e-39
9264,1.5916e-39
9265,1.52353e-39
9270,1.48463e-39
9272,1.45618e-39
9276,1.38876e-39
9280,1.3139e-39
9285,1.2976e-39
9286,1.24353e-39
9288,1.20937e-39
9293,1.16406e-39
9294,1.15475e-39
9297,1.09038e-39
9305,1.07809e-39
9306,9.3914e-40
9310,9.07302e-40
9314,7.86316e-40
9321,7.77063e-40
9328,7.69514e-40
9330,7.50214e-40
9333,7.17928e-40
9344,7.12069e-40
9346,7.10876e-40
9348,6.03009e-40
9351,5.96929e-40
9353,5.81591e-40
9358,5.73086e-40
9359,5.61877e-40
9363,4.94997e-40
9367,4.7859e-40
9372,4.42102e-40
9376,4.25037e-40
9378,4.0603e-40
9386,3.98286e-40
9388,3.67332e-40
9390,3.39347e-40
9395,3.25154e-40
9396,3.23523e-40
9399,2.93785e-40
9407,2.92893e-40
9410,2.70176e-40
9411,2.65027e-40
9421,2.58859e-40
9423,2.50814e-40
9428,2.4032e-40
9429,2.31171e-40
9431,2.28076e-40
9434,2.08114e-40
9436,2.04952e-40
9437,1.76806e-40
9441,1.69096e-40
9442,1.65152e-40
9448,1.63608e-40
9449,1.62231e-40
9453,1.48806e-40
9454,1.35481e-40
9461,1.31222e-40
9463,1.26027e-40
9464,1.18758e-40
9467,1.14345e-40
9469,1.03819e-40
9478,9.83182e-41
9481,9.78604e-41
9486,9.4734e-41
9492,9.0895e-41
9493,9.04475e-41
9497,8.93936e-41
9504,8.22974e-41
9508,7.72427e-41
9517,7.10171e-41
9522,6.2021e-41
9526,5.74197e-41
9539,5.38588e-41
9540,5.31135e-41
9546,5.24941e-41
9548,4.97221e-41
9552,4.78504e-41
9558,4.62382e-41
9561,4.57209e-41
9567,4.44053e-41
9568,4.02926e-41
9574,3.8811e-41
9575,3.68287e-41
9579,3.4486e-41
9580,3.35646e-41
9583,2.97213e-41
9591,2.77006e-41
9597,2.73328e-41
9604,2.69594e-41
9606,2.64791e-41
9607,2.38265e-41
9612,2.35907e-41
9615,2.04903e-41
9617,2.03801e-41
9619,1.98924e-41
9620,1.96835e-41
9621,1.91962e-41
9624,1.84196e-41
9625,1.82532e-41
9627,1.77342e-41
9629,1.74228e-41
9630,1.59053e-41
9640,1.44139e-41
9642,1.402e-41
9644,1.38359e-41
9647,1.25683e-41
9653,1.23983e-41
9664,1.21625e-41
9669,1.17985e-41
9671,1.17565e-41
9674,1.15995e-41
9678,1.14188e-41
9680,1.12104e-41
9682,1.07878e-41
9683,1.05126e-41
9684,1.04506e-41
9686,9.68932e-42
9690,9.05958e-42
9702,7.9944e-42
9704,7.82062e-42
9707,7.68131e-42
9708,7.15118e-42
9716,7.06489e-42
9717,6.80244e-42
9721,6.74968e-42
9722,6.68189e-42
9725,6.36298e-42
9726,6.15044e-42
9729,5.97586e-42
9732,5.77992e-42
9737,5.63772e-42
9738,4.9168e-42
9742,4.81373e-42
9748,4.49125e-42
9756,4.42222e-42
9758,4.36742e-42
9759,4.14593e-42
9768,3.82952e-42
9772,3.75436e-42
9775,3.38005e-42
9786,3.3249e-42
9792,3.00313e-42
9795,2.94283e-42
9797,2.88488e-42
9798,2.72294e-42
9811,2.59743e-42
9814,2.53945e-42
9815,2.50558e-42
9816,2.50152e-42
9821,2.44492e-42
9823,2.38524e-42
9831,2.29097e-42
9833,2.0592e-42
9838,1.96622e-42
9847,1.83918e-42
9849,1.81874e-42
9851,1.75834e-42
9853,1.75227e-42
9854,1.72976e-42
9855,1.55443e-42
9862,1.46912e-42
9864,1.46318e-42
9869,1.43074e-42
9872,1.36031e-42
9874,1.34882e-42
9878,1.19455e-42
9887,1.1945e-42
9889,1.12907e-42
9894,1.09677e-42
9897,9.5246e-43
9903,9.42884e-43
9910,9.37533e-43
9911,9.35685e-43
9912,8.92546e-43
9920,8.75931e-43
9922,8.53367e-43
9923,8.51379e-43
9930,8.3655e-43
9932,7.99839e-43
9936,7.76568e-43
9938,7.63419e-43
9940,7.5018e-43
9945,7.33112e-43
9947,7.04151e-43
9950,6.86309e-43
9954,6.53815e-43
9957,6.4422e-43
9962,5.70801e-43
9968,5.50433e-43
9973,5.18334e-43
9981,5.05818e-43
9984,4.80873e-43
9986,4.68559e-43
9987,4.50623e-43
9993,4.16707e-43
10003,4.02715e-43
10005,4.01228e-43
10006,3.92621e-43
10009,3.78144e-43
10012,3.75908e-43
10014,3.66662e-43
10018,3.52297e-43
10022,3.39794e-43
10025,3.39535e-43
10026,3.18316e-43
10029,3.00311e-43
10031,2.93883e-43
10032,2.86976e-43
10034,2.86882e-43
10040,2.72008e-43
10046,2.4693e-43
10049,2.39313e-43
10051,2.10783e-43
10061,2.00415e-43
10063,1.91313e-43
10067,1.89562e-43
10069,1.82315e-43
10071,1.73511e-43
10078,1.7123e-43
10081,1.68673e-43
10082,1.65022e-43
10088,1.57827e-43
10094,1.51395e-43
10096,1.49157e-43
10098,1.4857e-43
10104,1.31834e-43
10105,1.2772e-43
10108,1.24855e-43
10109,1.12113e-43
10112,1.11843e-43
10116,1.04204e-43
10124,1.03759e-43
10127,1.03647e-43
10129,9.77017e-44
10131,9.6947e-44
10134,8.54685e-44
10141,8.45576e-44
10145,8.29094e-44
10146,7.8295e-44
10149,7.64212e-44
10150,7.1088e-44
10154,6.83844e-44
10158,6.0833e-44
10162,5.86318e-44
10166,5.5546e-44
10169,5.43911e-44
10173,5.20668e-44
10176,5.09721e-44
10177,4.81628e-44
10182,4.66074e-44
10185,4.4232e-44
10191,4.37601e-44
10193,4.19206e-44
10198,4.08972e-44
10206,3.9752e-44
10208,3.53427e-44
10220,3.48154e-44
10225,3.38665e-44
10231,3.26954e-44
10233,3.23706e-44
10236,3.06556e-44
10241,3.06313e-44
10245,2.96861e-44
10247,2.9353e-44
10250,2.84147e-44
10252,2.74825e-44
10254,2.67998e-44
10258,2.47816e-44
10267,2.47813e-44
10268,2.4219e-44
10273,2.38994e-44
10283,2.2873e-44
10288,2.19711e-44
10294,2.08808e-44
10295,1.94609e-44
10298,1.94355e-44
10301,1.93198e-44
10302,1.8493e-44
10308,1.74427e-44
10310,1.63489e-44
10324,1.6134e-44
10325,1.61052e-44
10328,1.59478e-44
10329,1.5424e-44
10332,1.50962e-44
10333,1.50207e-44
10334,1.49501e-44
10336,1.43591e-44
10340,1.41168e-44
10341,1.37709e-44
10342,1.34551e-44
10345,1.32568e-44
10346,1.28826e-44
10347,1.26993e-44
10354,1.26125e-44
10358,1.24668e-44
10359,1.2385e-44
10364,1.11596e-44
10365,1.10687e-44
10368,1.09054e-44
10371,1.07554e-44
10375,1.06015e-44
10381,1.02933e-44
10384,1.01381e-44
10385,9.94786e-45
10386,9.62776e-45
10395,9.50596e-45
10396,9.24934e-45
10397,9.20869e-45
10401,8.68812e-45
10406,8.49533e-45
10408,8.27075e-45
10410,8.18216e-45
10411,7.72634e-45
10414,7.1725e-45
10423,7.05253e-45
10424,6.4705e-45
10434,6.46707e-45
10435,6.43548e-45
10436,5.8332e-45
10443,5.76939e-45
10445,5.55248e-45
10455,5.49028e-45
10459,5.21436e-45
10464,4.49048e-45
10475,4.40815e-45
10476,4.11993e-45
10483,4.02957e-45
10485,3.95967e-45
10486,3.87985e-45
10492,3.59415e-45
10496,3.54296e-45
10498,3.31427e-45
10509,3.29171e-45
10510,3.24992e-45
10511,3.17488e-45
10512,3.09385e-45
10513,2.9679e-45
10519,2.79379e-45
10520,2.78252e-45
10521,2.64117e-45
10526,2.62448e-45
10529,2.57887e-45
10532,2.52072e-45
10533,2.49651e-45
10535,2.47017e-45
10537,2.40923e-45
10541,2.38261e-45
10546,2.23707e-45
10550,2.23368e-45
10551,2.22278e-45
10552,2.18604e-45
10554,2.08467e-45
10555,2.05078e-45
10562,1.9261e-45
10566,1.91236e-45
10569,1.76848e-45
10582,1.67454e-45
10596,1.63199e-45
10600,1.55718e-45
10604,1.50594e-45
10613,1.43693e-45
10614,1.40324e-45
10619,1.33459e-45
10621,1.28101e-45
10627,1.27564e-45
10628,1.27426e-45
10629,1.23211e-45
10632,1.23158e-45
10634,1.20214e-45
10640,1.1832e-45
10645,1.12941e-45
10647,1.1208e-45
10651,1.08936e-45
10661,1.06463e-45
10666,1.06179e-45
10667,1.0202e-45
10672,1.00494e-45
10675,9.58831e-46
10678,9.13855e-46
10683,8.9046e-46
10685,8.61655e-46
10689,8.32585e-46
10690,8.29508e-46
10691,7.93708e-46
10698,7.53508e-46
10705,7.44833e-46
10710,7.38642e-46
10711,7.33094e-46
10717,7.21819e-46
10718,6.97796e-46
10723,6.71766e-46
10724,6.29344e-46
10729,6.05588e-46
10734,6.04953e-46
10738,6.00735e-46
10739,5.80702e-46
10751,5.64686e-46
10755,5.64108e-46
10757,5.25065e-46
10767,5.10058e-46
10773,4.76703e-46
10777,4.74014e-46
10778,4.51003e-46
10780,4.46834e-46
10784,4.18608e-46
10792,4.05054e-46
10793,4.01795e-46
10795,3.85488e-46
10797,3.73731e-46
10799,3.70883e-46
10802,3.3866e-46
10807,3.3429e-46
10809,3.32827e-46
10811,3.27869e-46
10812,3.17185e-46
10820,3.13664e-46
10825,3.05461e-46
10826,3.00252e-46
10830,2.88883e-46
10834,2.86048e-46
10835,2.6834e-46
10837,2.59088e-46
10843,2.57311e-46
10844,2.47127e-46
10845,2.46736e-46
10848,2.31379e-46
10854,2.27233e-46
10858,2.13535e-46
10869,2.05042e-46
10873,1.97362e-46
10880,1.81907e-46
10886,1.80366e-46
10890,1.68942e-46
10891,1.66686e-46
10895,1.56002e-46
10898,1.53783e-46
10901,1.50241e-46
10902,1.4898e-46
10904,1.482e-46
10911,1.41248e-46
10916,1.37528e-46
10917,1.36563e-46
10921,1.35942e-46
10930,1.27339e-46
10946,1.25101e-46
10949,1.22184e-46
10953,1.1964e-46
10958,1.11688e-46
10963,1.08047e-46
10966,1.03916e-46
10969,1.01926e-46
10972,1.00199e-46
10974,9.7953e-47
10976,9.72589e-47
10977,9.46491e-47
10982,9.13356e-47
10983,9.04513e-47
10988,8.93651e-47
10989,8.70148e-47
10994,8.61301e-47
10998,8.48165e-47
11001,8.42668e-47
11004,8.30453e-47
11005,7.71772e-47
11008,7.56962e-47
11009,7.48912e-47
11011,7.42638e-47
11013,7.02655e-47
11016,6.78731e-47
11021,6.76818e-47
11023,6.2472e-47
11034,6.05975e-47
11036,5.73014e-47
11037,5.66127e-47
11039,5.63043e-47
11043,5.40993e-47
11046,5.0763e-47
11054,4.93583e-47
11057,4.92312e-47
11058,4.78043e-47
11063,4.65478e-47
11064,4.55277e-47
11066,4.50688e-47
11069,4.4135e-47
11070,4.27514e-47
11078,4.27019e-47
11079,4.26147e-47
11087,4.07716e-47
11093,3.90882e-47
11098,3.87315e-47
11109,3.84002e-47
11112,3.61636e-47
11116,3.59424e-47
11117,3.51942e-47
11120,3.41314e-47
11126,3.39715e-47
11127,3.34633e-47
11128,3.3027e-47
11132,3.30181e-47
11135,3.23186e-47
11138,3.13557e-47
11140,3.08417e-47
11145,2.9356e-47
11148,2.83153e-47
11149,2.75683e-47
11151,2.73545e-47
11153,2.62845e-47
11157,2.5911e-47
11161,2.48364e-47
11165,2.36967e-47
11170,2.32573e-47
11172,2.3199e-47
11173,2.24312e-47
11175,2.21549e-47
11176,2.19249e-47
11177,2.16907e-47
11180,2.11436e-47
11182,2.04474e-47
11183,2.01895e-47
11187,1.97531e-47
11188,1.96304e-47
11191,1.89964e-47
11194,1.81319e-47
11208,1.77215e-47
11210,1.75256e-47
11213,1.6934e-47
11217,1.63357e-47
11222,1.61671e-47
11223,1.59322e-47
11225,1.58696e-47
11227,1.50309e-47
11239,1.46562e-47
11244,1.4094e-47
11248,1.35851e-47
11250,1.32868e-47
11251,1.32503e-47
11252,1.30349e-47
11255,1.2951e-47
11257,1.23696e-47
11261,1.21481e-47
11263,1.1954e-47
11265,1.18719e-47
11272,1.15482e-47
11276,1.1197e-47
11283,1.07467e-47
11292,1.05576e-47
11295,1.05111e-47
11296,1.04698e-47
11297,1.01218e-47
11301,9.80202e-48
11302,9.79548e-48
11303,9.7316e-48
11312,9.56842e-48
11317,9.29516e-48
11320,8.88789e-48
11321,8.70898e-48
11326,8.60726e-48
11327,8.56003e-48
11329,8.42095e-48
11334,8.28369e-48
11336,7.82592e-48
11339,7.5708e-48
11342,7.4854e-48
11343,7.32413e-48
11344,7.06742e-48
11348,7.03981e-48
11349,6.98258e-48
11355,6.63125e-48
11360,6.62999e-48
11361,6.20937e-48
11367,6.05055e-48
11373,6.03646e-48
11376,5.99185e-48
11377,5.92879e-48
11382,5.64492e-48
11388,5.58219e-48
11389,5.52854e-48
11395,5.39101e-48
11401,5.216e-48
11402,5.15579e-48
11403,4.93447e-48
11406,4.78254e-48
11408,4.66226e-48
11414,4.65747e-48
11415,4.54294e-48
11419,4.47284e-48
11420,4.36657e-48
11421,4.30901e-48
11426,4.20849e-48
11428,3.92632e-48
11435,3.88261e-48
11437,3.88155e-48
11440,3.82629e-48
11442,3.76619e-48
11450,3.70454e-48
11457,3.53714e-48
11460,3.50785e-48
11462,3.46316e-48
11463,3.42975e-48
11465,3.37029e-48
11469,3.31924e-48
11475,3.24988e-48
11476,3.19149e-48
11478,3.16414e-48
11484,3.08313e-48
11486,3.02326e-48
11489,2.9881e-48
11491,2.98658e-48
11495,2.95311e-48
11499,2.87891e-48
11506,2.86711e-48
11508,2.80023e-48
11511,2.73554e-48
11521,2.7195e-48
11524,2.62372e-48
11528,2.57956e-48
11529,2.5491e-48
11530,2.48971e-48
11534,2.46457e-48
11537,2.33309e-48
11545,2.30176e-48
11554,2.22321e-48
11558,2.19785e-48
11572,2.18726e-48
11574,2.13888e-48
11580,2.09674e-48
11583,2.08387e-48
11586,2.07263e-48
11588,2.06453e-48
11589,2.00794e-48
11591,1.99406e-48
11602,1.96786e-48
11603,1.96645e-48
11607,1.95529e-48
11608,1.86358e-48
11613,1.83371e-48
11616,1.79405e-48
11620,1.78314e-48
11621,1.7279e-48
11624,1.68707e-48
11626,1.65261e-48
11627,1.61267e-48
11637,1.60452e-48
11638,1.60349e-48
11639,1.5135e-48
11645,1.45912e-48
11650,1.44392e-48
11654,1.35543e-48
11663,1.33148e-48
11671,1.32808e-48
11677,1.31911e-48
11678,1.30635e-48
11679,1.27177e-48
11682,1.25996e-48
11684,1.22241e-48
11688,1.1671e-48
11697,1.14134e-48
11703,1.12242e-48
11704,1.08891e-48
11707,1.07455e-48
11709,1.06798e-48
11710,1.05262e-48
11711,1.04112e-48
11717,1.00308e-48
11721,9.99731e-49
11724,9.7497e-49
11727,9.57227e-49
11731,9.52164e-49
11732,9.39408e-49
11733,9.04203e-49
11735,8.95626e-49
11737,8.95316e-49
11738,8.78674e-49
11742,8.62095e-49
11744,8.55414e-49
11752,7.742e-49
11764,7.58952e-49
11769,7.4762e-49
11775,7.38134e-49
11781,7.25079e-49
11782,6.99526e-49
11786,6.88026e-49
11787,6.83558e-49
11789,6.64948e-49
11794,6.51907e-49
11797,6.51144e-49
11798,6.48549e-49
11799,6.35923e-49
11803,6.2169e-49
11808,6.07471e-49
11811,5.98523e-49
11813,5.88507e-49
11816,5.77768e-49
11820,5.57481e-49
11824,5.41346e-49
11831,5.25223e-49
11839,5.05422e-49
11848,5.04671e-49
11852,4.98707e-49
11853,4.82447e-49
11854,4.82319e-49
11856,4.81283e-49
11857,4.62588e-49
11860,4.5815e-49
11862,4.57572e-49
11863,4.51804e-49
11865,4.4213e-49
11871,4.3718e-49
11876,4.3239e-49
11877,4.20506e-49
11882,4.14748e-49
11883,4.11069e-49
11886,4.08934e-49
11887,3.98322e-49
11893,3.9698e-49
11898,3.83883e-49
11903,3.76548e-49
11907,3.57435e-49
11909,3.54102e-49
11913,3.41542e-49
11915,3.41055e-49
11917,3.40339e-49
11919,3.33652e-49
11920,3.23027e-49
11930,3.15676e-49
11931,3.01343e-49
11934,2.97649e-49
11936,2.96937e-49
11939,2.93719e-49
11940,2.9154e-49
11944,2.8791e-49
11945,2.85579e-49
11946,2.85298e-49
11951,2.80646e-49
11953,2.7752e-49
11959,2.70372e-49
11965,2.65568e-49
11968,2.61633e-49
11975,2.61188e-49
11977,2.58404e-49
11978,2.54e-49
11987,2.47723e-49
11990,2.37406e-49
11991,2.30854e-49
11996,2.28069e-49
11998,2.26676e-49
12003,2.25617e-49
12004,2.25219e-49
12006,2.23086e-49
12012,2.19772e-49
12015,2.16861e-49
12016,2.15812e-49
12021,2.11262e-49
12026,2.09324e-49
12027,2.02581e-49
12028,1.9999e-49
12032,1.92016e-49
12035,1.89242e-49
12036,1.87028e-49
12037,1.83252e-49
12038,1.82124e-49
12039,1.81247e-49
12041,1.7845e-49
12044,1.74158e-49
12052,1.7137e-49
12053,1.68531e-49
12058,1.67702e-49
12059,1.67611e-49
12063,1.64524e-49
12069,1.64057e-49
12070,1.62377e-49
12072,1.60383e-49
12074,1.60156e-49
12075,1.54646e-49
12079,1.47028e-49
12081,1.46854e-49
12082,1.45024e-49
12084,1.4433e-49
12085,1.4211e-49
12087,1.36924e-49
12090,1.35927e-49
12093,1.32672e-49
12094,1.31966e-49
12100,1.30142e-49
12102,1.29661e-49
12105,1.26759e-49
12106,1.24034e-49
12114,1.23019e-49
12116,1.21797e-49
12121,1.20416e-49
12123,1.18978e-49
12127,1.18761e-49
12130,1.14326e-49
12136,1.11669e-49
12140,1.08491e-49
12153,1.06742e-49
12157,1.06159e-49
12161,1.0519e-49
12162,1.03859e-49
12164,1.03078e-49
12167,1.02691e-49
12168,9.79922e-50
12172,9.71781e-50
12173,9.42905e-50
12174,9.14221e-50
12179,9.02384e-50
12184,8.76662e-50
12194,8.59105e-50
12196,8.43631e-50
12198,8.11302e-50
12203,8.08995e-50
12204,7.99126e-50
12205,7.98015e-50
12207,7.82861e-50
12209,7.72682e-50
12215,7.67432e-50
12217,7.4414e-50
12222,7.39727e-50
12225,7.26774e-50
12228,7.17284e-50
12231,7.09901e-50
12235,6.87474e-50
12242,6.8413e-50
12249,6.76413e-50
12250,6.64844e-50
12256,6.56344e-50
12262,6.5211e-50
12263,6.37459e-50
12266,6.22685e-50
12274,6.19714e-50
12275,6.12773e-50
12280,6.09756e-50
12284,5.98354e-50
12285,5.94159e-50
12289,5.85739e-50
12293,5.82569e-50
12295,5.48838e-50
12302,5.34934e-50
12304,5.32128e-50
12307,5.26874e-50
12313,5.19649e-50
12316,5.1768e-50
12318,5.16658e-50
12319,5.15177e-50
12325,5.09194e-50
12334,5.0892e-50
12336,4.96494e-50
12337,4.84033e-50
12344,4.82503e-50
12345,4.79403e-50
12350,4.78679e-50
12355,4.78552e-50
12358,4.71878e-50
12362,4.65503e-50
12363,4.58418e-50
12367,4.55749e-50
12371,4.41787e-50
12380,4.39972e-50
12381,4.3572e-50
12383,4.30788e-50
12385,4.28439e-50
12386,4.18267e-50
12391,4.17424e-50
12394,4.11497e-50
12395,4.06798e-50
12397,4.05372e-50
12398,3.94263e-50
12400,3.93873e-50
12402,3.93869e-50
12403,3.8459e-50
12407,3.83124e-50
12410,3.8183e-50
12412,3.71943e-50
12417,3.58001e-50
12421,3.49307e-50
12425,3.44286e-50
12436,3.33675e-50
12442,3.28719e-50
12446,3.28337e-50
12447,3.24346e-50
12448,3.22335e-50
12454,3.15542e-50
12456,3.13101e-50
12459,3.02477e-50
12460,2.96899e-50
12463,2.95793e-50
12466,2.85083e-50
12471,2.84143e-50
12472,2.82522e-50
12474,2.77583e-50
12475,2.71788e-50
12478,2.70227e-50
12480,2.64254e-50
12481,2.58756e-50
12490,2.4959e-50
12492,2.46614e-50
12493,2.45009e-50
12494,2.41896e-50
12501,2.37172e-50
12508,2.36812e-50
12510,2.30721e-50
12515,2.30267e-50
12516,2.26816e-50
12517,2.22226e-50
12523,2.1864e-50
12524,2.09638e-50
12529,2.00555e-50
12533,1.93117e-50
12535,1.92747e-50
12539,1.90757e-50
12540,1.85362e-50
12541,1.79939e-50
12543,1.79738e-50
12544,1.76099e-50
12550,1.7582e-50
12552,1.75682e-50
12554,1.74792e-50
12555,1.69378e-50
12560,1.65047e-50
12563,1.64239e-50
12565,1.60246e-50
12568,1.59846e-50
12574,1.57471e-50
12579,1.56558e-50
12580,1.53866e-50
12581,1.50767e-50
12582,1.5069e-50
12584,1.48571e-50
12587,1.46573e-50
12590,1.45532e-50
12595,1.42313e-50
12597,1.41254e-50
12598,1.4006e-50
12604,1.38753e-50
12605,1.37526e-50
12607,1.37404e-50
12608,1.36849e-50
12609,1.36115e-50
12612,1.34645e-50
12617,1.3005e-50
12624,1.29523e-50
12631,1.27417e-50
12636,1.27251e-50
12637,1.21594e-50
12641,1.21476e-50
12644,1.21005e-50
12645,1.20675e-50
12650,1.19368e-50
12654,1.17283e-50
12655,1.16399e-50
12656,1.14916e-50
12660,1.14296e-50
12666,1.13859e-50
12673,1.1034e-50
12685,1.07989e-50
12688,1.07949e-50
12689,1.06254e-50
12696,1.04694e-50
12698,1.01992e-50
12701,1.0032e-50
12705,1.00059e-50
12706,9.9933e-51
12709,9.58019e-51
12712,9.5761e-51
12716,9.50542e-51
12717,9.47215e-51
12723,9.46084e-51
12725,9.40627e-51
12737,9.31301e-51
12739,9.28032e-51
12740,9.15726e-51
12742,8.97468e-51
12747,8.7875e-51
12748,8.72817e-51
12749,8.63535e-51
12754,8.48811e-51
12756,8.43692e-51
12757,8.40268e-51
12761,8.20692e-51
12764,7.92611e-51
12770,7.8156e-51
12771,7.70309e-51
12773,7.66168e-51
12774,7.65045e-51
12778,7.63075e-51
12780,7.61844e-51
12784,7.5073e-51
12787,7.42909e-51
12788,7.23372e-51
12790,7.21179e-51
12794,7.08004e-51
12795,7.06987e-51
12799,7.06697e-51
12800,7.06637e-51
12801,6.87007e-51
12806,6.60565e-51
12812,6.58131e-51
12817,6.50264e-51
12819,6.45193e-51
12821,6.31581e-51
12828,6.25118e-51
12829,6.22291e-51
12832,6.17388e-51
12834,6.14902e-51
12835,6.08467e-51
12842,6.07853e-51
12843,5.98984e-51
12847,5.95824e-51
12852,5.94563e-51
12853,5.93325e-51
12857,5.73894e-51
12861,5.72413e-51
12862,5.70954e-51
12863,5.7051e-51
12867,5.57403e-51
12871,5.5664e-51
12874,5.5256e-51
12875,5.50009e-51
12877,5.47917e-51
12878,5.44892e-51
12882,5.40457e-51
12885,5.40117e-51
12886,5.29187e-51
12889,5.19592e-51
12894,5.07661e-51
12899,5.07438e-51
12903,5.04814e-51
12905,4.94879e-51
12908,4.94292e-51
12910,4.86197e-51
12915,4.83261e-51
12919,4.76909e-51
12920,4.76677e-51
12929,4.74088e-51
12930,4.64769e-51
12931,4.62861e-51
12933,4.55998e-51
12937,4.52837e-51
12939,4.51679e-51
12940,4.46338e-51
12944,4.44887e-51
12945,4.4098e-51
12949,4.3825e-51
12950,4.30053e-51
12951,4.24213e-51
12952,4.17246e-51
12957,4.14159e-51
12961,4.13893e-51
12963,4.08626e-51
12965,4.07167e-51
12967,4.05956e-51
12970,3.96709e-51
12973,3.96681e-51
12975,3.8645e-51
12985,3.79269e-51
12989,3.77738e-51
12990,3.7419e-51
12995,3.68753e-51
12996,3.67234e-51
13000,3.66812e-51
13001,3.5677e-51
13004,3.512e-51
13007,3.47242e-51
13008,3.46989e-51
13010,3.42779e-51
13012,3.352e-51
13018,3.3275e-51
13020,3.31614e-51
13024,3.27584e-51
13026,3.16854e-51
13033,3.1333e-51
13036,3.10012e-51
13044,3.09961e-51
13046,3.05115e-51
13048,3.01682e-51
13049,2.96218e-51
13051,2.95849e-51
13053,2.88842e-51
13056,2.83667e-51
13061,2.82031e-51
13063,2.80553e-51
13065,2.72803e-51
13068,2.72152e-51
13069,2.7179e-51
13071,2.6749e-51
13077,2.66056e-51
13078,2.64502e-51
13080,2.63215e-51
13084,2.60857e-51
13088,2.597e-51
13092,2.49863e-51
13097,2.48923e-51
13098,2.48466e-51
13100,2.47925e-51
13103,2.46046e-51
13104,2.43266e-51
13112,2.3973e-51
13116,2.3728e-51
13119,2.36119e-51
13120,2.35116e-51
13121,2.34432e-51
13125,2.30952e-51
13130,2.26679e-51
13131,2.24107e-51
13134,2.22597e-51
13142,2.21315e-51
13145,2.18769e-51
13149,2.14607e-51
13160,2.13871e-51
13161,2.11624e-51
13165,2.07549e-51
13171,2.05726e-51
13172,2.03786e-51
13178,2.02767e-51
13179,2.01168e-51
13183,1.97978e-51
13190,1.96579e-51
13195,1.95626e-51
13196,1.94532e-51
13200,1.93906e-51
13206,1.9352e-51
13209,1.90439e-51
13212,1.90243e-51
13215,1.88528e-51
13220,1.88366e-51
13221,1.85368e-51
13225,1.84208e-51
13231,1.83886e-51
13232,1.83742e-51
13236,1.81819e-51
13240,1.78816e-51
13250,1.78247e-51
13253,1.76589e-51
13255,1.73017e-51
13257,1.71223e-51
13260,1.71183e-51
13264,1.6981e-51
13265,1.69e-51
13268,1.68997e-51
13269,1.65557e-51
13273,1.64793e-51
13274,1.6318e-51
13277,1.5908e-51
13281,1.57935e-51
13291,1.57909e-51
13292,1.57856e-51
13293,1.56585e-51
13295,1.54891e-51
13300,1.52227e-51
13305,1.51888e-51
13308,1.50422e-51
13310,1.50126e-51
13311,1.46966e-51
13312,1.43713e-51
13322,1.41522e-51
13325,1.40784e-51
13331,1.40265e-51
13337,1.38205e-51
13346,1.34485e-51
13360,1.33057e-51
13367,1.32486e-51
13368,1.31121e-51
13376,1.30302e-51
13377,1.29849e-51
13381,1.29768e-51
13382,1.2689e-51
13386,1.26881e-51
13387,1.25768e-51
13389,1.25473e-51
13390,1.25168e-51
13393,1.24503e-51
13395,1.23892e-51
13398,1.224e-51
13400,1.22339e-51
13401,1.20407e-51
13409,1.20023e-51
13411,1.17143e-51
13413,1.16651e-51
13414,1.15623e-51
13418,1.14974e-51
13419,1.14434e-51
13420,1.13158e-51
13423,1.1276e-51
13424,1.10435e-51
13426,1.09191e-51
13428,1.09119e-51
13429,1.06965e-51
13434,1.06791e-51
13439,1.06658e-51
13440,1.06071e-51
13443,1.04289e-51
13446,1.04006e-51
13449,1.0365e-51
13453,1.03609e-51
13457,1.03211e-51
13459,1.03026e-51
13460,1.02191e-51
13465,1.01547e-51
13470,1.00435e-51
13477,1.0043e-51
13480,1.00013e-51
13486,9.70814e-52
13490,9.69573e-52
13492,9.69042e-52
13495,9.54949e-52
13496,9.53306e-52
13497,9.44211e-52
13503,9.15934e-52
13504,9.10486e-52
13515,9.01968e-52
13516,8.88769e-52
13525,8.85684e-52
13531,8.81342e-52
13533,8.69446e-52
13537,8.66302e-52
13542,8.65328e-52
13543,8.63941e-52
13545,8.59195e-52
13548,8.49815e-52
13550,8.43589e-52
13551,8.36999e-52
13553,8.32109e-52
13554,8.29453e-52
13556,8.29141e-52
13558,8.18591e-52
13567,8.18286e-52
13568,8.14315e-52
13572,8.05983e-52
13577,8.05926e-52
13578,7.94941e-52
13581,7.93108e-52
13583,7.90389e-52
13586,7.8499e-52
13592,7.77976e-52
13598,7.75319e-52
13603,7.6725e-52
13605,7.65999e-52
13606,7.62222e-52
13608,7.6001e-52
13610,7.58571e-52
13613,7.51824e-52
13615,7.47224e-52
13617,7.46065e-52
13620,7.4286e-52
13622,7.40692e-52
13623,7.29494e-52
13627,7.2651e-52
13630,7.26035e-52
13632,7.23871e-52
13634,7.20759e-52
13635,7.15917e-52
13640,7.13023e-52
13641,7.11202e-52
13642,6.97514e-52
13647,6.91996e-52
13651,6.81739e-52
13653,6.72934e-52
13659,6.71492e-52
13660,6.69739e-52
13662,6.59948e-52
13672,6.52926e-52
13675,6.5078e-52
13677,6.50152e-52
13678,6.47531e-52
13681,6.4221e-52
13689,6.3435e-52
13695,6.32927e-52
13696,6.31031e-52
13701,6.24742e-52
13705,6.22212e-52
13706,6.19545e-52
13713,6.151e-52
13717,6.06343e-52
13719,6.0265e-52
13723,5.99551e-52
13725,5.96623e-52
13726,5.95909e-52
13729,5.95904e-52
13731,5.93255e-52
13736,5.92866e-52
13741,5.83099e-52
13742,5.81314e-52
13744,5.80707e-52
13748,5.70333e-52
13749,5.6881e-52
13752,5.62105e-52
13753,5.55044e-52
13755,5.54076e-52
13758,5.50762e-52
13762,5.49425e-52
13766,5.47774e-52
13767,5.47281e-52
13768,5.44252e-52
13770,5.41042e-52
13771,5.40969e-52
13772,5.37181e-52
13773,5.34281e-52
13774,5.29448e-52
13778,5.29002e-52
13783,5.28104e-52
13784,5.24174e-52
13792,5.19149e-52
13799,5.15068e-52
13802,5.13245e-52
13804,5.12975e-52
13805,5.04683e-52
13813,5.02855e-52
13814,4.94859e-52
13817,4.89179e-52
13823,4.89156e-52
13824,4.88368e-52
13826,4.82194e-52
13828,4.81689e-52
13835,4.80572e-52
13838,4.79061e-52
13840,4.78921e-52
13842,4.77331e-52
13843,4.71071e-52
13844,4.70965e-52
13846,4.68773e-52
13851,4.68222e-52
13852,4.64715e-52
13858,4.63487e-52
13863,4.62421e-52
13864,4.61198e-52
13869,4.59263e-52
13870,4.57229e-52
13880,4.56418e-52
13882,4.5498e-52
13883,4.54011e-52
13884,4.51348e-52
13886,4.50811e-52
13888,4.50068e-52
13889,4.48554e-52
13890,4.4177e-52
13893,4.36709e-52
13897,4.31709e-52
13901,4.27185e-52
13903,4.24192e-52
13909,4.18465e-52
13910,4.17318e-52
13911,4.14338e-52
13917,4.10491e-52
13922,4.09555e-52
13923,4.07344e-52
13924,4.06747e-52
13927,4.05829e-52
13929,4.03266e-52
13930,4.02991e-52
13932,4.01651e-52
13936,4.01544e-52
13939,3.99762e-52
13940,3.99058e-52
13943,3.98823e-52
13944,3.97037e-52
13950,3.96125e-52
13952,3.95127e-52
13954,3.94138e-52
13956,3.93252e-52
13959,3.92868e-52
13960,3.88511e-52
13961,3.86848e-52
13968,3.85282e-52
13969,3.8267e-52
13973,3.79171e-52
13980,3.77928e-52
13984,3.75562e-52
13989,3.7364e-52
13996,3.7169e-52
13997,3.71456e-52
13998,3.66957e-52
14006,3.64992e-52
14009,3.6354e-52
14015,3.62525e-52
14018,3.60973e-52
14020,3.6082e-52
14021,3.59363e-52
14026,3.58476e-52
14029,3.58219e-52
14033,3.57737e-52
14034,3.55633e-52
14040,3.55258e-52
14042,3.53713e-52
14043,3.52826e-52
14047,3.52079e-52
14048,3.50515e-52
14053,3.48047e-52
14060,3.44589e-52
14065,3.41686e-52
14067,3.40051e-52
14069,3.3914e-52
14070,3.37421e-52
14080,3.35515e-52
14084,3.31561e-52
14086,3.30507e-52
14087,3.28944e-52
14090,3.28339e-52
14092,3.27641e-52
14094,3.22409e-52
14095,3.22364e-52
14101,3.21256e-52
14106,3.21066e-52
14110,3.20534e-52
14112,3.1982e-52
14114,3.17792e-52
14119,3.17706e-52
14121,3.1295e-52
14124,3.12624e-52
14127,3.12059e-52
14129,3.1198e-52
14130,3.10928e-52
14134,3.10301e-52
14138,3.05893e-52
14148,3.04722e-52
14150,3.02453e-52
14151,3.0221e-52
14154,2.9954e-52
14159,2.96803e-52
14162,2.96489e-52
14163,2.95656e-52
14167,2.9408e-52
14169,2.92621e-52
14178,2.92422e-52
14180,2.90023e-52
14188,2.88869e-52
14190,2.88733e-52
14191,2.88717e-52
14192,2.8785e-52
14196,2.85079e-52
14199,2.84462e-52
14201,2.83403e-52
14202,2.8122e-52
14210,2.81112e-52
14211,2.80861e-52
14212,2.80831e-52
14213,2.78978e-52
14222,2.77539e-52
14226,2.77232e-52
14227,2.76859e-52
14228,2.76016e-52
14230,2.74451e-52
14236,2.73722e-52
14239,2.72442e-52
14242,2.71916e-52
14243,2.70547e-52
14250,2.68989e-52
14256,2.68738e-52
14257,2.67544e-52
14261,2.67139e-52
14262,2.67023e-52
14265,2.65477e-52
14268,2.64869e-52
14273,2.63825e-52
14276,2.62861e-52
14279,2.60494e-52
14283,2.58457e-52
14288,2.5687e-52
14293,2.5633e-52
14296,2.55669e-52
14298,2.55066e-52
14299,2.54884e-52
14300,2.54666e-52
14301,2.52181e-52
14306,2.51857e-52
14307,2.49682e-52
14315,2.49449e-52
14326,2.4746e-52
14328,2.47085e-52
14334,2.46765e-52
14338,2.44378e-52
14343,2.41256e-52
14355,2.4067e-52
14357,2.40649e-52
14361,2.398e-52
14363,2.39446e-52
14365,2.37065e-52
14370,2.36104e-52
14372,2.35462e-52
14375,2.35306e-52
14376,2.34671e-52
14378,2.33958e-52
14379,2.33877e-52
14383,2.32993e-52
14391,2.31582e-52
14394,2.31161e-52
14398,2.3106e-52
14399,2.30999e-52
14401,2.30996e-52
14402,2.3096e-52
14404,2.29676e-52
14405,2.29156e-52
14408,2.28971e-52
14409,2.28708e-52
14410,2.28636e-52
14411,2.26803e-52
14412,2.2651e-52
14414,2.26161e-52
14416,2.24788e-52
14425,2.23666e-52
14426,2.23485e-52
14428,2.2333e-52
14429,2.22743e-52
14431,2.22423e-52
14440,2.21687e-52
14441,2.20967e-52
14445,2.20481e-52
14453,2.20362e-52
14454,2.20064e-52
14456,2.1979e-52
14458,2.19786e-52
14459,2.19776e-52
14460,2.189e-52
14467,2.18818e-52
14468,2.18384e-52
14474,2.18105e-52
14476,2.17832e-52
14483,2.17043e-52
14485,2.1637e-52
14489,2.16048e-52
14492,2.15472e-52
14493,2.15445e-52
14494,2.15234e-52
14499,2.14486e-52
14501,2.1302e-52
14505,2.12864e-52
14509,2.12201e-52
14511,2.12136e-52
14519,2.11966e-52
14520,2.11523e-52
14521,2.10832e-52
14532,2.0987e-52
14538,2.09787e-52
14539,2.08837e-52
14544,2.08738e-52
14548,2.07984e-52
14550,2.0728e-52
14553,2.07193e-52
14554,2.06857e-52
14559,2.06131e-52
14560,2.05941e-52
14564,2.05244e-52
14571,2.04538e-52
14573,2.03755e-52
14580,2.02823e-52
14589,2.0244e-52
14592,2.02291e-52
14595,2.02151e-52
14596,2.01748e-52
14597,2.01349e-52
14601,2.0132e-52
14602,2.00911e-52
14605,2.00307e-52
14608,2.00278e-52
14611,2.00268e-52
14612,1.99409e-52
14615,1.99068e-52
14619,1.98936e-52
14624,1.98904e-52
14626,1.98585e-52
14629,1.98251e-52
14631,1.98218e-52
14634,1.97873e-52
14639,1.97499e-52
14642,1.97152e-52
14644,1.96466e-52
14646,1.96277e-52
14651,1.96021e-52
14652,1.9594e-52
14653,1.95556e-52
14656,1.95386e-52
14658,1.95379e-52
14660,1.95304e-52
14663,1.95064e-52
14664,1.94444e-52
14670,1.93731e-52
14674,1.93669e-52
14676,1.93461e-52
14678,1.9317e-52
14679,1.93018e-52
14681,1.92652e-52
14685,1.92485e-52
14688,1.92424e-52
14692,1.91929e-52
14693,1.91523e-52
14694,1.91353e-52
14697,1.91152e-52
14699,1.90964e-52
14700,1.90837e-52
14704,1.90524e-52
14705,1.90234e-52
14707,1.89975e-52
14709,1.89829e-52
14711,1.89772e-52
14713,1.89393e-52
14719,1.88155e-52
14722,1.88072e-52
14724,1.88025e-52
14725,1.87988e-52
14728,1.87879e-52
14732,1.87169e-52
14738,1.87161e-52
14739,1.87135e-52
14745,1.86878e-52
14747,1.86719e-52
14749,1.86067e-52
14755,1.85912e-52
14756,1.85795e-52
14758,1.85687e-52
14761,1.85594e-52
14767,1.8528e-52
14773,1.85036e-52
14775,1.84875e-52
14779,1.84361e-52
14781,1.84168e-52
14783,1.84006e-52
14788,1.83961e-52
14789,1.83702e-52
14791,1.83519e-52
14798,1.83462e-52
14800,1.83389e-52
14802,1.83201e-52
14806,1.82904e-52
14811,1.82801e-52
14812,1.82712e-52
14813,1.82689e-52
14815,1.82254e-52
14822,1.82246e-52
14825,1.82118e-52
14826,1.81938e-52
14827,1.81778e-52
14834,1.81624e-52
14837,1.81609e-52
14839,1.81323e-52
14845,1.81214e-52
14849,1.8116e-52
14851,1.80989e-52
14858,1.80983e-52
14859,1.80945e-52
14862,1.80728e-52
14864,1.80608e-52
14866,1.80507e-52
14871,1.80459e-52
14875,1.80278e-52
14881,1.8022e-52
14884,1.80129e-52
14889,1.80083e-52
14890,1.80014e-52
14891,1.79961e-52
14896,1.79938e-52
14897,1.79874e-52
14900,1.79774e-52
14902,1.79572e-52
14904,1.79529e-52
14908,1.79482e-52
14909,1.79412e-52
14910,1.7928e-52
14912,1.7924e-52
14914,1.79161e-52
14918,1.79064e-52
14922,1.79051e-52
14923,1.78913e-52
14927,1.78891e-52
14928,1.78844e-52
14930,1.78727e-52
14940,1.78643e-52
14944,1.7864e-52
14947,1.78569e-52
14950,1.78558e-52
14955,1.78529e-52
14956,1.785e-52
14960,1.78471e-52
14961,1.78462e-52
14963,1.78447e-52
14964,1.78444e-52
14968,1.7841e-52
14969,1.78395e-52
