Evaluations,Fitness
1,1494.167711
2,1409.298587
5,1295.726612
7,1288.788857
10,1246.265182
28,1214.667682
49,1209.291476
79,1154.481006
85,1150.149737
101,1125.336554
104,1074.629957
117,1024.392629
142,1000.926668
147,972.758624
165,958.670085
171,909.514807
175,895.662328
197,802.928124
235,769.305806
291,730.396615
321,728.919097
388,695.819283
435,684.105934
499,679.411294
502,677.300396
587,676.902939
702,660.687446
845,618.113612
895,602.117593
1378,590.570385
2216,552.557779
2682,550.703768
3283,542.025248
3497,541.966875
4113,540.659389
4256,539.244977
4257,526.935193
5223,484.847628
6855,476.994495
8363,466.526058
8907,421.657323
9670,416.800856
10213,415.817366
10775,411.353006
10796,403.161016
10863,394.777094
11019,394.405675
11025,393.597897
11310,377.346206
11410,373.104641
11438,371.631038
11666,366.169513
11708,350.090542
12023,346.648496
12254,341.721712
12322,333.264871
12410,333.245300
12482,331.693258
12550,325.969702
12688,325.059568
12721,324.343662
12756,323.873472
12904,313.146748
12921,310.531113
12934,301.034841
12973,287.083015
13046,284.446742
13147,275.023483
13466,274.783374
13569,271.943548
13672,271.354376
13693,269.179486
13791,265.734442
13856,265.639943
13893,260.317099
13936,255.189022
13950,255.002951
14019,250.604578
14054,249.772715
14146,249.468108
14195,247.235750
14218,245.023720
14227,244.673168
14278,238.385775
14397,237.324821
14478,235.462549
14515,235.015805
14522,234.337588
14539,233.118580
14559,232.343168
14560,231.976596
14565,231.914807
14584,231.730052
14602,231.262063
14669,231.178006
14679,230.785738
14691,229.849714
14703,228.659420
14710,228.590145
14739,228.471766
14758,227.916878
14763,227.802949
14766,227.633824
14769,227.484280
14794,227.055158
14795,226.733657
14801,226.706048
14802,226.526955
14803,226.073549
14813,225.269185
14843,225.261623
14851,225.237459
14859,225.180219
14862,225.166267
14867,224.883641
14876,224.866707
14877,224.650758
14880,224.516122
14889,224.497745
14892,224.488495
14893,224.428763
14901,224.343086
14908,223.959717
14913,223.946443
14924,223.872371
14931,223.826576
14933,223.770052
14938,223.706276
14940,223.703347
14941,223.692971
14942,223.635465
14947,223.628616
14948,223.536228
14951,223.535716
14952,223.483504
14954,223.456510
14956,223.436374
14962,223.420951
14966,223.406077
14967,223.393255
14969,223.381803
14971,223.378650
14973,223.376826
14979,223.376806
14980,223.376804
14981,223.376800
14988,223.376800
14989,223.376800
14990,223.376800
