Evaluations,Fitness
1,1496.616690
2,1475.034982
3,1333.293571
8,1294.631788
26,1278.402105
64,1259.948097
66,1247.420253
68,1245.461449
78,1195.671536
82,1137.430891
104,1128.334733
105,1123.596132
111,1081.237807
115,1048.777411
147,1029.817988
177,1012.432917
208,987.051902
210,973.101541
213,898.263317
232,895.617427
273,823.077064
295,819.472300
306,775.342203
355,747.128090
447,720.865778
471,684.721670
714,676.791377
967,652.058730
1444,597.930357
2748,595.320867
3354,583.276729
3755,541.674954
4120,535.169048
4195,529.623973
4701,515.135951
4739,463.379407
6567,426.398839
8478,426.384513
8847,382.082581
11812,379.326962
12145,370.365801
12326,358.576227
12374,345.498112
12509,340.064041
12699,332.787472
12738,332.743870
12945,321.894520
12962,306.266466
13096,304.542259
13221,291.175158
13401,285.037720
13507,281.619387
13571,277.823285
13694,276.854929
13729,273.716082
13735,272.622483
13736,266.374976
13747,261.870896
13849,257.666827
13929,254.733775
14231,253.520232
14233,253.230419
14240,251.706645
14246,250.259778
14278,250.087872
14342,249.474078
14413,249.262012
14433,248.012073
14467,246.508344
14501,246.439409
14514,245.920515
14540,243.295818
14598,242.809831
14602,242.143955
14627,242.083206
14639,241.537525
14645,241.407922
14650,240.042627
14652,239.785476
14683,238.177605
14692,238.146619
14716,238.121412
14725,237.865905
14730,237.830384
14731,237.609260
14739,237.363660
14756,237.224813
14773,236.573221
14784,236.552544
14786,236.439239
14792,236.438915
14801,236.226127
14804,236.100166
14810,235.861123
14814,235.797092
14821,235.736206
14822,235.144223
14831,234.525551
14835,234.518588
14848,234.225587
14863,233.994762
14866,233.982151
14878,233.845926
14882,233.742741
14883,233.711023
14884,233.511558
14898,233.202904
14902,233.192102
14906,233.104681
14908,232.972536
14909,232.933274
14910,232.902877
14913,232.694763
14915,232.439966
14930,232.425499
14938,232.360491
14943,232.234147
14949,232.219063
14951,232.145542
14954,232.076162
14964,232.051329
14966,232.019095
14970,231.981434
