Evaluations,Fitness
1,1.13502e+09
2,8.48441e+08
3,7.10531e+08
16,6.24993e+08
84,5.83697e+08
126,5.46093e+08
135,4.8237e+08
139,4.67577e+08
144,4.02237e+08
175,3.1207e+08
185,2.90175e+08
249,2.68173e+08
255,2.64306e+08
280,2.39098e+08
312,1.56627e+08
355,1.43035e+08
357,1.34922e+08
389,1.31899e+08
402,1.08668e+08
429,5.58428e+07
488,5.29278e+07
507,4.90353e+07
508,4.48785e+07
523,3.04665e+07
600,2.34625e+07
613,2.12738e+07
615,1.38042e+07
657,1.07279e+07
664,5.85811e+06
707,4.14796e+06
838,3.60338e+06
840,2.66746e+06
855,1.34367e+06
898,1.11806e+06
916,751701
920,706226
991,455330
992,358340
1012,275862
1047,155107
1106,120698
1125,90010
1131,86034.9
1143,75388.8
1166,69089.2
1187,60887.6
1193,46190.5
1196,34398.9
1227,34033.2
1242,27316.5
1273,24325.9
1287,21635.7
1305,20686.5
1308,15508.9
1335,15190.9
1336,11739
1371,9747.69
1373,6843.99
1397,6688.56
1406,6673.79
1409,6639.33
1421,5708.48
1429,3722.15
1453,3395.62
1489,2970.04
1500,2720.75
1542,2663.46
1565,2563.14
1575,2176.51
1586,1974.5
1616,1497.92
1619,932.408
1649,739.059
1690,644.229
1709,571.614
1710,495.99
1744,464.345
1751,464.135
1755,430.13
1785,421.563
1799,392.929
1810,376.551
1825,368.709
1844,284.746
1861,282.816
1866,265.914
1874,207.992
1924,202.083
1929,201.09
1933,180.781
1935,169.909
1951,148.608
1969,140.288
1978,139.147
1988,120.651
1993,113.873
1996,106.506
2026,98.2344
2048,97.278
2056,96.1748
2063,92.7467
2066,89.1644
2096,88.2646
2099,87.8714
2109,87.8318
2110,82.1897
2139,80.4767
2141,78.8926
2159,77.9249
2169,77.6178
2184,70.078
2227,68.9873
2229,68.955
2244,66.825
2245,66.2907
2249,65.0696
2261,64.6794
2268,64.4865
2283,63.9342
2290,63.6305
2297,63.4716
2302,63.1404
2310,63.0705
2311,62.931
2320,62.3182
2321,61.9182
2344,61.8929
2356,61.1846
2391,60.7853
2400,60.6567
2421,60.2494
2429,59.9966
2441,59.4359
2472,59.4329
2473,59.3327
2490,59.32
2494,59.2906
2510,59.2281
2524,59.0692
2530,58.9888
2554,58.8908
2561,58.8693
2564,58.8101
2594,58.7897
2607,58.6702
2644,58.4348
2707,58.3056
2731,58.1785
2763,58.0835
2877,58.0464
2906,57.9885
2942,57.9878
3051,57.9869
3064,57.7614
3172,57.6839
3189,57.6712
3226,57.6139
3246,57.5284
3365,57.3702
3435,57.3252
3576,57.0641
3936,57.0349
5246,57.0181
5483,57.0024
6703,56.9952
7364,56.9831
7365,56.9694
7430,56.9474
7868,56.9221
8267,56.9075
8628,56.9
8847,56.8459
8864,56.8379
8901,56.835
9210,56.8064
9271,56.7525
9317,56.7399
9375,56.7027
9447,56.6754
9489,56.6353
9595,56.6034
9598,56.5655
9813,56.553
9828,56.5208
10065,56.4944
10083,56.4519
10256,56.4066
10315,56.3702
10473,56.3335
10478,56.283
10965,56.2456
10970,56.1994
11197,56.1731
11646,56.1725
12389,56.1662
13497,56.1622
13614,56.1597
14092,56.1569
14430,56.1568
14468,56.1543
14588,56.1542
14767,56.1535
14791,56.1532
14814,56.153
14839,56.1526
14916,56.1524
14972,56.1524
14973,56.1524
14974,56.1524
