Evaluations,Fitness
1,21.4578
4,21.4363
5,21.3824
10,21.325
12,21.2622
37,21.1152
69,21.0622
73,20.7963
81,20.7468
100,20.7466
111,20.1769
141,20.0506
158,19.6239
188,19.2661
279,18.78
340,18.6617
348,18.4516
358,18.3446
380,18.2637
422,17.9882
503,17.9448
505,17.9068
555,17.7414
580,17.5519
599,17.4311
605,17.4212
639,17.3683
666,17.3165
677,17.2162
713,17.1463
802,17.0374
865,17.0138
869,16.94
890,16.8243
892,16.6134
953,16.4974
975,16.0669
1226,15.8935
1499,15.5058
1662,15.4008
2466,14.9611
3192,14.8295
3574,14.7922
3621,14.7643
3713,14.6503
3955,14.5251
4933,14.5086
5391,14.4807
5487,14.4523
5707,14.449
5753,14.3207
5885,14.2247
6269,14.1705
6357,14.104
6469,14.0935
6982,14.0213
7043,13.9565
7126,13.9545
7410,13.9313
8315,13.8695
8381,13.6956
8426,13.6555
8607,13.6405
8698,13.6106
9003,13.5784
9156,13.5568
9269,13.5453
9441,13.4658
10087,13.3773
10460,13.3333
10665,13.3244
10801,13.3166
10989,13.2252
11774,13.2225
12297,13.1624
12372,13.14
12382,13.1168
12565,13.1046
12747,13.0783
13197,13.067
13541,13.0554
13790,13.0242
13835,12.9978
14318,12.9928
14521,12.9861
14554,12.9694
14576,12.9412
14585,12.9137
14610,12.8986
14616,12.8855
14626,12.8098
14633,12.7814
14725,12.757
14752,12.7187
14756,12.6535
14795,12.6432
14801,12.6413
14806,12.6339
14810,12.6086
14843,12.6058
14848,12.6023
14851,12.5798
14871,12.572
14882,12.5597
14895,12.5459
14900,12.5387
14909,12.5365
14912,12.5319
14913,12.5281
14915,12.5272
14924,12.5228
14935,12.5191
14938,12.5173
14939,12.5126
14948,12.5088
14950,12.5084
14957,12.5079
14960,12.507
14966,12.5042
