Evaluations,Fitness
1,21.563671
2,21.453741
3,21.280516
29,21.236318
32,21.236103
35,21.201328
45,21.192348
102,21.116149
152,21.084133
158,21.041192
173,20.908802
205,20.807173
412,20.793917
414,20.745263
416,20.589143
450,20.572116
472,20.546316
510,20.533622
528,20.524872
543,20.407486
704,20.173679
732,19.717264
794,19.555002
850,19.514377
946,19.499503
969,19.419631
1026,19.385531
1035,19.172433
1037,19.147538
1097,19.023230
1181,18.997762
1247,18.825105
1295,18.540292
1387,18.373609
1444,18.313752
1478,18.250676
1509,17.934578
1564,17.723101
1654,17.520992
1837,17.383586
1888,17.026506
1981,17.005419
1988,16.951401
2010,16.764085
2038,16.655353
2100,16.565327
2162,16.341116
2177,16.305656
2218,16.226299
2264,16.091281
2368,15.708915
2429,15.618787
2458,15.521886
2459,15.358624
2500,15.169469
2732,14.973954
2765,14.566032
2856,14.520326
2858,14.323841
2951,14.205451
3040,14.192709
3069,13.892383
3097,13.832566
3130,13.733530
3210,13.646198
3221,13.616006
3269,13.470570
3281,13.309161
3411,12.655955
3586,12.633711
3649,12.500904
3679,12.448753
3739,12.315832
3782,12.064712
3903,11.718782
4045,11.672885
4050,11.605172
4052,11.532012
4171,11.479845
4352,11.344142
4407,11.214390
4435,10.956899
4470,10.905372
4553,10.763224
4643,10.694266
4854,10.543288
4917,9.928004
4948,9.845068
5040,9.602595
5098,9.292930
5220,9.269255
5229,9.121277
5342,9.118282
5345,8.776417
5712,8.672964
5740,8.472832
5801,8.357198
5886,8.203727
5891,8.195034
5914,7.522952
6183,7.516550
6185,7.515432
6245,7.505495
6347,7.434471
6367,7.176448
6495,7.158031
6527,7.023200
6619,6.963154
6645,6.926121
6647,6.805892
6709,6.718403
6831,6.465430
6953,6.339372
7012,6.243778
7074,6.003812
7228,5.765930
7312,5.745015
7410,5.732783
7610,5.711945
7676,5.599416
7714,5.560605
7773,5.517285
7829,5.506517
7854,5.473122
7919,5.339776
7985,5.228667
8077,5.216044
8165,5.177914
8166,5.161975
8194,5.152374
8223,5.084469
8375,5.076286
8379,4.958955
8462,4.953923
8495,4.888282
8586,4.821233
8642,4.807905
8767,4.790817
8890,4.757786
8974,4.709394
9125,4.700240
9126,4.660395
9213,4.608926
9216,4.576649
9245,4.549727
9273,4.524770
9605,4.515602
9665,4.515093
9737,4.259075
9797,4.083928
9886,4.063953
9921,4.006961
10028,3.963874
10041,3.944945
10086,3.820439
10117,3.788279
10199,3.720783
10264,3.581380
10474,3.566409
10503,3.556489
10510,3.531047
10541,3.521978
10619,3.469277
10620,3.441827
10653,3.435357
10710,3.312321
10889,3.288451
10979,3.239940
11151,3.231662
11189,3.218871
11191,3.187563
11249,3.174559
11251,3.122568
11403,3.108586
11429,3.105557
11460,3.097410
11462,3.088432
11552,3.081348
11553,3.065171
11583,3.058158
11628,3.054288
11644,3.052491
11699,3.043440
11702,3.024859
11789,3.021942
11791,2.984079
11851,2.947849
12002,2.945129
12030,2.926846
12063,2.914699
12072,2.817515
12137,2.816330
12166,2.795607
12197,2.758807
12221,2.736757
12254,2.726618
12257,2.704996
12351,2.681277
12413,2.674656
12473,2.664948
12494,2.637143
12564,2.620202
12681,2.604157
12683,2.598214
12684,2.557838
12715,2.551563
12734,2.496143
12824,2.445344
12884,2.425856
12916,2.397113
13007,2.378429
13099,2.324386
13153,2.316488
13278,2.303245
13306,2.291611
13308,2.277471
13312,2.256880
13392,2.256582
13395,2.253175
13424,2.248263
13428,2.235241
13458,2.231891
13492,2.199168
13575,2.181118
13603,2.122396
13722,2.108502
13754,2.105240
13782,2.096993
13814,2.074317
13844,2.052378
13874,2.049441
13995,2.009839
14024,1.999845
14025,1.995381
14145,1.984995
14266,1.955625
14325,1.953742
14326,1.951110
14333,1.940471
14393,1.926175
14446,1.925056
14473,1.917068
14535,1.895039
14615,1.805228
14856,1.776941
14886,1.773539
14976,1.756122
