Evaluations,Fitness
1,2478374895.523165
3,1516009626.031294
18,1160156453.940930
21,1151361218.912418
22,1078765019.695953
44,942456861.212734
49,560677340.425381
137,353974090.207754
140,340378445.635240
168,303787317.993536
369,302564574.181667
377,300926383.413208
406,276957761.259160
466,265233518.816701
667,254057129.351467
728,246714075.007187
788,233729205.962243
917,222660951.776250
996,208501417.593963
1000,187476579.166944
1057,179035558.378748
1087,171942679.811073
1187,168989355.806703
1188,166142908.979561
1337,149024544.203329
1416,148862264.057559
1425,137692168.260278
1756,137493784.223288
1762,134852953.776085
1907,134301661.865416
1936,133908696.791761
2032,133430816.836869
2047,129157390.210102
2145,127597669.738254
2175,125712042.050811
2235,124706455.826170
2236,124194935.714433
2237,123214674.653994
2297,121906380.910420
2327,121747211.893568
2356,118905080.823722
2415,118480789.897693
2505,118386889.703818
2541,116622113.034581
2542,114829582.744415
2601,114346050.399173
2662,113719730.445539
2782,112622171.248049
2900,111287189.781288
2901,110682836.741860
3111,109840956.451229
3172,109443819.260373
3174,109273427.196447
3292,109194576.590417
3350,108951273.283865
3380,108440640.384039
3411,107842336.416868
3441,107752912.096462
3443,103298396.646326
3594,103040331.225675
3595,101419023.368416
3744,101078491.270071
3801,100745481.702844
3861,100091968.460140
3905,100026388.628929
3907,99247906.037716
3936,98217581.508922
3963,97975477.825882
3964,97736277.748834
3992,97388398.429915
3993,97214563.830079
3994,96588368.974545
3995,96324448.959162
3998,95859979.160103
4118,94208757.248065
4177,94193252.045387
4205,94136702.139230
4209,93866724.226639
4254,92322924.073065
4553,91375782.198872
4583,89178631.599264
4703,88918487.624549
4793,88733306.344456
4795,87724430.520043
4858,84464798.646572
5126,81824735.733808
5246,81765886.104258
5365,81596064.072442
5398,81548837.471732
5455,80651734.843384
5545,80511512.884308
5575,79380557.090278
5666,79231698.111014
5725,79206084.670435
5726,79149041.026755
5752,76880576.943614
5932,75497686.098667
5993,75294075.062121
6023,73969568.498667
6024,72928682.011670
6053,71335663.973743
6141,71175246.051142
6231,71099585.305044
6232,70730432.101731
6234,69870060.901865
6235,67720378.644235
6294,67654811.817618
6325,67555135.199504
6415,66892656.941301
6442,66283975.489614
6472,64771950.948335
6502,64768928.387974
6742,64273742.765685
6745,64262440.814133
6861,64107139.909607
6895,63549764.804001
6957,62690420.889737
7073,61783005.683477
7075,61402252.779238
7103,60913637.139908
7105,60826371.458299
7133,59972333.134246
7285,59579335.157718
7408,59367932.779246
7494,59340529.607457
7527,59114397.929234
7557,58724545.834487
7798,58503868.977779
7856,58092325.814731
7916,58089875.884163
7978,58052744.019679
8068,58047577.807517
8098,57907800.863116
8126,57870198.438976
8128,57665144.763022
8156,57581307.180179
8158,57497966.648041
8186,57350546.782544
8188,57305382.421038
8212,56181004.888938
8517,56116679.055457
8548,55914815.689814
8580,55851904.838830
8607,55828431.209468
8608,55637911.694646
8662,55196472.590922
8846,55141158.286689
8848,55013441.348836
8850,54938890.440830
8876,54848200.693394
8880,54807572.281627
9000,54746546.626465
9057,54726241.379177
9087,54671236.029430
9105,54237903.806207
9120,54216646.770493
9147,54105315.636475
9148,54044092.455795
9150,53980676.052732
9178,53963114.500486
9209,53948508.633049
9255,53494571.704282
9467,53166178.297269
9497,52996937.548108
9504,52933655.198063
9623,52925832.789216
9653,52671771.221412
9677,52159255.023466
9777,52103682.855330
9780,51966523.689427
9803,51266236.747944
9861,51052209.100931
9921,50576431.632009
9955,50562239.590515
9985,50540032.930876
10014,50369297.223241
10045,50366375.149776
10047,49425739.457760
10164,49402650.581006
10226,49346796.500345
10228,49219799.235559
10285,49209394.392375
10315,48717192.666392
10316,48633262.590018
10345,48516465.918785
10408,48464324.933602
10438,48067430.643550
10467,46809302.156582
10495,46682766.823182
10525,45926048.387469
10527,45062928.627219
10529,44929355.648054
10555,44639620.394089
10559,44628212.640282
10585,44090982.082704
10678,43279493.598752
10705,43134173.314439
10733,43008104.343700
10769,42798847.531925
10796,42571173.300026
10797,42183286.750906
10829,40655827.560775
10980,39951380.303869
11008,39867063.845276
11039,39708047.506422
11090,39548779.783434
11207,38604167.724516
11328,37119709.872482
11547,36443577.640745
11636,36182256.445533
11726,36136682.029102
11746,35825787.542884
11808,35739178.444276
11847,35637570.881189
11958,34645117.455295
11986,34540924.559327
11988,33311321.149576
12018,32981712.160265
12076,32908243.097679
12314,31965563.042544
12434,31601186.122444
12528,30535701.292149
12622,30322464.014096
12676,30320401.446370
12706,30137737.572918
12734,30088321.689223
12858,30011961.872203
12890,29915674.426898
12918,29627419.570169
12949,29565034.677141
12950,29514235.452352
12980,29097168.899329
13129,29011296.727964
13190,28884487.515575
13218,28657646.741238
13247,28569620.671859
13312,28528634.957369
13342,27887924.918937
13372,27594565.296242
13401,27484562.538468
13432,27443636.733567
13492,27324835.848011
13494,26963959.068390
13701,26681153.888465
13939,26611225.087173
13944,26436917.809132
13969,26420997.323586
13999,26274293.296779
14151,26206205.081042
14241,25978342.466362
14389,25895107.188146
14392,25883909.536682
14449,25817314.949179
14482,25785561.139188
14542,25642481.020913
14604,25351135.245414
14694,25048401.394397
