Evaluations,Fitness
1,227157
2,196093
3,181750
7,181439
14,153050
40,145283
42,134959
51,131390
60,129970
63,96576
108,94456.8
139,93225
151,88766.3
171,82597.4
179,79372.1
234,76639.1
284,66163.3
373,60210.1
556,54417.7
666,53546.3
753,53220.6
764,50345.7
765,48311.9
848,46463.5
939,44725.4
983,38235.3
1087,37575.4
1107,31109.5
1259,30677
1291,24705.6
1352,20671.1
1558,20431.5
1709,19240
1737,18763.9
1827,18679.1
1828,17786.1
1919,17623.2
1949,17367.5
1951,15577.4
2042,15023.4
2069,14909.4
2099,14740.1
2134,14122.8
2219,13709.4
2337,13110.4
2368,12562.3
2370,11553.6
2402,10702.4
2490,10023.8
2580,9169.66
2696,8687.5
2758,8320.67
2759,8289.9
2788,8130.75
2792,7576.73
2911,7002.21
2970,6922.43
3003,6824.28
3030,6736.47
3036,6208.77
3185,5967.79
3275,5621.82
3304,5602.41
3365,5468.02
3475,5249.91
3506,5027.02
3517,4987.3
3519,4962.49
3536,4936.88
3547,4863.08
3606,4794.5
3607,4747.07
3624,4688.08
3625,4550.1
3652,4334.82
3663,4333.03
3665,3842.97
3726,3817.26
3756,3325.84
3937,3155.87
3967,3009.27
4027,2999.92
4049,2913.43
4197,2593.52
4448,2561.9
4449,2451.48
4528,2422.95
4648,2286.81
4678,2192.78
4822,2156.3
4888,2072.7
4978,2033.44
5067,2022.75
5068,2014.93
5071,1943.13
5183,1556.81
5310,1540.2
5456,1382.49
5526,1331.85
5606,1319.14
5698,1303.63
5704,1269.17
5785,1139.24
5788,1041.18
5838,962.423
5930,915.74
5938,909.473
6021,856.52
6111,825.751
6141,807.748
6232,796.387
6243,760.309
6295,758.356
6297,737.695
6328,706.612
6389,684.79
6419,683.599
6421,655.93
6422,618.56
6511,587.628
6603,586.321
6604,576.821
6693,565.859
6694,548.391
6696,508.666
6757,485.728
6907,462.999
7056,443.283
7087,434.646
7089,421.662
7149,406.425
7300,401.66
7301,395.165
7324,388.167
7401,381.271
7413,371.451
7423,369.694
7425,329.534
7546,295.933
7667,293.584
7721,292.324
7728,287.676
7755,283.214
7757,282.236
7770,270.378
7836,262.247
7861,241.592
7945,238.438
8064,233.637
8072,226.247
8168,221.522
8247,221.062
8251,216.322
8280,205.761
8454,195.665
8542,187.791
8570,186.803
8610,178.487
8632,169.187
8677,167.602
8680,166.149
8770,165.173
8785,159.978
8826,159.341
8855,156.595
8859,156.267
8881,153.261
8910,149.979
8940,149.97
8941,147.778
9002,141.762
9030,134.125
9060,132.736
9065,126.615
9156,120.891
9188,118.798
9304,114.897
9305,111.957
9336,105.197
9338,99.8905
9424,95.1282
9452,95.1235
9480,93.8819
9542,85.9945
9632,85.6117
9815,84.0807
9844,80.8561
9932,77.95
9961,75.4209
10023,74.3648
10055,72.8497
10082,70.6016
10112,66.6567
10202,66.3282
10232,66.2963
10299,63.6291
10319,63.2571
10354,62.4227
10411,56.1679
10415,54.2332
10446,51.3807
10509,50.832
10539,49.0848
10662,47.7656
10690,42.5255
10844,42.2632
10869,40.3691
10871,35.1081
11027,34.1112
11118,32.2805
11360,31.7177
11386,30.5542
11413,29.7534
11592,29.572
11593,29.4488
11612,28.4757
11630,28.1765
11672,26.2267
11729,25.9725
11798,25.9555
11801,24.7819
11893,24.3216
11895,22.7107
11925,20.0364
12009,20.0008
12013,19.9126
12074,19.1478
12163,18.2842
12193,17.6803
12292,17.214
12378,17.0168
12408,15.2984
12437,14.4587
12443,13.9805
12534,13.6909
12558,12.952
12588,11.3294
12654,11.1729
12712,10.4367
12714,9.87183
12774,9.27539
12890,9.10789
12947,8.03785
12977,7.85084
13045,7.77855
13067,7.59895
13073,7.22991
13219,7.16742
13225,6.96668
13282,6.95817
13284,6.51082
13285,6.2786
13395,6.2253
13454,5.55323
13574,5.50174
13586,5.26683
13615,5.25165
13679,5.21484
13728,5.07033
13816,5.02957
13883,4.91223
13885,4.87985
13886,4.35547
14007,4.14455
14095,3.73494
14217,3.62931
14277,3.58064
14337,3.44135
14368,3.36054
14397,3.35941
14427,3.33097
14429,3.0668
14458,2.9406
14495,2.61118
14732,2.50563
14736,2.49466
14792,2.45447
14826,2.33185
14880,2.28434
14885,2.21329
14906,2.15396
14967,2.08259
