Evaluations,Fitness
1,1140498804.463975
2,1017933485.223019
3,836488759.831822
5,666237949.826887
17,576837481.350746
62,352303071.142619
121,346739124.421315
146,324167539.507486
160,290769506.014598
189,289260273.270876
209,164551597.809167
328,125424843.489917
417,123111472.759616
507,118081604.913278
527,117206503.210237
563,70417017.912917
892,63750259.853292
920,50935295.385596
952,48026945.072847
985,40824628.998821
1014,38250446.297782
1132,32769681.641569
1285,30785647.298557
1371,29449368.588257
1430,28794393.125451
1460,27918496.486660
1490,23700992.435777
1637,23650426.406992
1638,19033792.098416
1646,15861048.032827
1788,14983987.361338
1789,14857291.109304
1855,14007162.131699
1883,13282188.447939
1885,11215210.569953
1948,9786090.747547
2092,9561812.842398
2097,8471791.681606
2187,7842524.890637
2243,7116608.815757
2246,5991708.014956
2247,5282743.077540
2334,4845620.806145
2426,4832839.304028
2429,4695074.369296
2546,4440969.724340
2694,4387290.407771
2756,4286583.373700
2815,4283743.568082
2844,4208888.308469
2875,4207801.710965
2904,4113898.907404
2965,4065985.656975
2972,3922254.644102
2995,3922014.498715
3004,3449657.257527
3123,3423486.752086
3154,3295992.076026
3183,3170514.835649
3252,3126952.840621
3253,3120423.896097
3271,3102694.573419
3276,3098550.367631
3304,2939765.744514
3388,2438552.827491
3505,2325863.605431
3562,2250442.725126
3565,2196001.005772
3566,2104341.980891
3678,1919537.427946
3715,1820729.486335
3746,1742304.953527
3774,1717678.360231
3776,1717620.668537
3824,1517862.725578
3937,1488374.505305
3955,1437440.430826
4009,1382401.061465
4096,1254519.011381
4242,1100066.545963
4243,1019248.631485
4276,759813.165255
4488,693303.604249
4490,617197.509899
4602,570013.541355
4614,545791.948817
4754,543728.390882
4764,540930.775923
4779,497171.505575
4810,493735.805746
4842,461584.258249
4960,449779.822376
4968,441865.791051
4988,438926.401955
5110,427628.998658
5198,426768.150132
5243,373464.693004
5273,368128.283087
5302,358210.304002
5333,350530.445001
5395,337659.210602
5396,319055.581746
5573,285575.804077
5661,277534.114750
5664,276894.816552
5721,271805.785494
5750,265442.406902
5753,265303.005923
5754,260104.793361
5783,260008.092649
5814,238777.356921
5842,236290.186771
5854,234541.673745
5860,223137.606553
5890,219993.505572
5919,216901.848257
5922,205809.816069
5946,196869.292486
6017,195934.096479
6070,192235.138366
6071,177746.578024
6099,167437.378312
6161,163019.388449
6214,148434.376629
6215,141979.713139
6277,134443.430731
6519,128737.597410
6520,124849.864395
6639,120883.530690
6666,119269.132220
6733,114579.804736
6751,110365.830714
6809,107889.026057
6869,103241.077359
6933,87475.333486
6995,82722.718156
6999,68002.161520
7148,67276.999787
7209,63244.382405
7267,61886.323876
7268,60402.777986
7297,57853.905109
7298,57160.430378
7300,55169.596680
7358,54726.079183
7417,53428.850251
7452,49413.362800
7513,47048.041566
7632,46975.417690
7719,46126.187042
7756,42627.983176
7784,39745.663551
7904,37712.304041
7905,36786.675045
8054,36635.162198
8116,36438.407060
8153,35209.107328
8213,34455.678502
8235,31635.987698
8384,29384.749387
8439,27337.549744
8496,26512.363830
8527,23322.769909
8557,22418.605436
8615,22329.972445
8617,21964.771995
8707,21454.716794
8740,18817.055426
8859,17750.933490
8888,17131.961054
8945,16850.655780
9099,16664.265784
9102,14287.533228
9127,14168.308306
9160,14104.091264
9190,13087.441019
9542,13053.994051
9547,11800.987835
9577,11794.635179
9699,11496.021414
9703,11396.961591
9728,11340.704023
9739,10769.893710
9741,10282.800977
9743,9949.879470
9770,9558.670757
9830,9554.641894
9923,9147.249773
9953,8846.837843
9955,8468.573163
9984,8465.249232
10013,7938.216730
10014,7639.904084
10045,7425.036818
10134,7264.860273
10223,7184.553232
10251,7010.926861
10253,6983.888529
10254,6701.802541
10285,6645.504406
10313,6540.433599
10371,6519.819415
10383,6493.210478
10404,6480.537778
10431,6480.142520
10432,6258.520396
10434,6175.061806
10461,5994.572318
10495,5912.528996
10524,5900.990866
10581,5877.343566
10584,5871.226776
10586,5789.674650
10612,5742.538889
10642,5683.550294
10643,5635.033967
10645,5615.759602
10647,5402.988226
10699,5377.247208
10705,5362.176219
10732,5353.838242
10760,5259.168999
10765,4976.340827
10852,4828.253295
10884,4704.700816
10943,4639.059696
10944,4560.502511
11006,4453.099508
11035,4390.213140
11066,4330.860203
11150,4301.907990
11273,4250.114373
11331,4183.594931
11368,4166.598428
11427,4110.855676
11454,4101.264709
11457,4048.833769
11485,4021.373820
11487,3945.856373
11521,3831.893634
11789,3721.161403
11817,3214.406792
11845,3209.113538
11848,3149.506946
11877,3104.336062
11959,3019.776769
12052,2737.874554
12173,2680.424090
12175,2529.855344
12237,2502.688215
12261,2498.472336
12321,2477.104995
12352,2413.232940
12379,2117.141851
12472,2069.695888
12495,2037.166079
12501,1954.227619
12532,1909.164453
12562,1845.307030
12621,1766.410255
12653,1744.410652
12772,1709.856044
12774,1671.592124
12832,1661.130764
12862,1656.099568
12894,1652.919983
12922,1619.118670
12924,1610.848723
13012,1607.930242
13042,1601.522451
13044,1599.910902
13067,1515.173235
13169,1514.047380
13196,1506.720596
13198,1449.638702
13224,1366.619276
13342,1348.449490
13374,1347.231856
13376,1324.849268
13464,1324.759565
13465,1307.955681
13523,1304.691926
13560,1297.479665
13585,1264.610337
13615,1235.190219
13645,1230.866010
13673,1228.303186
13676,1227.844935
13705,1220.204191
13736,1218.587573
13765,1216.299330
13766,1215.180294
13793,1204.900176
13823,1195.541152
13824,1190.737669
13916,1187.767621
13975,1182.281967
13976,1181.014397
14029,1170.588421
14119,1141.080284
14123,1131.895691
14126,1130.414017
14209,1058.841457
14393,1055.981673
14455,1048.951191
14516,1037.839364
14546,1027.158255
14547,1024.322507
14574,1015.674949
14606,996.608255
14733,974.262963
14823,969.681054
14847,968.294755
14852,957.443517
14853,955.198942
14943,918.284201
14944,897.981798
14970,848.122303
