Evaluations,Fitness
1,5789955644.382682
2,1649927157.634042
7,610198795.049230
23,514642307.724289
42,408633886.407032
45,321857579.808703
79,321444585.166713
81,258987301.246618
95,139971110.194390
217,108906506.836182
369,101330419.989984
489,81414961.184737
1057,74522171.638639
1115,67959450.505524
1567,67150459.294992
1625,66670567.477668
1627,66263817.530595
1837,65766495.799414
1838,65476158.743067
1867,65253443.253886
1988,64897978.376664
2016,59343874.204586
2136,58410620.313585
2167,56107277.361683
2225,55219119.070374
2255,54189917.723541
2404,53984214.393661
2405,52353194.047875
2585,50196694.155151
2616,50100040.388609
2675,50033123.032724
2735,49772326.358657
2824,49734545.247626
2977,49581958.366797
2978,49535839.937490
3064,48978348.806171
3099,48925077.986524
3125,48890131.204933
3127,48633833.704213
3157,48540271.882389
3159,48297424.486725
3213,47610593.815078
3215,47351010.859876
3304,47104726.129481
3307,47074069.722549
3391,47019025.902876
3401,46624807.671453
3453,46573415.734616
3455,45926518.462956
3576,45736359.751544
3637,45592199.625799
3666,45346518.788770
3697,45283527.579430
3727,45156832.876942
3847,45106582.041782
3906,44980363.043286
3941,44769346.818640
3960,44438037.978841
3971,44373292.957736
3972,44059293.612094
4002,43285672.123749
4032,43273757.921674
4049,42452831.140800
4171,42152423.273167
4356,42115871.186846
4386,41672064.414105
4387,41555156.439420
4388,41529777.729357
4415,41160891.267842
4416,41136367.259796
4417,41023347.951961
4418,40726867.525794
4446,40122356.201060
4543,39108899.985439
4594,37729550.578411
4689,36789235.052910
4749,36311724.436985
4779,35793863.977131
4805,35441374.690826
4926,35338090.103542
4955,35204856.251745
5047,35065796.298803
5110,34896361.081767
5140,34752257.472552
5168,34233911.327164
5260,34188207.408124
5261,34094922.515222
5287,32950272.443510
5350,32273531.311260
5377,31344611.185056
5497,30845260.447638
5646,30532626.318766
6071,29970544.492516
6160,29821433.987782
6220,29764078.851464
6432,29547518.526703
6462,29395113.235404
6512,29008660.352804
6782,28970411.049950
6813,28885281.040986
6872,28588974.329517
6873,28450980.985392
6902,28317547.130417
6932,28268089.575069
7023,28243883.769715
7053,28241992.231482
7082,28158745.107319
7112,28146796.670676
7141,28078374.582568
7142,27993134.199584
7202,27988963.830542
7210,27908335.027306
7323,27904203.196868
7412,27810755.315248
7445,27681962.938403
7480,27563984.897652
7656,27365912.639120
7685,27326428.055819
7689,27293406.660226
7693,26691248.172625
7861,26654989.805407
7894,26612779.082792
8135,26572826.573100
8140,26205639.285940
8285,26145301.901647
8374,26083047.120903
8381,26007385.641586
8411,25946096.779292
8431,25906820.717953
8472,25892127.149551
8489,25833378.724447
8495,25691077.707726
8525,25553480.590923
8526,25547333.929231
8556,25438648.770993
8645,25431002.711520
8675,25412150.435961
8676,25385757.714661
8705,25357670.787129
8734,25325119.798435
8763,25283374.498579
8764,25226560.500039
8881,25139971.160144
9001,25045442.461727
9030,24956697.021964
9065,24831393.360861
9096,24824505.277346
9124,24729585.058502
9126,24722836.416045
9151,24654597.495919
9154,24506681.959533
9214,24496889.964362
9244,24439726.846693
9332,24357337.959792
9362,24189140.725725
9453,24108936.398999
9482,24095468.166151
9510,24087377.548575
9640,23565496.123200
9936,23517379.964171
9940,22885207.804612
9998,22603015.751354
10090,22304432.014736
10181,22158200.785145
10235,21961745.913758
10237,21299839.733340
10266,20682500.469608
10268,20069261.525445
10504,19768884.222663
10656,19462926.409264
10836,19310641.002103
10897,18955049.034755
10927,18858725.130646
10980,18632546.801255
11044,18510615.844706
11046,18194715.391330
11076,17999487.414212
11077,17486015.164314
11106,16584384.208647
11346,16193183.342231
11435,16077559.688653
11496,15974791.508838
11614,15919129.499448
11677,15901607.163051
11735,15892059.523926
11764,15860332.546666
11766,15773297.866710
11914,15636428.854939
11915,15482949.469439
12064,15449981.323876
12126,15422174.814793
12191,15261918.609157
12362,15132614.358698
12424,15112717.760975
12523,15008593.348392
12637,15001535.545452
12673,14911719.763749
12733,14854627.235979
12853,14823163.610586
12911,14754538.166348
13002,14703163.598491
13091,14650059.161489
13181,14546163.486498
13360,14516687.085297
13361,14457670.751611
13480,14456047.133710
13540,14439972.095197
13571,14414937.365194
13599,14356065.291823
13777,14198100.010404
13807,14168506.722483
13926,14133737.662716
14051,14121902.767840
14053,14058974.407461
14082,14053821.355636
14083,14046869.566807
14112,14017319.477945
14141,14009283.487010
14142,13987571.638684
14171,13980321.444684
14172,13937992.686583
14195,13799879.093616
14345,13554474.440505
14403,13373147.391703
14611,13281028.863902
14735,13241846.921312
14855,13214336.261297
