Evaluations,Fitness
1,8411006.456040
2,7729512.432752
9,7331482.395210
16,6977923.312508
20,6974343.330286
25,5943015.840284
35,4778899.175062
109,4567788.813698
110,3932058.750598
172,3771223.636802
176,3586856.989305
250,2905151.190081
278,2824288.805931
339,2694143.409048
376,2422780.509188
460,2270074.538363
505,2195768.672571
522,2110219.074045
582,2109592.574168
584,1879305.753116
612,1823853.160555
679,1770592.278222
766,1450525.960580
800,1377626.172355
856,1376603.719537
919,1372862.905856
946,1214042.827631
1037,1184092.466864
1065,981193.757480
1066,954744.588992
1148,881393.045872
1183,856973.820029
1224,754727.254969
1433,711308.606416
1463,701053.211351
1514,619049.377502
1655,586321.760432
1687,526583.729758
1715,519529.050311
1777,518404.994862
1802,512564.244628
1807,482348.028741
1834,461530.044559
1898,457755.582377
2003,441607.308382
2065,436903.595246
2096,436106.537113
2125,424365.632409
2156,421131.175199
2166,328433.171562
2194,303219.938150
2226,284167.142942
2317,276533.741549
2438,273078.751768
2498,272906.447488
2503,241700.100934
2596,225767.126455
2679,191272.287104
2708,160142.940510
2887,158249.231945
2979,158221.015149
2980,148376.674323
3034,146570.371150
3037,142764.442898
3043,141663.472206
3066,139191.255613
3128,126983.668965
3188,118217.653291
3248,117698.619181
3279,115797.420261
3308,113938.928495
3339,110244.073532
3397,103992.477018
3458,103759.452480
3488,99155.199484
3494,93134.758666
3613,89326.203271
3645,87114.986367
3671,80071.624469
3731,78696.397433
3758,73497.754142
3851,68917.372342
3879,67259.846345
3967,60596.031889
4024,60200.487656
4061,59418.092167
4065,57743.713818
4125,56661.288608
4151,50727.874199
4212,49023.935860
4214,45640.579031
4274,43335.705335
4423,42185.378885
4451,42075.484390
4453,40909.806033
4514,40349.341873
4605,38970.429125
4666,38856.200524
4780,38257.235957
4832,36581.365167
4894,35277.512389
4938,34634.697994
4959,31189.992841
5036,29299.460269
5061,29105.798309
5114,26218.214090
5180,24934.672695
5204,24639.609600
5266,23648.365938
5296,22997.685106
5356,22689.650153
5446,21590.778839
5503,21567.896153
5544,20919.272936
5575,20236.963952
5604,20068.857349
5666,19876.397423
5702,18464.479630
5859,16947.951926
5981,16351.121626
5988,15931.709031
6016,15750.129885
6071,14771.206782
6100,14325.482119
6138,14284.865285
6139,14056.449360
6167,13588.085343
6168,13271.469508
6171,13032.884432
6256,12848.555529
6291,12530.470367
6409,11209.291812
6437,10706.908198
6498,9326.773305
6576,9081.818431
6608,8914.577480
6754,8617.034189
6757,8245.627694
6847,8123.160085
6849,8034.673899
6876,7861.468532
6909,7745.270094
6937,7529.143325
6964,6545.378065
7114,6533.183841
7174,6165.553491
7235,5945.929203
7295,5935.890526
7307,5843.823786
7323,5780.741492
7327,5672.516464
7354,5510.226487
7355,5503.426394
7415,5473.441040
7443,5369.570983
7445,5222.316893
7475,5051.893118
7503,4932.657063
7505,4914.440761
7506,4824.699586
7567,4673.734791
7591,4599.043557
7592,4459.014809
7684,4336.519842
7687,4243.757048
7747,4112.845347
7893,4069.215093
7923,4041.326214
7988,3916.520077
7989,3888.171091
8010,3856.972717
8122,3747.693580
8143,3739.899729
8168,3686.315823
8172,3633.529628
8291,3514.033150
8301,3388.806971
8322,3366.825719
8382,3281.370477
8383,3248.775076
8390,3095.669560
8471,3009.247798
8481,3004.791793
8501,2952.375404
8531,2856.868738
8535,2851.134029
8589,2839.008280
8591,2700.481765
8621,2624.096603
8622,2388.697077
8650,2367.651572
8713,2268.240778
8798,2255.140344
8923,2214.312251
8924,2178.331530
8983,2151.620130
8985,2146.048111
8989,2076.632797
9045,2065.518514
9079,1883.642882
9276,1881.636947
9306,1781.733586
9338,1730.779868
9368,1698.190811
9480,1628.039321
9570,1618.869200
9598,1615.223536
9617,1614.660556
9619,1600.480252
9646,1592.311217
9674,1542.578969
9707,1491.939588
9709,1485.255325
9721,1464.092790
9736,1460.520751
9737,1459.529028
9750,1401.402696
9779,1317.963901
9807,1259.540277
9898,1224.280738
9986,1205.060844
9987,1153.737243
10046,1116.310881
10076,1079.584182
10077,1061.747215
10170,1026.610075
10198,1013.322897
10226,1002.617365
10227,940.671213
10301,856.691909
10356,846.873134
10376,842.228978
10392,795.584682
10420,772.922762
10452,706.610282
10482,698.488240
10542,696.588319
10600,646.077113
10631,626.042920
10660,618.742176
10665,568.945439
10840,520.202489
10868,490.234858
11111,478.385905
11136,449.928610
11196,445.639948
11198,432.918003
11260,430.911737
11261,410.265338
11262,369.636239
11324,334.326304
11412,320.051961
11440,308.734898
11560,306.175470
11593,302.441045
11648,301.718281
11650,299.047705
11683,291.115366
11765,285.580112
11773,283.144661
11804,273.145967
11830,273.094673
11863,270.126763
11892,262.393914
11945,259.175742
12008,245.513338
12011,245.357993
12115,209.268317
12176,184.007002
12391,162.096725
12501,150.342127
12653,140.831644
12745,127.940128
12837,123.314587
12867,119.931264
12955,119.032516
13010,116.283106
13076,116.280982
13121,99.652479
13386,88.556101
13507,78.604485
13565,70.963195
13716,68.287118
13747,67.997936
13815,64.465082
14010,59.129457
14083,57.273846
14114,51.720707
14364,51.294555
14383,51.275251
14384,50.455288
14416,46.725725
14444,46.148041
14473,45.827683
14536,45.618319
14537,45.394809
14561,44.059698
14566,43.253661
14571,41.236802
14604,38.920174
14742,37.490034
14753,36.475613
14817,35.894054
14907,35.529611
