Evaluations,Fitness
1,21.4836
2,21.206
3,20.8827
32,20.8591
38,20.6716
57,20.6194
88,20.3834
124,20.3676
130,20.0306
212,19.8347
216,19.8322
233,19.822
241,19.7491
276,19.6525
302,19.2741
399,18.9089
401,18.8485
433,18.7438
493,18.6487
594,18.6282
682,18.5943
706,18.5927
730,18.3641
801,18.2844
845,18.2208
899,18.092
901,17.6616
939,17.3645
1030,17.3055
1081,16.5155
1379,16.1614
1440,15.9901
1558,15.8049
1648,15.72
1818,15.1686
1928,15.0632
2022,15.0121
2053,14.5884
2076,14.3002
2137,14.2707
2143,14.2679
2172,14.2181
2257,14.1885
2262,13.9804
2464,13.9695
2493,13.6281
2496,13.5555
2522,13.2264
2643,12.8768
2689,12.8482
2693,12.7588
2719,12.4324
2799,12.2612
2899,12.2588
2928,12.2269
2981,12.2263
2985,12.1407
2987,11.9887
3038,11.9199
3041,11.8692
3077,11.1193
3167,10.7622
3410,10.3629
3500,10.2815
3590,10.1934
3709,9.90752
3795,9.88986
3826,9.81294
3891,9.74806
3913,9.70746
3945,9.55747
3946,9.48445
3947,9.46047
4031,9.04594
4125,8.81918
4210,8.73945
4271,8.73755
4369,8.73332
4388,8.69906
4390,8.38868
4391,8.37315
4421,8.21569
4425,7.94907
4511,7.81355
4667,7.80767
4755,7.79744
4783,7.59375
4843,7.52789
4877,7.43594
4907,7.28344
4971,7.1967
4972,7.14855
5055,7.12878
5057,7.04091
5092,6.90876
5145,6.802
5173,6.76842
5241,6.74861
5322,6.49967
5385,6.40471
5445,6.39225
5505,6.36384
5565,6.29387
5719,6.26387
5747,6.08269
5802,6.00975
5928,5.95556
5955,5.93816
6059,5.90589
6063,5.77835
6151,5.62388
6239,5.46615
6244,5.45149
6246,5.29857
6334,5.27945
6371,5.21778
6405,5.11143
6406,5.03916
6432,4.95487
6550,4.88491
6555,4.86572
6558,4.85969
6610,4.74554
6791,4.6075
6880,4.42253
6941,4.41419
6999,4.37266
7030,4.24497
7032,4.24374
7033,4.19659
7062,4.10285
7064,4.04879
7152,4.02055
7181,4.014
7212,4.00334
7332,3.9988
7452,3.96206
7456,3.94335
7477,3.93751
7479,3.81215
7578,3.7566
7627,3.70378
7631,3.68115
7845,3.67789
7847,3.554
7875,3.54867
7938,3.50639
7967,3.42746
8027,3.41069
8028,3.28197
8207,3.25511
8266,3.2287
8295,3.22331
8297,3.20898
8299,3.20063
8355,3.16331
8505,3.15645
8507,3.11096
8535,3.09352
8658,3.07221
8718,3.03683
8746,2.98728
8838,2.90371
9018,2.84198
9137,2.83879
9139,2.82024
9141,2.81841
9231,2.76258
9241,2.75989
9262,2.75014
9300,2.73863
9320,2.69011
9470,2.67131
9537,2.66933
9562,2.66005
9589,2.6159
9621,2.60847
9739,2.60062
9779,2.59533
9782,2.59294
9798,2.58314
9822,2.56516
10013,2.55959
10014,2.55596
10064,2.53695
10096,2.52644
10097,2.5168
10134,2.46574
10192,2.42577
10333,2.36448
10372,2.34691
10396,2.34406
10423,2.3178
10533,2.29183
10578,2.27416
10602,2.27292
10609,2.24941
10671,2.22178
10674,2.20565
10792,2.18622
10799,2.10672
10923,2.10216
10947,2.07537
11009,2.03394
11127,1.96933
11335,1.9656
11338,1.95309
11360,1.93299
11398,1.92581
11400,1.91861
11417,1.8801
11425,1.8221
11639,1.74638
11652,1.67553
11654,1.62941
11717,1.60287
11866,1.55556
11896,1.55093
11970,1.49547
12028,1.47744
12030,1.3941
12060,1.38491
12062,1.36702
12181,1.34568
12207,1.34058
12245,1.32687
12270,1.31733
12297,1.30697
12299,1.29931
12304,1.29882
12334,1.27309
12403,1.20601
12425,1.15365
12545,1.14663
12611,1.1365
12658,1.12666
12688,1.06367
12901,1.06333
12963,1.03693
12967,1.0229
13039,0.956224
13053,0.951817
13116,0.940559
13129,0.936577
13142,0.932027
13218,0.922039
13230,0.86339
13263,0.851492
13324,0.831675
13383,0.816796
13413,0.801693
13475,0.801168
13497,0.780476
13678,0.77473
13734,0.773943
13782,0.740313
13810,0.731761
13877,0.708317
13968,0.707659
14010,0.697923
14012,0.671068
14019,0.669211
14089,0.661247
14168,0.658534
14211,0.657335
14215,0.629862
14246,0.57152
14275,0.493241
14283,0.456256
14284,0.454464
14285,0.421854
14377,0.402273
14585,0.388563
14587,0.371965
14795,0.369818
14796,0.36257
14825,0.345607
14884,0.342599
14890,0.339002
14913,0.322451
14976,0.321599
