Evaluations,Fitness
1,1093602023.225378
2,704078003.938610
22,694518131.441607
30,671178453.145880
39,647145415.425176
40,443855126.231515
64,372206101.542104
78,354987175.708046
80,326980971.786443
171,298999099.975140
194,285785743.155468
213,173668590.107202
215,111330764.412536
423,105033829.208151
430,97408920.780811
453,87784817.844411
542,84573244.535239
569,81569497.081293
599,74977486.517495
662,74844905.169733
663,52158927.785993
781,47731592.929946
841,47632932.994953
875,41693774.089074
1026,40271009.737850
1114,35467229.154590
1143,33558605.677920
1175,31464734.145748
1241,29749307.257227
1323,29285138.231730
1329,20207605.031847
1567,18366893.107006
1597,18145232.040126
1629,16465289.235504
1812,15424764.947651
1841,13817828.776353
1883,11905097.411096
2144,11148594.447106
2167,11061303.856483
2174,10838982.676375
2247,8721303.978317
2353,7956459.062467
2368,7017808.833568
2633,6203312.351393
2661,4861570.019460
2723,4806588.927875
2816,4239879.786653
2905,4187770.951167
2933,4177630.040906
2991,3624407.755425
3052,3277490.135685
3082,3255110.678693
3110,2691547.002987
3232,2563190.005277
3236,2514834.574806
3353,2429326.656687
3388,2425097.710661
3409,2399414.553478
3443,2359086.003205
3472,2218820.221418
3561,2152438.406692
3563,2142027.878837
3591,2093503.770421
3627,2064518.729344
3744,1730167.982904
3772,1532897.054351
3862,1522027.688572
3864,1432244.374573
3981,1410938.927944
4018,1277433.290042
4133,1257037.345161
4134,1252055.897346
4162,1157442.505233
4201,1035554.033476
4320,1014262.231129
4321,966218.011214
4351,965580.108467
4352,925808.922044
4410,837725.127532
4470,793774.048793
4498,729747.224882
4501,709203.575611
4530,704934.141974
4531,697352.112383
4532,673069.535291
4651,652650.359807
4664,651590.558295
4681,616650.648188
4752,578656.842120
4758,362001.200444
5120,343448.459742
5213,343116.214951
5299,343020.447690
5357,320199.839973
5359,315689.484187
5360,312551.293691
5389,311580.242929
5450,309855.468474
5477,305736.264876
5478,298319.936196
5479,293433.342395
5480,279601.300918
5568,279590.428921
5576,274827.626310
5630,272333.159980
5662,267009.002800
5692,265786.236154
5720,262376.014323
5807,261219.502911
5856,227477.835842
5859,192071.911088
6004,157586.418524
6062,147372.522282
6177,119404.300802
6273,111155.951481
6274,95816.540506
6328,90625.548781
6487,85177.166655
6488,76278.359491
6547,76171.623910
6630,74809.124296
6637,74217.576140
6638,73233.451659
6780,65391.353531
6810,64130.244425
6959,57046.328975
7016,51951.072034
7048,51265.672572
7075,49209.754752
7225,48774.969178
7238,48170.839616
7239,46118.739919
7240,42376.272368
7298,39424.539991
7416,38205.330887
7446,37627.953387
7499,34804.156461
7588,33309.493940
7616,31659.326744
7644,30157.588718
7740,29447.390646
7793,28123.505819
7836,26204.655679
7924,22946.422181
8079,21760.093549
8257,20416.079269
8319,19060.927761
8378,18096.994536
8379,17775.845030
8469,17688.043218
8557,17592.461829
8586,16950.061955
8665,16526.106333
8728,16374.130044
8730,16109.400342
8817,16057.516192
8885,16006.487255
8890,15810.419583
8919,15758.058734
8949,15410.729472
8951,15307.901674
9009,15281.571728
9018,14976.645896
9019,14231.387947
9080,14078.669938
9141,13773.628138
9146,13666.813424
9148,13559.625911
9168,13375.558032
9171,13294.521007
9189,12035.170405
9221,11741.669113
9281,11562.805108
9311,11045.291288
9359,10871.070850
9361,9872.976732
9480,9776.698064
9507,9612.871509
9535,9433.651379
9537,9145.266344
9584,8812.984242
9612,8787.937076
9614,8751.944886
9654,8412.235914
9685,8291.752842
9716,7318.028464
9809,6894.586975
9986,6643.601404
9988,6291.152921
10017,6259.250008
10019,5820.393757
10134,5339.538079
10164,5230.100345
10193,5214.387821
10255,5118.791655
10283,4816.818565
10343,4585.763912
10373,4472.759019
10403,4408.808539
10555,4379.840671
10585,4377.847283
10647,4372.696312
10674,4331.698869
10700,4262.741195
10761,4136.304826
10824,4055.830050
10882,3987.550208
10940,3949.876282
11000,3859.431490
11033,3687.150792
11061,3639.476269
11120,3576.298694
11241,3574.557316
11269,3556.916738
11309,3550.959193
11331,3493.691876
11337,3442.156339
11394,3313.151435
11483,3289.894622
11488,3259.919889
11602,3231.302364
11631,3036.096095
11720,2815.371441
11780,2806.704098
11782,2772.840357
11842,2767.443379
11900,2751.958815
11931,2721.732974
11932,2721.599235
11958,2661.293928
11960,2641.989982
11990,2591.266456
12018,2568.314883
12052,2551.313082
12057,2498.349501
12059,2439.017525
12113,2385.615183
12142,2372.461694
12201,2371.323150
12210,2352.298412
12263,2329.009181
12269,2317.779728
12292,2316.026395
12302,2233.847473
12379,2226.411191
12392,2223.505243
12422,2218.270928
12495,1831.804576
12525,1786.336260
12527,1714.520422
12534,1711.536273
12535,1627.637886
12565,1627.569476
12622,1597.567469
12653,1567.559022
12744,1528.906540
12782,1523.399194
12804,1503.579831
12864,1501.646642
12871,1501.071008
12893,1499.260406
12954,1497.739446
12957,1490.174940
12977,1478.432367
13044,1472.083102
13066,1466.654592
13126,1432.207511
13218,1411.633840
13220,1365.821892
13221,1346.902370
13283,1286.928817
13368,1246.225377
13463,1233.422991
13492,1213.914988
13553,1212.343487
13582,1204.956333
13583,1196.070681
13642,1195.589393
13699,1179.556198
13789,1163.873496
13823,1110.841679
13851,1106.906947
13911,1080.472786
13939,1080.227218
13976,1075.997702
14008,1059.465148
14062,1052.499994
14090,1031.866202
14092,1027.245069
14119,1010.213400
14182,990.126672
14220,975.049153
14297,974.022327
14306,952.087898
14331,941.559712
14390,872.882708
14568,871.087197
14626,862.365850
14747,861.127860
14777,841.580686
14815,823.326077
14816,804.189497
14871,783.765517
14903,778.086426
14993,777.886373
