Evaluations,Fitness
1,382971
2,328358
4,320519
5,253527
6,250236
17,242728
37,232318
45,220964
46,215909
59,204619
65,187237
66,173156
108,150532
250,145665
252,145566
278,139539
317,127605
319,105304
356,89887.9
466,84353.6
540,83542.9
592,82941.3
602,78877.9
612,72054.2
657,63622.6
688,59118.2
764,57451.4
765,55408.1
776,50832.7
868,47582.6
876,45978.7
1042,44800.2
1105,44501.4
1110,44294.6
1145,42538.4
1190,36451.7
1300,30840
1432,28229.5
1487,27824.1
1574,26892.5
1644,25410.1
1689,23115.1
1821,22640.5
1837,22015.2
1882,21322
1922,20452.1
1955,17607.9
1956,17013.7
2016,16586.3
2042,15294.6
2163,14524.6
2285,13138.3
2286,13117.1
2375,12793
2433,12076.2
2463,11419.2
2491,11380.2
2528,11158
2587,10899.6
2613,10641.8
2708,10245.7
2798,10181.3
2859,9388.66
2890,9289.03
2901,9131.07
3023,7938.56
3111,7111.78
3204,7060.94
3230,6649.5
3290,6627.31
3292,6593.77
3380,6534.6
3382,6531.77
3386,6517.24
3449,6275
3472,5981.91
3532,5980.4
3553,5485.95
3582,5224.69
3733,5213.23
3746,4849.8
3864,4798.24
3892,4462.63
3980,4398.65
4009,4252.1
4010,4140.5
4063,4078.15
4102,3945.08
4213,3944.73
4219,3768.59
4313,3694.67
4339,3649.21
4340,3534.52
4367,3530.38
4369,2827.19
4463,2736.43
4578,2707.53
4582,2626.62
4583,2496.49
4731,2475.93
4737,2467.9
4765,2464.16
4791,2446.02
4794,2396.16
4877,2373.73
4925,2345.26
4927,2324.99
4943,2308.31
4961,2238.49
4977,2177.81
5008,2129.97
5021,2083.25
5023,1890.17
5043,1868.46
5147,1661.36
5239,1589.96
5267,1488.63
5295,1484.98
5329,1413.75
5385,1328.3
5505,1305.92
5522,1226.66
5539,1225.05
5550,1192.43
5686,1165.77
5715,1143.19
5804,1103.55
5864,1080.07
5867,1049.07
5892,1032.15
5894,1001.4
5998,944.087
6030,919.077
6087,818.311
6175,767.318
6234,744.259
6235,743.969
6239,706.872
6240,701.545
6272,692.867
6330,668.046
6387,641
6454,625.99
6480,583.72
6599,580.003
6623,552.057
6625,538.934
6626,496.34
6715,482.946
6835,478.01
6867,475.776
6895,444.463
6900,435.333
7051,431.115
7081,416.421
7082,415.119
7201,414.168
7223,410.518
7258,403.649
7285,398.728
7350,390.389
7381,387.161
7389,380.548
7392,371.789
7450,369.324
7451,362.712
7485,356.285
7502,349.958
7515,348.432
7560,342.49
7563,336.84
7592,333.468
7642,328.149
7650,323.086
7652,321.767
7660,316.938
7676,302.627
7720,300.351
7738,299.11
7767,256.409
7915,248.954
7991,248.145
8064,234.274
8070,219.964
8189,209.5
8218,204.577
8275,195.267
8276,192.38
8338,172.051
8427,165.415
8519,162.819
8550,149.811
8609,147.9
8641,147.237
8642,144.558
8728,143.435
8792,139.58
8819,137.511
8951,136.636
8972,133.937
9041,124.699
9181,122.527
9200,116.397
9228,115.969
9290,107.207
9346,101.391
9461,101.215
9564,96.9849
9566,93.6901
9603,93.5829
9622,91.8264
9627,89.5836
9657,76.5599
9838,75.046
9897,69.1071
9958,68.1591
9988,66.1256
10045,64.7029
10168,64.365
10201,63.3267
10245,61.9645
10252,60.1293
10256,55.3228
10260,51.7599
10473,50.6571
10495,50.424
10560,50.4089
10564,49.6821
10594,48.4003
10649,48.2018
10656,47.567
10678,47.4654
10680,46.8231
10708,46.6664
10709,46.5006
10711,45.4066
10769,44.7172
10798,44.4063
10859,44.0869
10950,43.9454
10979,43.0383
11009,42.7461
11010,41.8254
11040,41.3673
11096,41.2127
11101,40.7559
11119,40.2577
11130,38.8121
11147,37.0071
11148,34.6707
11204,28.6853
11355,27.786
11475,26.6249
11476,26.3031
11505,25.8689
11583,25.3347
11626,25.2021
11656,24.8516
11687,24.724
11705,23.4468
11737,22.1695
11828,18.1436
11920,15.6363
12076,14.7742
12162,14.3003
12198,13.2081
12261,12.0388
12369,11.7575
12397,11.4219
12457,10.5973
12490,9.89003
12576,9.62867
12689,9.27036
12758,8.97568
12885,8.89994
12892,7.57421
13010,6.98109
13070,6.49068
13219,6.48143
13340,6.42287
13403,5.9041
13407,5.83662
13493,5.69352
13526,5.34236
13611,5.33224
13617,5.18086
13679,4.56634
13820,4.44197
13888,4.35206
13917,4.26146
13919,4.14166
13973,3.96895
14088,3.84571
14091,3.77066
14094,3.53325
14180,3.30703
14208,2.88815
14357,2.67772
14565,2.50278
14630,2.36075
14845,2.21364
14897,2.19797
14899,2.13118
14902,1.96085
14958,1.95666
