Evaluations,Fitness
1,981920015.628687
2,870882436.935153
5,621188457.417974
39,603268231.635065
62,530171075.252897
80,471805369.061590
98,439529337.381492
99,267317841.144586
166,241506803.478206
200,207030053.695172
201,165358645.701474
298,117249850.964312
376,103746353.538577
438,91092580.617020
529,90003965.282964
624,83632277.629994
649,74590936.520476
716,48388589.590792
806,43934597.630931
808,43021296.938052
896,39245531.195926
926,35515636.211737
956,32159561.505388
1051,27828862.256409
1171,27549616.800611
1190,21785535.793265
1462,20280632.522804
1493,16796161.002214
1673,16299561.776694
1706,15717672.553284
1768,11021014.237460
1975,9573196.668172
2009,8523436.784209
2191,8201287.798179
2249,7827385.304691
2416,7796768.351806
2421,7517470.299781
2444,7130768.733580
2453,6814255.491528
2482,5899275.772487
2483,5534397.073766
2515,4150812.819030
2633,3843825.760397
2635,2999282.613809
2757,2811107.132375
3086,2526910.276061
3144,2285062.811267
3173,2137026.642064
3204,2033221.915112
3264,2016227.185146
3267,1939278.815864
3279,1875148.405540
3388,1829994.226889
3417,1803250.127594
3477,1514851.965712
3566,1478573.993899
3595,1453113.368926
3684,1370194.041316
3685,1366547.556416
3730,1337028.803586
3744,1264358.464285
3775,1255548.187308
3805,1235634.145144
3866,1167739.224381
3896,1166447.198220
3970,1104494.622901
4059,1064542.522577
4137,1063698.030258
4138,1057982.642484
4149,953751.362480
4182,913808.029559
4238,836676.913143
4327,832100.966107
4329,795183.881181
4358,782979.923579
4418,782934.818789
4478,773222.670783
4479,748581.025902
4558,743092.066125
4568,713896.528659
4598,679683.881281
4600,678589.665057
4627,676327.013656
4630,675197.552443
4686,646560.668318
4717,639374.532821
4805,605761.723562
4809,578258.538638
4842,573852.440678
4900,569017.416683
4961,558692.173869
5021,551805.003660
5080,525660.513585
5108,520867.062966
5136,466451.168671
5137,454706.783210
5197,444126.539106
5226,434489.143265
5257,426300.019248
5351,397021.756281
5401,395344.313761
5433,343939.310156
5518,287964.302023
5788,268911.716417
5883,265769.090281
5975,259850.528820
5997,259562.554707
6033,256421.177572
6055,253364.163561
6057,236977.298718
6070,186318.956719
6098,170958.031593
6126,145388.231338
6157,136616.110395
6248,135868.374894
6275,119904.423987
6336,115642.629952
6359,104000.977467
6517,99756.963591
6547,90968.889630
6574,90364.180709
6608,79071.578601
6638,78280.044249
6696,75125.443063
6758,73318.926859
6818,73139.929094
6878,72593.607566
6936,72409.765170
6938,71373.902128
6967,67601.840661
6968,67255.989075
6971,64277.709185
7059,61635.346002
7087,60923.858842
7088,55996.320483
7236,55735.936320
7296,55522.027336
7298,53905.012043
7332,53774.311999
7392,48990.255398
7450,47976.857045
7482,47926.469618
7508,46505.409333
7592,45780.984661
7660,43209.645705
7684,39015.082161
7806,38881.399502
7866,38835.351704
7889,36481.859607
7932,34942.489985
7933,34839.239058
7984,32549.874026
8048,32129.417613
8075,30134.850440
8078,28676.323217
8253,28111.864595
8281,23187.390199
8309,20524.593587
8367,20129.687394
8398,19229.350000
8400,18519.243560
8460,17001.690368
8488,16199.628779
8583,16078.846046
8611,15519.113040
8649,15366.209295
8664,13968.339673
8735,13413.674623
8816,12901.381612
8857,12684.964147
8938,12318.095710
8967,12158.093099
8970,11641.731306
9089,11481.055626
9118,11234.073892
9149,11215.191556
9152,11083.444193
9154,9555.705298
9190,8556.694840
9368,7648.722851
9458,6969.531946
9667,6820.532220
9722,6800.997693
9726,6693.601248
9757,6442.080716
9779,6281.561816
9847,6238.122851
9870,6063.682376
9900,5885.317037
9907,5842.010674
9909,5820.294762
9936,5709.908876
9939,5650.115410
9955,5539.368882
9960,5491.761269
10027,5484.648701
10029,5366.666392
10059,5291.645033
10088,5213.957304
10089,5112.619010
10171,4944.354454
10285,4822.170388
10377,4801.335470
10379,4730.278357
10407,4595.269502
10463,4405.748986
10471,4267.886745
10472,4255.906957
10505,3950.765669
10508,3799.542568
10630,3740.560097
10689,3659.913523
10690,3625.978359
10733,3539.214369
10900,3476.491577
10959,3456.152496
10961,3403.899185
10962,3380.188212
10981,3325.420676
10999,3212.156672
11062,3069.193779
11091,3050.578965
11122,3015.817241
11150,2992.562223
11183,2942.801626
11194,2909.625323
11391,2878.922870
11395,2827.566480
11435,2683.325566
11518,2653.977035
11521,2585.542845
11581,2546.143895
11582,2478.736629
11643,2391.162647
11671,2379.437652
11706,2353.797084
11791,2298.944266
11828,2282.867696
11916,2225.274885
11919,2220.197187
12036,2216.461978
12037,2133.739276
12039,2088.061072
12127,1910.210693
12157,1899.381715
12221,1690.858224
12400,1669.828936
12430,1630.608147
12492,1612.932579
12642,1606.178145
12668,1589.774727
12671,1585.575702
12700,1564.886940
12704,1521.799543
12762,1500.526109
12826,1465.009799
12881,1432.938438
12970,1427.389875
13004,1403.546550
13006,1389.506669
13124,1337.369618
13336,1334.971875
13379,1327.958728
13380,1313.027959
13466,1299.188840
13468,1235.018474
13498,1215.074697
13499,1205.708332
13559,1197.327846
13587,1187.665138
13649,1175.701135
13739,1171.005570
13806,1166.228485
13834,1155.634972
13864,1153.496180
13924,1137.619621
13992,1137.150742
13994,1130.032778
14017,1107.233563
14046,1106.067149
14058,1098.887271
14137,1098.436870
14167,1090.294636
14179,1077.588637
14222,1026.633979
14280,982.733705
14402,973.089490
14464,968.232462
14526,940.761809
14559,910.754010
14621,905.293213
14651,898.420934
14679,878.962167
14891,856.430268
14892,845.182625
