Evaluations,Fitness
1,189.136335
3,2.318685
7,-0.291886
20,-0.581816
52,-0.825129
210,-0.916398
211,-1.030054
674,-1.030542
870,-1.030700
900,-1.031206
960,-1.031318
1153,-1.031467
1182,-1.031478
1264,-1.031552
1294,-1.031608
1482,-1.031609
1593,-1.031625
1782,-1.031626
1831,-1.031626
1891,-1.031627
1906,-1.031628
1981,-1.031628
2011,-1.031628
2041,-1.031628
2099,-1.031628
2134,-1.031628
2283,-1.031628
2761,-1.031628
2883,-1.031628
3063,-1.031628
3151,-1.031628
3183,-1.031628
3432,-1.031628
3573,-1.031628
3631,-1.031628
3691,-1.031628
4210,-1.031628
4291,-1.031628
4441,-1.031628
4598,-1.031628
4655,-1.031628
4743,-1.031628
4835,-1.031628
4839,-1.031628
5078,-1.031628
