Evaluations,Fitness
1,1403.49
4,1390.25
13,1225.29
30,1203.69
73,1195.39
93,1193.43
102,1114.9
108,1101.24
110,987.096
254,947.208
275,941.62
276,916.219
317,898.657
405,842.622
502,812.093
642,805.857
701,749.466
712,742.075
856,736.428
1007,699.588
1037,690.118
1217,664.806
1335,656.406
1515,621.374
1846,616.794
1876,599.162
1938,595.583
1966,588.326
1997,582.431
2086,578.321
2146,570.61
2147,568.329
2177,549.396
2180,542.068
2538,532.436
2689,532.005
2745,525.372
2895,516.47
2983,516.418
3015,513.3
3043,513.026
3102,511.993
3105,510.923
3135,508.384
3156,504.634
3194,489.352
3226,488.488
3286,487.501
3525,480.377
3583,479.317
3652,475.672
3710,472.817
3740,468.855
3858,466.545
3912,463.653
3942,461.975
3949,454.648
4032,450.024
4040,449.57
4121,449.557
4182,447.142
4241,445.839
4271,442.383
4273,433.997
4301,433.046
4391,430.72
4422,430.608
4451,429.163
4576,427.173
4578,420.077
4606,406.132
4694,403.239
4762,397.342
4874,396.752
4936,396.3
5022,394.449
5026,393.043
5056,390.55
5081,389.648
5232,389.444
5236,388.245
5298,388.132
5326,387.371
5399,386.087
5402,364.212
5736,358.779
5856,357.121
5916,354.308
5945,353.596
5968,345.936
6092,342.174
6152,340.007
6275,334.59
6335,333.493
6392,332.58
6448,330.529
6512,328.969
6727,328.387
6787,326.663
6905,324.761
6932,322.955
6990,319.852
7111,319.182
7325,319.116
7387,318.468
7448,317.895
7503,305.319
7743,303.233
7837,300.669
7955,293.918
8043,289.955
8137,288.727
8165,285.596
8254,285.293
8255,285.238
8434,284.519
8469,284.018
8493,283.426
8583,282.296
8586,281.966
8673,281.798
8734,281.769
8761,281.66
8764,281.383
8765,281.15
8767,280.146
8825,280.122
8827,279.733
8885,279.611
8914,279.386
8919,279.242
8945,279.083
8971,279.059
9007,278.928
9037,278.274
9063,277.113
9127,276.896
9129,275.119
9240,273.612
9337,272.144
9396,271.018
9484,270.887
9540,270.487
9659,270.451
9660,270.106
9729,270.061
9789,270.009
9844,269.969
9870,269.52
10053,269.494
10083,269.397
10086,269.169
10114,268.978
10115,268.888
10141,268.058
10265,267.926
10294,267.899
10326,267.847
10328,267.824
10381,267.683
10383,267.144
10385,266.666
10413,266.179
10448,265.713
10449,264.461
10627,264.419
10657,264.293
10709,264.011
10742,263.424
10832,263.121
10863,262.467
10865,262.005
10892,261.763
10921,261.554
10925,261.131
10951,261.128
11010,260.887
11049,260.385
11077,258.955
11107,258.075
11108,257.165
11138,256.276
11317,256.247
11319,255.675
11348,255.55
11377,255.081
11379,254.943
11409,254.565
11437,254.488
11439,254.404
11467,254.316
11490,253.893
11496,253.784
11524,253.697
11527,253.643
11529,253.542
11548,252.906
11552,252.369
11614,251.951
11616,250.902
11617,250.528
11708,249.778
11709,249.322
11856,247.36
11918,247.257
11947,247.237
12003,246.78
12121,245.591
12182,245.295
12304,245.234
12381,245.197
12392,245.183
12421,244.904
12440,244.821
12442,244.709
12462,244.553
12499,244.534
12511,244.51
12514,244.436
12522,243.758
12583,243.567
12647,243.158
12682,242.752
12767,242.548
12797,241.391
12827,240.701
12859,239.48
12860,238.2
12889,237.531
12950,237.431
13009,237.143
13038,236.703
13039,236.241
13040,234.879
13070,234.588
13072,234.532
13132,233.506
13250,233.339
13306,233.302
13340,232.555
13584,232.534
13635,232.492
13638,232.45
13644,232.336
13731,232.296
13753,232.191
13758,232.117
13784,232.102
13788,231.882
13816,231.766
13851,231.489
13884,231.367
13967,231.342
13969,231.234
14030,231.216
14031,231.21
14034,231.093
14093,231.066
14123,230.901
14124,230.839
14153,230.765
14243,230.724
14271,230.459
14272,230.293
14301,230.238
14386,230.223
14421,230.153
14452,230.111
14541,230.058
14571,229.961
14601,229.954
14659,229.723
14724,229.72
14751,229.693
14784,229.688
14809,229.612
14811,229.553
14840,229.553
14841,229.498
14842,229.439
14871,229.381
14902,229.347
14930,229.331
14960,229.285
14961,229.232
14989,229.151
