Evaluations,Fitness
1,891503230.836532
2,825674764.048625
6,725906215.545166
7,715115662.120557
15,612461703.065182
34,600666131.018055
35,582589762.496416
62,481545623.111486
78,414281152.165385
102,366721155.839512
116,322714704.683047
169,193573931.495095
197,157794681.885037
296,150453204.898843
343,136675183.047133
413,106708225.924915
531,79976345.529606
561,78390268.371902
623,63099092.816660
743,37794753.379510
866,36488418.643530
894,32838149.397661
926,30829680.255347
956,30423745.525183
1042,30142599.246560
1046,29187453.727514
1106,28738959.487998
1109,26991298.983240
1133,25865514.079642
1194,25149813.887400
1216,23580290.579393
1261,22252680.948821
1373,21863519.628260
1437,21398308.083079
1491,21236019.243737
1554,19416243.186288
1556,18304968.501275
1648,14817139.370789
1800,13007449.703435
2035,11950519.274785
2123,11072060.548475
2127,10048343.841725
2152,9998148.025470
2181,8737499.259678
2183,8724809.599197
2213,8265025.494536
2243,8234160.708435
2273,8011701.764905
2332,7974361.736671
2368,7490596.039331
2418,6103340.900838
2482,6014223.127322
2511,5993741.243022
2569,5259398.401952
2631,5254684.480724
2690,4674716.944532
2691,4472012.655229
2724,4467812.252272
2750,4382615.154794
2780,4290350.026069
2787,3931037.101285
2874,3811460.589366
2962,3713847.264472
2990,3697421.780452
2996,3023256.272528
3114,2647067.704028
3144,2633838.231722
3237,2363458.398505
3355,2185793.589402
3356,2071660.015758
3357,1843694.934771
3469,1816365.397150
3529,1558646.797014
3833,1537795.872511
3839,1504952.247833
3852,1473864.728762
3888,1471610.944763
3896,1450351.921725
3911,1323759.404547
3912,1307791.491704
3913,1266073.801159
4040,1146023.491237
4068,1135996.090494
4070,1095713.992775
4124,1038150.328955
4186,1005415.310156
4246,974442.763738
4303,944549.469326
4309,932293.212938
4398,814819.442155
4548,774645.819206
4668,756283.389628
4696,688762.662112
4760,664611.425576
4786,656147.638932
4818,633515.958108
4820,615995.443973
4878,584708.608325
4907,553947.028678
4939,550072.989074
4968,533055.628638
4969,519702.795231
5018,486706.582024
5122,387874.328116
5195,372461.835349
5287,363172.305535
5356,363123.128996
5377,346019.283790
5396,328762.683203
5397,312321.690523
5485,295277.146671
5486,287895.535436
5597,282241.087531
5625,277028.832788
5655,271222.238759
5658,238778.085200
5780,230046.075779
5896,227650.747856
5930,226684.189229
5984,224913.786723
6042,223855.322150
6046,220587.997855
6049,214504.114726
6051,206685.677796
6079,202602.010257
6169,202498.297803
6171,195742.706994
6198,188573.841332
6232,184602.116540
6264,177266.312292
6292,175001.872100
6326,174521.480762
6354,173685.893764
6386,173610.086665
6412,172495.124391
6440,166766.573759
6502,165305.715728
6530,164907.094917
6561,163562.125924
6590,159065.825760
6711,156163.805421
6712,155457.139184
6747,153867.334243
6772,151196.504435
6816,143585.858737
6846,143178.421375
6931,126803.143850
6994,116457.678920
7022,109354.631987
7079,109159.331713
7082,108290.255813
7091,95265.134438
7211,86229.847731
7329,86030.803850
7331,83865.885061
7358,78585.970395
7452,73191.384318
7478,71937.695629
7479,71771.911925
7503,69126.257431
7530,60757.591880
7624,56127.055571
7717,53928.603907
7810,51582.870317
7811,47334.502278
7898,47296.606607
7964,44895.689140
8014,44796.970463
8054,44272.403791
8077,43863.118703
8084,41420.229441
8202,39264.324605
8227,38361.323940
8233,37334.225793
8380,35398.673762
8382,33938.816178
8383,28845.395138
8446,25162.257199
8654,23743.783045
8685,21763.932893
8772,20307.292916
8774,19621.370092
8894,18473.966587
8924,17447.291026
9044,16987.377552
9074,16160.709980
9102,16113.694854
9167,15598.455242
9196,15335.204250
9223,14543.317449
9285,14057.103124
9314,12647.083157
9375,12340.098000
9403,12111.657974
9464,11806.639355
9611,11557.004756
9642,11535.560669
9701,11294.340445
9772,10891.301788
9820,10762.523527
9880,10689.820162
9882,10062.401373
9912,9937.593948
9971,9756.672263
9979,9519.502705
10073,9383.197903
10088,9191.323785
10090,9130.441471
10137,8942.769295
10193,7767.553111
10283,7413.999941
10285,6929.446578
10313,6782.694755
10344,6761.789146
10373,5803.004955
10524,5559.676269
10555,5240.881586
10763,5093.186948
10764,4902.959184
10793,4856.996538
10853,4825.917852
10883,4776.314356
10911,4695.547199
10971,4597.162764
10975,4425.938141
11097,4290.628105
11334,4071.526153
11395,4069.804592
11475,3906.533215
11506,3861.069016
11534,3841.858101
11601,3828.020902
11625,3604.034094
11657,3515.715139
11658,3246.065480
11807,3239.362344
11867,3182.693575
11957,3174.951065
11985,3141.237732
12017,2954.264589
12075,2918.862310
12077,2877.525611
12135,2845.596848
12287,2842.094823
12347,2826.476713
12377,2807.618694
12379,2758.868465
12437,2746.940253
12439,2668.338451
12465,2667.560074
12469,2663.627238
12471,2567.410231
12473,1994.813116
12745,1909.345861
12921,1906.369527
12925,1835.124928
12926,1803.611658
13017,1745.948892
13043,1684.713611
13135,1656.291377
13138,1569.884958
13235,1539.311849
13288,1498.736914
13347,1495.576865
13407,1487.244599
13408,1473.675381
13410,1434.582920
13443,1386.862180
13498,1372.273595
13584,1345.624083
13587,1321.270887
13619,1285.792929
13621,1270.248894
13647,1260.521148
13648,1222.732014
13650,1157.634027
13858,1140.341942
13859,1139.691036
13886,1107.641074
13890,1092.128277
14062,1089.877201
14068,1086.546693
14102,1028.977434
14218,987.851178
14340,959.634801
14401,956.177785
14403,947.297910
14429,929.201048
14550,924.013799
14580,921.567734
14607,904.119332
14727,859.865980
14787,840.583438
14848,835.989215
14912,834.520208
14934,810.885342
14965,799.155105
