Evaluations,Fitness
1,21.3903
8,21.3603
11,21.3204
18,21.2783
24,21.2339
39,21.0958
56,20.9793
57,20.8983
104,20.8691
115,20.7357
121,20.6814
154,20.5889
216,20.5871
217,20.5571
245,20.5239
276,20.3956
332,20.2007
389,20.1222
390,20.0767
396,19.7585
569,19.595
600,19.5355
601,19.4566
657,19.3285
688,19.3202
779,19.2212
840,19.0911
918,19.0782
956,19.0323
961,18.9299
1054,18.8773
1099,18.8164
1141,18.5715
1143,18.4986
1191,18.4503
1203,18.2945
1208,18.2879
1314,18.0759
1331,18.0131
1332,17.9243
1434,17.7795
1437,17.5794
1440,17.0022
1441,16.9357
1538,16.7161
1593,16.6417
1625,16.4621
1687,16.4609
1694,16.3973
1747,16.3631
1803,16.2439
1921,16.2078
1923,16.19
1958,16.1248
2017,16.0286
2041,15.9204
2166,15.6119
2279,15.5243
2338,15.4632
2409,15.3707
2411,15.239
2414,15.0391
2438,14.964
2498,14.7516
2508,14.7306
2566,14.5186
2624,14.2872
2627,14.1214
2714,13.9863
2804,13.6598
2950,13.6535
2953,13.3426
3135,13.3074
3141,13.1452
3276,13.0451
3338,12.9154
3408,12.7855
3436,12.5719
3498,12.3534
3534,12.2373
3623,12.118
3710,12.049
3802,11.8066
3893,11.7143
3988,11.4395
4016,11.4061
4048,11.2047
4108,10.989
4198,10.9481
4286,10.7308
4400,10.5093
4430,10.1323
4669,10.0094
4699,9.88369
4701,9.85943
4794,9.74852
4796,9.66647
4797,9.26246
4889,9.1938
4919,9.15897
5099,9.06931
5127,9.00992
5157,8.98633
5159,8.972
5160,8.83668
5215,8.75379
5217,8.74681
5220,8.51082
5245,8.44558
5306,8.42521
5340,8.16016
5459,8.00106
5582,7.97521
5698,7.95132
5703,7.78699
5727,7.70541
5883,7.65022
5903,7.64056
5913,7.63425
5935,7.6121
5960,7.53499
5998,7.40191
6050,7.32808
6148,7.25038
6267,7.16865
6296,7.04058
6321,7.02919
6372,6.955
6390,6.88093
6418,6.87107
6420,6.79165
6454,6.78831
6525,6.77684
6535,6.7502
6604,6.59749
6674,6.56915
6675,6.50697
6793,6.47556
6851,6.38205
6853,6.3684
6914,6.34006
6979,6.14062
7062,6.10793
7064,6.09232
7152,6.0721
7154,6.00864
7184,5.9823
7225,5.72096
7318,5.66893
7442,5.50672
7502,5.39493
7644,5.21924
7806,5.16355
7902,5.134
7930,5.01377
7991,4.83136
8114,4.81603
8204,4.77782
8256,4.7333
8361,4.70668
8383,4.70341
8435,4.69886
8443,4.63523
8444,4.61894
8476,4.51747
8564,4.50865
8571,4.46168
8577,4.40173
8601,4.37882
8747,4.36761
8780,4.23857
8840,4.12623
8965,4.12123
9055,4.09719
9058,4.08364
9174,4.07187
9204,4.0598
9265,3.95307
9294,3.9107
9564,3.87348
9601,3.81632
9629,3.77089
9721,3.67242
9775,3.6009
10011,3.59953
10014,3.59164
10044,3.58481
10071,3.57519
10104,3.56097
10253,3.49963
10371,3.44485
10406,3.40426
10524,3.27926
10625,3.243
10747,3.18436
10928,3.11532
11016,3.09405
11167,3.02599
11168,2.98353
11347,2.95289
11376,2.95095
11520,2.90478
11616,2.89384
11618,2.78461
11619,2.71845
11762,2.66467
11771,2.66343
11800,2.60195
11892,2.54804
12006,2.54275
12071,2.49132
12090,2.48195
12193,2.47773
12281,2.42998
12283,2.42313
12310,2.39076
12343,2.35796
12458,2.3063
12493,2.26289
12642,2.25125
12705,2.2365
12706,2.22229
12733,2.17384
12883,2.1633
12904,2.13229
12936,2.12504
12966,2.11848
12996,2.11653
13002,2.05348
13081,2.04612
13121,2.03011
13181,1.97911
13206,1.96798
13243,1.95794
13267,1.92222
13358,1.87665
13450,1.87189
13571,1.86317
13575,1.85455
13661,1.85283
13662,1.84662
13683,1.83383
13684,1.72124
13803,1.72092
13861,1.66353
13921,1.6592
13981,1.65805
13997,1.63297
14061,1.60028
14243,1.58473
14245,1.58325
14255,1.57494
14263,1.5537
14342,1.53347
14448,1.5164
14538,1.4403
14658,1.42488
14686,1.4039
14688,1.38682
14780,1.37523
14895,1.36268
