Evaluations,Fitness
1,1.03327e+09
2,6.26571e+08
18,5.58845e+08
77,4.06502e+08
78,2.62984e+08
197,2.3996e+08
227,2.33291e+08
255,1.5982e+08
294,1.02174e+08
403,8.88347e+07
565,8.18889e+07
626,8.13236e+07
656,8.09903e+07
691,6.83626e+07
867,6.81348e+07
919,6.53247e+07
929,4.79434e+07
1049,4.78481e+07
1073,4.39088e+07
1165,3.55738e+07
1211,3.42552e+07
1228,2.60965e+07
1350,1.79211e+07
1526,1.72126e+07
1648,1.71221e+07
1651,1.62591e+07
1682,1.61196e+07
1709,1.50921e+07
1827,1.42703e+07
1975,1.27253e+07
2157,1.23902e+07
2189,1.20859e+07
2213,1.20345e+07
2309,1.16774e+07
2339,1.16702e+07
2343,1.11061e+07
2368,1.03107e+07
2399,1.01518e+07
2426,9.85673e+06
2548,9.63838e+06
2577,9.31203e+06
2614,7.30536e+06
2648,6.89408e+06
2796,6.7614e+06
2829,6.58409e+06
2890,5.70775e+06
2978,4.1826e+06
3188,3.99423e+06
3219,3.98326e+06
3306,3.8934e+06
3307,3.80622e+06
3353,3.58758e+06
3397,3.55054e+06
3398,3.39723e+06
3426,3.39423e+06
3515,3.26275e+06
3579,3.26066e+06
3633,3.11156e+06
3726,3.04642e+06
3746,2.95687e+06
3747,2.95396e+06
3807,2.92806e+06
3818,2.90649e+06
3822,2.84233e+06
3870,2.62211e+06
3930,2.41483e+06
3957,2.36478e+06
3986,2.31167e+06
4015,2.13519e+06
4080,2.11861e+06
4100,1.99144e+06
4137,1.9206e+06
4167,1.84385e+06
4230,1.83554e+06
4257,1.83405e+06
4261,1.82081e+06
4309,1.74131e+06
4351,1.6303e+06
4440,1.59433e+06
4583,1.59304e+06
4588,1.50726e+06
4598,1.49564e+06
4611,1.22466e+06
4828,1.0777e+06
4950,1.05137e+06
5040,1.04967e+06
5073,1.04425e+06
5076,976809
5079,878654
5138,849811
5160,787285
5344,702260
5372,700613
5400,613450
5434,473086
5465,421437
5469,395175
5524,360388
5702,350060
5704,327109
5762,327065
5765,295169
5767,287783
5825,267585
5972,255680
6040,249941
6042,233268
6045,232702
6064,231004
6094,227667
6095,210734
6129,204734
6184,202872
6213,199135
6219,194123
6246,191322
6286,186507
6306,182486
6376,175431
6405,158783
6466,151406
6496,140465
6614,131540
6702,131212
6735,125372
6818,109281
6970,88317.7
7272,87191.5
7420,82316.6
7481,81888.5
7509,80986.5
7510,76648.2
7569,71950.4
7631,70484.8
7659,68009.1
7692,67807.4
7721,65980.2
7778,64791.3
7808,63526.5
7955,60125.3
7970,59568.3
7988,58863.4
8047,58150.4
8077,58111.5
8090,57106.8
8109,56874.6
8138,56617.6
8139,55207.4
8194,54554.9
8195,54208.6
8196,53028.1
8223,51092.3
8314,46721.6
8364,42873.4
8392,42064
8424,38856.1
8454,38110.4
8542,36583.1
8543,36195
8545,34995.3
8663,34781.9
8666,34114.8
8696,33528.3
8723,32916.1
8725,32882.5
8753,31690.9
8785,31117.1
8815,30938.5
8872,30729.2
8873,29849.8
8903,29200.4
8904,28416.7
8934,28124.4
8995,28060.4
9053,26855.6
9145,26729.7
9175,26491.5
9206,26092
9209,26051.4
9262,25809.1
9300,24181.6
9314,24019.5
9341,22239.5
9363,20211
9365,19424.5
9426,18154.7
9516,17873.2
9592,17701.7
9609,16514.5
9636,15755.5
9666,15571
9754,14925
9800,13919.7
9817,13430.3
9818,12623.4
9967,12029.7
9997,11760.9
10024,11056.6
10026,10657
10055,10339.4
10087,9897.71
10110,9897.33
10115,9831.8
10147,9440.75
10179,8988.25
10207,8621.58
10229,8136.9
10262,7468.25
10264,7288.86
10266,7176.28
10325,7075.69
10355,6653.83
10563,6562.53
10577,5764.46
10635,5754.14
10695,5484.01
10905,5012.83
11061,4754.1
11212,4723.71
11302,4635.5
11334,4613.68
11356,4482.67
11392,4218.14
11484,4137.41
11544,4053.38
11545,4027.36
11575,3795.9
11751,3691.99
11867,3593.2
11902,3488.86
11930,3228.19
12052,3149.32
12142,3139.74
12202,3082.45
12292,2902.67
12324,2895.23
12412,2881.03
12442,2836.25
12532,2833.83
12611,2764.89
12675,2678.46
12855,2674.83
12857,2591.34
12941,2530.45
13123,2524.09
13185,2458.59
13275,2442.79
13333,2430.02
13334,2349.33
13428,2327.98
13485,2267.87
13486,2257.01
13510,2199.09
13574,2158.77
13631,2152.8
13633,2142.25
13666,2019.9
13937,2013.43
13998,2004.28
13999,1972.68
14088,1961.32
14091,1926.35
14093,1911.96
14174,1897.33
14217,1876
14277,1860.73
14353,1853.9
14355,1813.63
14443,1783.48
14544,1772.1
14603,1719.2
14636,1712.03
14721,1700.4
14751,1694.05
14755,1653.74
14841,1635.98
14957,1621.4
14987,1619.48
