Evaluations,Fitness
1,782400930.795000
7,776895331.096921
8,714600887.455653
37,693644902.513811
40,683905479.982280
42,682771408.092964
50,599485186.987094
61,515197874.954150
62,460416986.159385
64,441800770.754950
68,387310132.104809
101,288334456.945913
215,281790106.817860
226,279771860.400550
248,227672956.030326
265,209631550.288575
330,202336380.571847
348,174682751.881792
400,142014992.755321
539,130603254.316006
629,124495134.769405
658,123406956.190746
669,121471227.263274
696,75488804.465442
697,62325739.827012
789,58255553.814302
819,48291103.153336
939,47244745.551166
1011,43108253.950038
1041,32296069.404910
1103,27511480.911322
1311,26000960.154652
1314,21488175.676617
1497,19211906.703998
1504,18924057.301286
1568,18049008.640815
1653,17316632.505679
1697,13402321.025667
1879,12876735.461162
1939,12152528.738033
1968,11187276.722832
2069,9510264.006272
2128,7867761.837766
2189,7708934.786733
2278,7448565.546742
2294,7434507.321958
2307,7060798.783208
2335,6539004.679917
2425,6160569.550309
2513,6087562.390841
2603,4913138.184556
2620,2264429.719907
2862,2189053.250172
2955,2061189.209182
3042,2035129.333865
3075,1976668.394256
3162,1954479.363677
3252,1556883.223635
3351,1540809.051120
3405,1502696.315906
3411,1445190.875140
3440,1419177.976812
3491,1414295.405218
3561,1354532.120334
3589,1308390.807700
3621,1145500.694368
3650,1130782.868034
3759,976518.201305
3889,928552.585057
3912,904170.051130
3985,900605.123383
4018,822977.779861
4072,778199.451460
4075,767224.688286
4219,716924.792879
4279,707317.355397
4334,644709.915619
4336,616016.097133
4419,585727.399659
4457,537891.377102
4460,525311.094734
4500,496434.546485
4528,449075.598143
4620,447028.402002
4650,427766.588504
4652,363412.123320
4804,343641.441167
4946,340922.730897
4950,334774.536170
5039,327678.670429
5069,322469.814306
5070,318391.398383
5094,282853.355695
5153,266417.143635
5181,262972.890604
5272,240950.353507
5308,237871.979831
5309,199595.284468
5312,194560.631041
5363,181399.038097
5392,103354.762363
5631,97561.544140
5693,97010.964798
5720,90431.420996
5721,86444.909220
5781,85302.140973
5902,83990.429107
5928,76832.412857
5933,67977.474529
5995,67540.829384
6024,66175.276036
6078,63397.298795
6087,62685.296637
6147,61960.701162
6172,55571.281056
6174,53461.429352
6237,52992.851469
6267,51784.735936
6320,51400.356318
6443,45083.766006
6472,43318.747839
6590,40539.188680
6718,32413.817300
6836,30037.246490
7048,29447.050204
7050,29275.496305
7079,23717.955399
7110,22809.489633
7229,21444.123025
7230,21232.953442
7290,19731.206409
7380,19074.391881
7408,18919.270885
7438,18683.354549
7468,18605.065960
7499,18087.830615
7528,17842.810191
7529,17757.684465
7588,17686.758245
7590,17522.989853
7647,17448.620003
7649,16831.859272
7707,16231.927095
7709,15984.187574
7769,15686.388325
7827,15666.679498
7829,15545.569459
7917,15288.925696
7947,14972.363077
8036,14838.530497
8066,14122.372650
8157,14028.596772
8187,13974.581625
8188,13825.319634
8217,13703.549682
8247,13611.404165
8277,13480.446092
8304,13333.054026
8305,12873.131031
8371,12448.202936
8432,12170.867482
8460,11918.737017
8463,11834.991291
8488,11802.307748
8574,11795.952884
8640,11793.712070
8657,10457.838670
8829,9657.761665
8887,9467.984717
8889,8712.557641
8951,8293.685472
8953,8269.831517
9005,8243.915165
9007,6951.485946
9125,6940.304857
9185,6449.857699
9364,6397.505539
9392,5557.107499
9568,5521.720246
9574,5391.084464
9633,5257.947888
9634,5216.535996
9693,4957.178603
9694,4933.024458
9723,4823.010163
9755,4698.572183
9783,4623.037948
9839,4414.319762
9843,4396.453435
9870,4329.848241
9873,3888.016691
9906,3692.226557
10052,3526.545673
10090,3496.862979
10172,3479.955480
10202,3321.875553
10263,3190.069387
10292,3092.219964
10323,2912.101008
10382,2911.365164
10442,2859.297483
10444,2834.409658
10472,2767.296188
10500,2598.083289
10504,2519.044841
10562,2444.726343
10563,2371.479814
10685,2335.118385
10747,2137.559230
10868,2066.810817
10928,1993.888789
11015,1981.458797
11077,1967.110122
11107,1959.844429
11137,1896.275026
11138,1876.848914
11166,1863.175877
11226,1821.463895
11227,1781.372071
11257,1762.566934
11347,1715.295071
11378,1712.827850
11408,1689.006536
11438,1676.183186
11554,1673.496157
11556,1670.545150
11557,1612.352939
11615,1578.118471
11617,1560.207480
11618,1554.881152
11655,1543.554368
11707,1526.563942
11713,1490.958835
11806,1487.905075
11860,1461.257672
11864,1425.125133
11866,1414.898442
11918,1384.373215
11949,1373.815132
11950,1350.386717
12070,1349.124924
12078,1249.895989
12166,1243.022364
12197,1230.244696
12226,1219.939122
12283,1211.221412
12371,1180.465819
12463,1164.103401
12471,1144.643231
12491,1115.510848
12553,1115.501814
12623,1104.750163
12699,1100.856561
12701,1073.307934
12742,1026.270681
12802,1025.475699
13043,1024.802386
13044,1023.393465
13064,1020.806395
13072,979.883900
13073,970.994318
13164,960.168923
13196,943.385761
13309,940.006578
13374,939.359647
13494,931.582986
13552,924.177419
13582,919.369896
13613,914.662848
13644,906.350091
13701,887.286818
13732,876.210735
13736,875.553263
13737,868.344700
13762,865.183313
13791,858.502930
13792,854.028756
13818,841.870403
13907,840.921429
13909,820.012270
14001,795.177244
14083,786.041307
14110,772.583865
14152,752.876379
14183,750.990737
14184,746.204054
14212,744.542463
14244,733.640280
14276,721.831044
14277,713.884425
14336,704.755746
14486,701.616628
14487,683.734234
14545,658.820839
14696,658.680884
14727,657.922108
14814,654.943893
14844,654.383860
14846,653.256485
14904,648.051979
14910,640.847475
14999,637.191227
