Evaluations,Fitness
1,11418704.497223
2,9566548.253491
3,8511563.040701
6,8241193.928896
7,6572325.094259
36,6291643.539821
51,6038945.937117
57,5263101.522833
96,5010292.595239
105,4794926.586700
107,4683700.849776
114,4632767.224848
116,3745351.327703
208,3524058.416243
245,3462674.597285
247,3452876.687664
276,3392115.023959
305,3049590.437247
334,3029696.172287
336,2818987.743918
416,2573175.066862
417,2427080.230762
477,2335067.442557
478,2258778.323835
535,2204137.894596
537,2166576.984078
597,1939052.000622
609,1710527.374575
669,1437860.319308
700,1434398.952951
759,1426288.669349
797,1364550.436676
815,1317054.344494
907,1113677.276916
1005,1064350.575506
1127,1035151.401804
1150,1001878.642987
1158,925234.582446
1218,921054.042235
1221,912746.917813
1246,907579.681118
1308,844168.971276
1367,762671.194807
1382,706320.407357
1455,701499.943424
1457,686787.477274
1542,682486.659576
1546,667109.641343
1595,665041.399342
1607,644544.466859
1637,634518.438790
1686,609739.511591
1776,607102.113426
1785,550257.392299
1845,539514.999886
1909,435946.986129
2117,422421.983676
2174,399212.524604
2180,397052.475760
2208,394510.552602
2210,388200.844967
2302,383985.728188
2418,371218.042419
2419,343942.776865
2508,337596.209130
2512,334327.646836
2513,301367.668276
2634,289651.697426
2692,286161.083054
2775,280094.859612
2807,273692.484546
2808,243636.683239
2896,233577.961906
2926,230835.461986
2927,224503.510224
2958,223279.242796
3018,200566.649881
3226,197205.043568
3259,181810.933388
3289,171014.359619
3409,169823.942857
3440,169425.796713
3498,161108.335917
3528,160064.571439
3586,153478.878463
3590,139693.001865
3733,139122.429030
3738,136308.442202
3740,136192.539111
3785,119244.443627
3906,117629.446056
3907,117373.760773
3963,111548.919558
4059,109550.743645
4061,72688.353366
4152,61806.772648
4405,57642.330661
4421,56113.129838
4423,52147.917477
4454,48722.462445
4546,48278.266671
4645,47897.178415
4664,42530.643167
4697,42476.473657
4753,40256.836514
4878,39885.178453
4901,39818.849558
4903,38833.379671
5025,38224.149973
5086,36059.448851
5178,31300.587932
5266,30534.199454
5387,29861.915838
5388,29780.280115
5390,29590.610546
5474,29240.347411
5477,29148.578946
5530,27164.618844
5630,25656.014626
5780,23934.179006
5846,23915.078920
5847,21857.181262
5936,21002.876467
6056,20953.482444
6086,20294.461190
6201,20277.571270
6229,19782.453815
6292,18949.553755
6322,18574.881025
6410,18292.048740
6470,18288.019451
6505,17933.304164
6507,17111.748211
6508,16082.046940
6590,15456.050984
6680,14813.621413
6839,14501.037926
6868,14476.762042
6896,13843.325683
7057,13410.667019
7078,13315.602169
7149,12566.850473
7179,12370.779717
7299,12262.432428
7301,11977.495502
7329,11808.014149
7391,11016.043729
7539,10785.132237
7713,10631.449061
7742,10307.455116
7858,9728.590482
8020,9572.275356
8049,9373.032072
8082,9309.625995
8110,8966.688504
8112,8339.804832
8142,8304.861370
8321,8288.687688
8325,8288.443170
8326,7788.434177
8383,7699.283574
8414,7472.427081
8419,6811.175696
8623,6802.621375
8635,5919.310201
8637,5533.801514
8700,4995.643884
8796,4928.616624
8798,4665.181062
8799,3936.073814
8892,3721.033901
8981,3661.383091
8983,3379.891024
8990,3196.099120
8991,3135.899727
8992,2537.814416
9384,2476.357586
9440,2383.688055
9530,2380.359443
9531,2367.062252
9534,2030.264802
9592,1976.564944
9621,1964.369598
9684,1873.533514
9769,1872.721641
9774,1787.683689
9802,1759.997247
9924,1750.703444
9926,1698.857105
9953,1672.397605
9954,1628.170850
9987,1609.829938
10015,1578.617889
10049,1502.847910
10106,1498.338297
10164,1491.956900
10198,1469.782904
10228,1457.311498
10283,1455.593373
10288,1432.918516
10307,1429.017496
10314,1416.846123
10332,1362.798972
10403,1319.156721
10405,1310.665249
10436,1305.314769
10438,1269.505476
10521,1237.583820
10545,1201.152918
10650,1180.794557
10664,1141.450163
10709,1127.044211
10770,1115.806833
10800,1115.246953
10841,1032.594321
10924,986.582242
10925,898.540074
11015,883.933500
11046,870.007988
11074,845.513774
11127,831.362407
11137,811.267963
11192,745.201312
11365,718.360958
11433,709.981882
11436,647.721779
11585,636.111969
11638,557.309365
11659,533.940606
11799,522.297075
11810,469.657308
11965,461.319182
11970,436.942099
12011,431.022910
12054,390.059715
12176,352.888313
12289,348.660318
12296,348.427284
12326,345.616096
12328,338.855194
12385,325.072881
12416,324.658537
12418,323.896563
12475,316.015963
12500,298.233686
12568,290.227438
12583,252.621277
12643,251.433977
12763,250.930481
12765,232.517885
12882,225.295521
12883,223.976178
12885,212.186986
12914,207.834388
12942,202.818336
12943,193.011305
13035,188.611296
13125,185.952672
13158,183.510654
13215,174.655749
13243,171.702456
13271,169.953416
13331,166.816392
13394,164.572628
13396,163.778428
13451,156.961603
13453,154.065595
13481,153.805049
13483,153.147196
13484,151.921644
13543,147.054377
13603,143.839198
13670,142.280893
13695,140.961766
13719,137.051939
13730,126.424966
13856,123.766724
13881,119.924489
13894,119.511535
13956,106.503230
14128,103.950953
14129,100.807046
14179,96.699769
14271,93.101764
14333,89.526939
14510,86.309572
14555,80.144628
14645,80.128071
14679,79.304544
14703,73.585531
14795,73.127935
14798,70.651199
14799,65.166469
14850,64.821718
14962,62.727676
