Evaluations,Fitness
1,1584.082131
2,1475.238947
3,1470.566923
5,1449.616548
8,1415.732513
11,1385.440598
16,1375.003216
18,1297.326796
21,1286.531159
26,1249.939892
53,1206.635547
96,1053.071804
154,1041.995512
190,1030.417917
234,1023.136929
263,910.146141
416,858.166416
447,835.461764
610,820.297214
617,815.621552
651,798.156090
742,794.614620
922,773.957862
952,746.201720
1154,715.330363
1208,678.342988
1463,657.081014
1555,640.328934
1641,625.033947
1731,621.040695
1732,609.184933
1941,603.264362
2002,594.983719
2092,588.260452
2209,583.363374
2239,580.120034
2331,568.065809
2481,554.925058
2602,550.359972
2632,535.199625
2814,533.841423
2843,533.127372
2935,508.501837
3052,488.840749
3261,486.408943
3351,482.953474
3380,482.324776
3470,481.685729
3528,479.723583
3559,479.319496
3560,475.517281
3562,454.561307
3651,453.891817
3680,453.234494
3799,450.028942
3800,449.891889
3829,449.604947
3860,446.941145
3922,445.218648
3980,445.049003
4003,444.899082
4038,443.936968
4099,442.594390
4102,442.195690
4132,441.841709
4160,441.572156
4189,440.109630
4211,439.145774
4241,435.534818
4315,432.751667
4422,431.678767
4436,430.575087
4493,427.985958
4496,425.997523
4638,425.208153
4639,424.776854
4669,424.725488
4671,423.600908
4700,422.880016
4701,421.717084
4730,421.623347
4731,420.281597
4733,420.103115
4759,418.573176
4763,415.181520
4792,411.317609
4824,403.338017
5094,397.949930
5156,390.317648
5188,386.567354
5218,384.895584
5455,384.591808
5458,375.690613
5609,371.079265
5667,367.190460
5754,362.649107
5846,347.846804
6138,346.310210
6234,345.739077
6262,341.861364
6294,340.787745
6379,335.370052
6709,327.531369
6797,323.987045
6918,309.976291
7129,304.207219
7248,299.456102
7429,295.808919
7817,294.946899
7850,293.640920
7911,292.227255
7967,291.836246
8028,289.872579
8208,289.255891
8238,289.018575
8239,289.010801
8268,288.934252
8328,288.727216
8389,288.631771
8479,287.680210
8509,287.570617
8510,286.844002
8571,285.445571
8601,285.323826
8749,285.238527
8752,285.019069
8781,283.714187
8840,283.558309
8870,282.612043
8960,282.583662
8962,282.528026
9022,282.449730
9110,282.189311
9145,282.168269
9174,281.518257
9296,277.199885
9326,275.968004
9504,274.947852
9623,273.576337
9685,273.357522
9713,272.065887
9836,270.959056
9898,267.822249
9984,266.488606
10074,265.540684
10109,265.490207
10137,264.099146
10194,261.898174
10311,261.039768
10372,260.950130
10402,260.857210
10438,259.919682
10468,258.733765
10589,258.203284
10650,258.072987
10678,257.929890
10680,256.665181
10796,255.362327
10798,255.117170
10949,254.648209
11002,254.115489
11062,254.014931
11064,253.403438
11087,252.643390
11151,252.328990
11152,251.768068
11184,251.377048
11333,251.075851
11337,250.731380
11365,250.727791
11389,250.591026
11393,250.472952
11540,250.183943
11575,250.180111
11577,249.926827
11607,249.728908
11627,249.101737
11629,248.924076
11747,248.826833
11748,248.482285
11807,248.437019
11868,248.374001
11877,248.088475
11905,247.870633
11934,247.466165
11966,247.319318
11991,246.932993
12019,246.548755
12139,246.134900
12144,246.075867
12175,246.042189
12203,245.599842
12295,245.245966
12321,245.172304
12381,245.037847
12384,244.856081
12415,244.698612
12441,244.571972
12445,244.480064
12473,244.264426
12535,244.174389
12565,243.892381
12595,243.731840
12598,243.517236
12626,243.417035
12628,243.385345
12682,243.100564
12687,243.028880
12716,242.919817
12772,242.896666
12803,242.845537
12805,242.671802
12806,242.406669
12827,242.014806
12839,241.887130
12920,241.814616
12949,241.515643
13010,240.278745
13097,240.037244
13100,239.114756
13188,238.920883
13218,238.624922
13248,238.561683
13313,238.516540
13319,238.295539
13437,237.937246
13438,237.255525
13649,237.227193
13710,236.962870
13769,236.937012
13799,236.695216
13920,236.501903
14007,236.365016
14039,236.130767
14119,236.116751
14149,236.081886
14151,236.003996
14209,235.971638
14240,235.949194
14243,235.888897
14269,235.878580
14271,235.856720
14273,235.765753
14331,235.749121
14419,235.699151
14450,235.592122
14485,235.570924
14511,235.546635
14512,235.487952
14545,235.442313
14547,235.220017
14548,234.847947
14700,234.646590
14788,234.515144
14846,234.458759
14877,234.438627
14938,234.387814
14960,234.232369
14961,233.824777
14991,233.662950
