Evaluations,Fitness
1,499.998
2,499.988
3,493.432
4,488.485
16,140.881
101,26.7258
145,22.759
197,14.666
333,9.81062
521,9.48867
680,3.39916
798,3.02534
1220,2.98621
1338,2.98432
1372,2.98427
1458,2.98348
1517,2.98213
1548,2.98211
1697,2.98211
1877,2.98211
1907,2.98211
2177,2.98211
2807,2.98211
3140,2.98211
3260,2.98211
3862,2.98211
3891,2.98211
3979,2.98211
4372,2.98211
4639,2.98211
4810,2.22139
4841,2.02926
4961,2.00311
5111,1.99633
5141,1.99621
5170,1.99203
5261,1.99203
5292,0.998048
5591,0.998015
5950,0.998004
6610,0.998004
6704,0.998004
6732,0.998004
6970,0.998004
7071,0.998004
7274,0.998004
7332,0.998004
7391,0.998004
7394,0.998004
7452,0.998004
7670,0.998004
7911,0.998004
7961,0.998004
8020,0.998004
8114,0.998004
8232,0.998004
8472,0.998004
8502,0.998004
8922,0.998004
9642,0.998004
9884,0.998004
10003,0.998004
