Evaluations,Fitness
1,499.881457
3,498.539199
4,13.276956
90,6.908107
221,6.308835
314,3.992677
584,3.974027
764,3.968295
787,3.764142
879,3.034463
911,2.995832
939,2.994225
969,2.984870
1057,2.982598
1149,2.982174
1211,2.982143
1417,2.982111
1511,2.982107
1541,2.982105
1749,2.982105
1809,2.982105
2019,2.982105
2285,2.215982
2347,1.992799
2497,1.992032
2556,1.084909
2707,0.998004
2947,0.998004
3037,0.998004
3278,0.998004
3398,0.998004
3458,0.998004
3698,0.998004
3818,0.998004
3878,0.998004
3938,0.998004
3999,0.998004
4088,0.998004
4537,0.998004
4748,0.998004
4839,0.998004
4958,0.998004
5168,0.998004
5198,0.998004
5349,0.998004
6008,0.998004
6218,0.998004
6219,0.998004
6759,0.998004
8321,0.998004
9333,0.998004
