Evaluations,Fitness
1,4.123278
15,0.209229
78,-0.549881
128,-0.680580
193,-0.937715
278,-1.027259
448,-1.029912
838,-1.031058
945,-1.031304
986,-1.031497
1029,-1.031507
1258,-1.031526
1376,-1.031569
1387,-1.031577
1391,-1.031615
1436,-1.031628
1844,-1.031628
1846,-1.031628
2027,-1.031628
2087,-1.031628
2331,-1.031628
2450,-1.031628
3081,-1.031628
3190,-1.031628
3310,-1.031628
3320,-1.031628
3351,-1.031628
3380,-1.031628
3501,-1.031628
3681,-1.031628
3803,-1.031628
3825,-1.031628
3831,-1.031628
3891,-1.031628
3921,-1.031628
3951,-1.031628
4530,-1.031628
4642,-1.031628
4786,-1.031628
4946,-1.031628
5205,-1.031628
