Evaluations,Fitness
1,76501.876979
3,115.520529
11,63.595828
92,14.939434
120,3.063813
302,3.027760
455,3.011224
697,3.001887
786,3.000210
1206,3.000122
1416,3.000068
1479,3.000023
1652,3.000014
1686,3.000008
1838,3.000000
1928,3.000000
2072,3.000000
2196,3.000000
2348,3.000000
2379,3.000000
2408,3.000000
2523,3.000000
2674,3.000000
2762,3.000000
2822,3.000000
3032,3.000000
3152,3.000000
3153,3.000000
3188,3.000000
3278,3.000000
3363,3.000000
3364,3.000000
3482,3.000000
3573,3.000000
3602,3.000000
3603,3.000000
3699,3.000000
3709,3.000000
4088,3.000000
4206,3.000000
4270,3.000000
4760,3.000000
4894,3.000000
5166,3.000000
5226,3.000000
5438,3.000000
5917,3.000000
6970,3.000000
13034,3.000000
