Evaluations,Fitness
1,1669.085037
2,1528.982690
4,1464.524792
8,1308.204344
24,1280.548357
58,1198.748197
68,1184.507447
80,1145.982158
81,1111.190517
84,1059.108368
166,1040.085762
172,1008.617502
209,991.299754
267,990.978366
271,989.932185
276,982.990922
277,855.416365
796,821.242430
868,810.453436
918,808.728803
947,801.546401
949,788.154605
1033,743.672191
1071,743.174529
1219,731.080210
1220,711.614881
1455,703.213013
1492,692.635448
1511,682.982411
1809,675.185397
1821,669.496461
1994,660.547172
2022,658.178783
2092,630.519761
2261,612.745421
2353,603.193030
2454,602.049855
2503,600.334460
2533,576.203797
2711,533.864853
2893,525.129556
2981,512.213483
3100,507.924340
3194,498.446336
3281,498.098278
3311,474.004661
3461,472.404539
3644,457.439608
3731,452.210808
3733,450.887442
3791,448.447956
3881,443.266582
3882,439.269724
4061,433.871991
4063,433.380237
4150,428.778613
4181,428.750791
4243,421.676987
4333,420.700073
4357,420.513423
4362,405.488402
4423,400.164233
4606,395.418216
4691,389.048474
4808,377.289765
4866,376.281565
4898,371.316689
4926,365.649547
4956,364.080512
5195,362.067040
5255,358.267879
5287,349.787228
5440,346.866330
5468,346.285325
5558,342.562865
5678,341.965604
5744,341.687938
5745,328.856584
5773,326.721457
5806,326.298993
5866,320.428265
5956,319.412643
6018,306.462037
6283,305.237028
6317,303.737688
6401,302.648212
6405,301.476896
6464,300.713300
6524,300.188360
6551,297.717309
6646,297.516514
6701,296.071372
6735,294.944706
6853,294.750571
6916,294.523461
6917,294.342271
6973,294.038485
7007,293.317482
7125,288.719074
7128,288.696853
7276,287.794054
7306,287.277015
7364,285.148851
7426,284.404857
7483,283.956519
7486,283.637315
7572,283.521852
7606,282.618187
7633,282.539436
7636,282.537015
7696,282.168073
7843,282.113443
7846,281.552209
7848,281.084595
7962,280.894094
7964,280.715341
8081,280.642690
8111,280.559783
8141,279.995396
8234,279.870338
8266,279.572020
8268,279.274071
8324,278.821749
8354,278.543389
8382,278.375218
8384,278.057584
8446,277.966125
8476,277.855549
8563,277.577213
8565,277.341666
8593,277.306061
8626,277.250211
8628,276.992600
8646,275.883073
8685,275.602369
8773,275.339992
8801,274.764135
8826,272.674665
9033,271.441472
9243,269.335343
9516,265.943893
9753,264.270539
9813,264.070285
10233,263.844362
10293,262.817317
10295,262.003863
10323,261.841956
10327,258.874716
10745,258.072405
11013,256.301296
11105,256.247901
11163,255.140432
11253,255.010670
11433,254.964570
11525,254.773105
11583,254.652055
11585,254.625320
11613,254.603672
11643,254.598624
11675,254.556037
11733,254.493268
11735,254.382506
11736,254.251995
11765,254.152289
11793,254.095936
11795,254.012101
11823,253.965033
11883,253.937884
11958,253.802660
12041,253.025283
12047,252.300356
12103,252.290131
12107,252.125650
12108,251.689120
12227,251.670838
12253,251.624241
12258,251.480597
12286,251.073401
12309,250.881834
12373,250.140303
12520,249.999659
12528,249.503884
12583,248.987871
12617,248.470694
12700,248.416787
12703,247.526975
12731,246.954927
12733,245.442488
12763,245.319100
12823,244.957017
12852,244.954834
12883,244.892448
12939,244.505282
12944,244.298929
12969,244.263464
12999,244.153713
13002,243.959806
13120,243.683837
13121,243.433893
13122,243.310150
13149,243.217283
13152,242.763726
13214,242.642461
13304,242.024944
13397,241.400481
13426,240.222765
13484,239.693269
13486,238.039075
13515,237.596172
13578,236.812405
13604,236.772470
13607,236.609539
13723,235.808318
13758,235.779148
13788,235.664929
13933,235.368226
13934,235.300141
13936,234.768980
14051,234.697547
14056,234.160687
14202,233.769130
14237,233.745585
14267,233.599047
14269,233.596786
14291,233.508872
14297,233.498527
14379,233.482054
14387,233.466578
14439,233.404979
14503,233.362304
14529,233.318470
14590,233.283727
14592,233.231403
14594,233.219014
14650,233.191979
14653,233.127307
14679,233.059015
14680,232.918764
14767,232.903219
14778,232.659742
14848,232.561125
14878,232.365887
14880,232.042506
14910,231.762145
14938,231.641966
14940,231.600783
14987,230.459604
14988,226.677077
