Evaluations,Fitness
1,750572614.384104
13,636322996.374586
15,479996639.166072
48,388059706.887626
75,353187279.157761
168,342329101.070763
174,331292301.727594
198,268348936.498368
201,250127193.233343
260,159766093.626858
350,133626350.536372
859,122714184.000742
888,96552121.095011
920,90753834.461759
1072,90718325.024447
1279,83446280.434386
1552,82964769.988754
1735,80552431.757593
1792,79404354.873242
1997,77874631.186416
2059,77725772.014030
2185,71924130.318605
2632,69008203.336128
2724,68320082.002567
2814,55747501.169451
2993,53459141.350941
3171,50095909.861275
3261,47815738.072330
3444,47057850.739618
3504,46246438.714277
3803,46191496.803031
3834,45708601.675279
4072,45346040.428921
4102,45330811.992759
4222,44938253.200960
4252,44796460.012484
4282,44638251.239847
4372,44580105.739076
4462,44531859.872956
4523,44360619.563705
4552,44317869.421633
4553,44276317.211831
4642,44143342.909477
4643,44120323.199740
4672,44018894.586551
4700,44010761.497662
4732,43974884.075447
4733,43756911.174902
4792,43714876.897418
4824,43218711.640716
4883,43012378.334606
4974,42856712.658273
5003,42820648.082337
5033,42762591.844101
5063,42569640.932280
5183,42465492.489646
5213,42404518.680151
5244,42383227.489738
5273,42249093.195962
5298,41944367.781904
5478,41489759.501960
5599,41407737.173670
5688,41299205.465451
5718,41245446.091089
5756,40978860.861989
5784,39740373.791517
5786,39415106.240195
5814,39214292.117988
5843,38805218.200053
5935,38456797.742481
5994,37949495.329410
5995,37887215.632069
6052,37382475.319451
6082,37377480.168039
6111,36990016.554679
6141,36760455.531855
6202,36536639.320187
6261,36233799.327963
6350,36149309.266589
6411,35909687.226624
6412,35743941.480510
6441,35495184.972466
6470,35388526.799339
6501,34977271.791269
6557,34354286.997213
6595,34281955.631336
6708,34086387.414663
6710,33970376.157273
6738,33354345.545880
6742,33280588.565589
6775,33208037.655027
6828,32976935.403531
6948,32777048.343048
7041,32424791.291094
7076,32162346.063040
7130,32008024.478737
7310,31634422.630911
7431,31334069.839717
7490,30874299.853855
7578,30673514.476553
7642,30275508.973082
7763,29131384.816115
8032,28812272.682554
8515,28777328.746830
8665,28545843.413220
8696,28293687.219636
8725,28281369.980510
8726,28052974.030311
8847,28000459.449725
8905,27939928.859973
8963,27935911.163906
8964,27919799.522296
8995,27791657.654509
9233,27701700.358360
9292,27612951.616163
9323,27457692.680884
9353,27446348.521912
9383,27423855.512162
9593,27412623.411281
9767,27148305.271120
9917,27102544.335263
9949,26968455.538990
10041,26791645.410577
10066,26334366.749092
10127,26169333.130742
10189,26041067.157279
10276,26021969.780000
10282,26010938.340440
10309,25894696.055746
10310,25546666.951171
10341,25343047.717502
10370,25283217.606893
10427,24969672.351225
10486,24841461.408890
10517,24635100.290233
10586,24604065.321991
10609,24551595.509873
10674,24389353.776831
10796,24368918.979455
10909,24195791.761034
11058,24108618.147238
11120,24032880.760915
11127,23968260.663864
11181,23652204.007002
11271,23621619.126716
11389,23578997.747291
11450,23450782.128416
11570,23418998.400398
11661,23383846.938959
11727,23348920.895970
11779,23343175.537151
11929,23318465.920207
11931,23315708.792613
11960,23294544.755426
11961,23223150.437360
11994,23218749.550684
12078,23129687.448876
12080,23110556.322905
12111,23096631.904312
12171,23058280.172030
12290,23016291.440300
12291,22975466.578548
12321,22934053.714100
12351,22915100.135849
12379,22907147.190596
12381,22889391.602996
12408,22797041.955776
12439,22737037.272733
12470,22710763.505447
12497,22704528.326285
12526,22691367.962073
12556,22613542.600253
12557,22598669.412328
12682,22581857.145110
12741,22469370.793630
12799,22434384.289504
12829,22418854.594208
12916,22381389.575963
13008,22346239.009791
13038,22262897.778397
13099,22237232.975939
13126,22226839.614811
13156,22215087.999803
13189,22173375.981523
13282,22095260.938908
13311,22079193.641702
13458,22017405.904197
13491,22008072.103803
13519,22004636.915056
13551,21997322.637787
13641,21956614.290077
13703,21947126.643453
13849,21941365.834319
14033,21905185.658766
14153,21877244.959885
14183,21853811.566912
14211,21847014.019282
14270,21821288.079367
14298,21790360.152673
14360,21770434.540727
14420,21757238.031253
14508,21733975.022510
14598,21720786.023397
14688,21717228.447569
14866,21716861.106048
14958,21699574.857378
14988,21681927.677603
14990,21653475.836404
