Evaluations,Fitness
1,1170277532.498132
2,842702679.018068
4,647012388.650707
63,590278286.055349
70,353490580.510265
127,288474282.408143
133,272447831.093638
213,264272531.918278
251,229944304.151985
303,206020879.945114
334,153489041.208450
367,131204697.316999
518,130996805.116872
575,123636255.502917
611,116594146.582473
762,109920046.627737
812,94179124.708318
826,80422150.199159
1059,76464593.731508
1062,75618196.731814
1064,74529089.449421
1082,71918253.360308
1084,62851065.388581
1158,61020793.127436
1177,57721762.597891
1202,54922267.541494
1212,53665579.081337
1250,52624170.056289
1265,44472226.530159
1325,43866025.948533
1469,43117649.475560
1537,42643413.623703
1539,39947360.248210
1565,37951169.437608
1582,35005240.116318
1682,34874900.617118
1731,31885684.238633
1747,31103552.532808
1788,30098365.045699
1790,24821649.754218
1791,23116967.717231
1906,22848538.181019
1909,22540297.025995
1963,17407584.790571
2232,16405487.951643
2264,16277597.090129
2294,15252401.948104
2295,14555271.461934
2297,14206362.158805
2325,13930274.422399
2415,13890822.134581
2475,13614975.193205
2477,12957532.491069
2479,12090383.584161
2480,9613237.599852
2718,9376530.756416
2751,8629572.193087
2871,8471842.765508
2984,7560768.569100
3073,6515387.020818
3192,6007026.140021
3490,5649530.557087
3521,5562529.292120
3553,5495555.896515
3608,5338215.707879
3644,5325501.179657
3698,5211722.234581
3731,5104378.917420
3799,4862076.868839
3827,4351673.531923
3843,4110634.861153
3874,3911355.561484
4084,3745625.785044
4117,2980925.438030
4359,2864070.687469
4419,2709300.439033
4441,2528510.231206
4475,2468051.828112
4502,2073262.369021
4726,2054124.235646
4782,2008095.613170
4784,1833816.669878
4857,1336749.452246
4885,1205268.112010
4971,1142054.825697
5064,1140971.415164
5152,1061496.779625
5275,1047615.726510
5326,917212.065358
5356,874246.656156
5512,865445.221705
5536,780436.662243
5657,757918.415847
5685,696666.848153
5723,602829.075136
5815,576715.758725
5822,552146.793714
5854,534218.874123
5882,488650.979593
5941,447024.824993
6032,398738.597116
6091,394551.877025
6120,382880.806285
6180,363601.531989
6301,359183.826724
6303,311637.846828
6484,307493.865333
6539,285864.361110
6574,276412.140874
6579,221638.241230
6669,217971.310065
6749,192847.501789
6875,181886.341267
6988,175554.497332
6990,167808.983085
7027,158878.662640
7116,148792.810633
7143,127396.122234
7236,113463.688713
7408,109843.669049
7437,100777.792763
7498,88190.629003
7676,79949.330418
7769,69878.038824
7857,68045.535746
7888,67816.322911
7917,67115.940188
7941,54786.486094
8027,51766.350050
8059,51202.280945
8089,48663.102033
8179,46589.980171
8360,44754.338123
8364,39886.896623
8454,35805.655235
8574,34946.276108
8586,33842.239394
8605,32591.090306
8649,29581.202010
8798,28731.326894
8827,28615.625800
8846,27632.178126
8858,26853.018913
8886,26538.538756
8887,26194.581069
8919,25504.743895
8948,25092.467947
8949,23822.926567
8957,23629.017279
9048,19891.196811
9199,19432.400687
9231,16109.915544
9349,15833.492240
9411,15715.066730
9471,14724.652887
9587,13687.907950
9616,13258.595685
9651,11895.933341
9676,10958.801526
9891,10364.549102
9979,10257.746963
10044,10140.913274
10072,9592.162153
10130,9507.575162
10161,9249.726442
10163,9247.608184
10221,9162.115282
10222,8650.087647
10248,8498.280766
10252,8122.971325
10254,8091.592118
10286,8036.105017
10376,7507.916180
10464,7040.933046
10524,6986.509862
10550,6579.761446
10552,5771.487839
10736,5595.740984
10789,5255.517467
10854,5051.781677
10940,4485.397943
11001,4365.523085
11209,4175.925146
11296,4140.509479
11390,4116.126844
11421,4068.387122
11451,4027.181620
11478,3990.305672
11483,3939.492453
11508,3746.131308
11570,3705.468267
11598,3676.043505
11600,3573.238721
11658,3527.616932
11659,3481.747398
11716,3476.132989
11718,3446.885021
11720,3439.892437
11748,3401.435937
11749,3385.286211
11814,3371.497389
11817,3249.317887
11905,3185.734220
12024,3154.316377
12053,3113.559745
12084,3011.896806
12143,3004.463361
12144,2883.135662
12176,2882.573337
12195,2875.549055
12264,2829.499125
12266,2750.465122
12294,2565.121833
12349,2545.683312
12416,2526.300978
12446,2509.663881
12499,2507.306786
12522,2481.361960
12565,2418.557873
12622,2416.575585
12626,2393.723249
12646,2334.113479
12648,2199.682179
12702,2147.106041
12759,2138.428452
12859,2109.445510
12883,2083.125287
12884,1831.612758
12965,1672.110484
13145,1573.151824
13267,1525.244424
13323,1524.839319
13326,1470.376865
13359,1445.822147
13384,1397.598657
13386,1332.895096
13447,1326.575186
13473,1292.134928
13509,1244.825079
13597,1224.842660
13599,1219.896714
13623,1180.960008
13626,1157.713852
13627,1155.228340
13651,1147.545676
13718,1145.535049
13749,1139.746862
13752,1139.743535
13774,1117.315636
13803,1111.111363
13841,1103.360571
13867,1086.839132
13871,1076.514413
13896,1036.425899
13988,1004.746898
14018,1004.017017
14048,991.319241
14049,983.883594
14107,973.195936
14138,951.144636
14204,940.020349
14261,937.114322
14266,923.267103
14294,922.003691
14321,909.269538
14322,886.609811
14388,880.930697
14414,865.921451
14416,864.146627
14501,851.924973
14529,848.772093
14534,837.992386
14621,825.383127
14709,817.329480
14713,812.412159
14769,810.770330
14773,810.555881
14797,795.785153
14833,792.015682
14919,791.682879
14949,791.524986
14955,773.740260
