Evaluations,Fitness
1,3810.875398
2,2990.368188
3,2831.011229
4,2782.427866
5,2269.779837
10,2269.375772
26,2268.017980
32,2267.902693
35,2142.163096
36,1842.971474
93,1787.789050
96,1756.877505
100,1695.149600
107,1642.309185
109,1433.202217
202,1361.766038
203,1352.862517
239,1219.541398
331,1109.106100
362,1041.272203
420,1027.909590
448,889.796265
449,848.205233
534,817.809499
626,770.007049
716,669.226919
754,660.833896
785,634.420839
786,631.675197
788,605.502477
877,547.657001
879,512.055887
881,379.334164
939,355.701479
941,328.791700
968,300.248178
1059,270.410760
1238,268.991597
1298,254.478983
1327,233.924063
1417,230.250472
1507,211.607658
1596,205.194169
1628,203.808167
1629,189.990513
1727,184.711531
1849,176.998509
1929,165.113975
1957,155.196427
2048,150.079726
2109,148.544855
2169,147.044689
2170,146.693649
2178,120.372264
2233,110.669398
2417,110.415061
2502,102.527514
2535,99.699423
2592,90.777267
2652,80.433594
2712,79.056181
2774,78.394586
2800,78.078127
2860,77.460428
2888,75.157363
2889,68.047891
3012,67.849466
3044,66.060773
3092,64.295186
3132,63.958006
3191,59.327775
3279,54.815910
3400,53.167581
3457,51.829770
3472,50.687622
3485,49.372141
3487,47.428599
3491,47.158303
3493,45.825975
3607,45.694775
3611,44.091576
3635,42.392370
3724,37.692955
3761,36.184731
3784,35.905760
3971,35.114918
4025,34.697051
4029,34.278159
4061,33.930445
4092,32.905078
4094,32.081600
4149,29.572618
4213,29.121521
4241,28.943422
4269,28.754757
4274,28.573010
4331,28.418180
4343,27.867871
4365,27.805426
4426,27.721866
4428,27.623251
4452,27.548489
4455,26.015026
4463,25.577716
4524,22.819722
4672,21.835020
4705,21.289238
4730,19.705306
4816,19.011968
4822,18.962999
4852,18.392480
4884,18.261378
4909,17.649016
4920,17.383020
4950,15.378006
4981,14.500514
5131,12.885431
5191,12.431506
5282,12.290977
5312,11.300695
5372,11.027542
5403,10.476318
5494,9.884852
5521,9.563177
5583,9.475705
5643,9.382378
5644,9.276693
5702,8.732925
5736,8.689064
5762,8.685201
5825,8.622326
5826,8.346027
5877,8.028960
5939,7.960578
5947,7.940547
5967,7.576265
6031,7.349391
6120,7.127770
6122,7.092073
6124,7.041902
6209,7.020755
6211,6.756041
6243,6.593429
6303,6.576973
6362,6.556652
6394,6.377448
6528,5.665084
6646,5.249976
6706,4.965463
6980,4.961357
6982,4.597089
7071,4.586509
7101,4.572753
7185,4.446833
7225,4.225966
7347,3.663390
7496,3.560105
7674,3.465894
7705,3.358421
7770,3.337589
7794,3.332147
7830,3.313463
7851,3.251295
7871,3.117807
7974,2.917572
8005,2.895108
8095,2.880825
8097,2.846512
8155,2.816551
8205,2.412228
8531,2.391721
8553,2.359021
8699,2.322139
8774,2.305484
8791,2.139865
8978,2.080576
9006,2.061484
9068,1.977477
9218,1.908772
9340,1.901377
9342,1.822153
9402,1.751631
9520,1.727020
9550,1.700515
9554,1.673771
9612,1.673573
9673,1.666186
9703,1.616741
9793,1.597008
9919,1.578654
9950,1.569057
9977,1.550599
10033,1.491102
10124,1.484095
10154,1.466254
10304,1.458463
10373,1.380777
10400,1.369188
10577,1.368692
10578,1.359809
10591,1.352326
10633,1.316437
10724,1.299844
10842,1.286778
10872,1.279741
10877,1.262477
10909,1.257729
10971,1.256303
11025,1.247774
11052,1.231561
11143,1.223319
11145,1.221201
11171,1.218574
11228,1.203570
11258,1.202765
11322,1.198897
11325,1.196203
11413,1.194147
11420,1.185917
11508,1.177713
11509,1.173002
11531,1.167355
11565,1.164980
11630,1.155861
11715,1.155469
11719,1.154221
11724,1.129570
11816,1.121878
11936,1.117626
11965,1.110532
12142,1.110287
12172,1.106860
12205,1.106411
12206,1.102581
12208,1.094731
12353,1.092670
12381,1.091129
12479,1.089166
12501,1.084291
12560,1.083099
12588,1.082347
12620,1.076970
12623,1.075506
12650,1.073110
12742,1.071396
12744,1.070864
12770,1.069631
12793,1.069071
12795,1.066615
12857,1.062984
12862,1.060477
12923,1.055039
12953,1.053538
13015,1.045384
13194,1.044474
13224,1.044067
13312,1.043846
13314,1.042282
13372,1.042156
13400,1.032941
13492,1.031061
13611,1.030030
13649,1.029048
13672,1.028998
13733,1.028652
13735,1.026275
13751,1.021360
13821,1.020967
13852,1.016986
13910,1.014506
13912,1.014052
13940,1.012991
13998,1.007975
14028,1.005871
14031,1.005721
14078,1.005596
14092,0.999182
14148,0.997961
14150,0.997905
14152,0.994324
14153,0.983444
14242,0.980582
14300,0.978928
14305,0.978511
14393,0.973326
14453,0.973278
14485,0.970016
14519,0.957589
14667,0.949714
14695,0.919753
14785,0.907778
14843,0.903127
14871,0.892835
14900,0.882739
14918,0.861102
14919,0.851405
14956,0.836375
