Evaluations,Fitness
1,3010.957260
3,1841.000960
4,4.256803
21,0.891591
38,-0.158983
101,-0.715017
151,-0.786984
241,-0.953593
338,-1.017987
454,-1.025854
587,-1.028143
617,-1.028491
805,-1.028606
897,-1.030187
947,-1.031370
967,-1.031513
985,-1.031520
1165,-1.031625
1450,-1.031626
1614,-1.031628
1739,-1.031628
1810,-1.031628
1847,-1.031628
1995,-1.031628
2096,-1.031628
2295,-1.031628
2565,-1.031628
2590,-1.031628
2595,-1.031628
2673,-1.031628
2770,-1.031628
3032,-1.031628
3033,-1.031628
3070,-1.031628
3093,-1.031628
3153,-1.031628
3543,-1.031628
3662,-1.031628
3902,-1.031628
3954,-1.031628
4033,-1.031628
4153,-1.031628
4526,-1.031628
4674,-1.031628
4995,-1.031628
5415,-1.031628
