Evaluations,Fitness
1,5818390.950722
8,4075079.809482
39,3113644.048147
40,3064317.936031
96,2952816.341964
104,2923020.345895
124,2544551.655694
155,2542594.800550
249,2148369.003662
307,1958485.771012
340,1913394.807202
397,1896049.984583
441,1882339.182488
456,1736736.422415
513,1676192.082582
552,1562817.980794
651,1561472.930055
659,1415695.642946
671,1387196.194429
691,1161134.087535
789,1139522.357509
793,1139014.372740
812,1039316.449002
842,1022637.630154
932,984377.185392
1060,978467.167962
1087,974520.200354
1094,943694.608153
1121,911965.424809
1124,667001.724648
1216,612044.831381
1320,602128.811176
1335,535993.814921
1458,520921.306794
1532,490571.122990
1546,433736.561542
1592,400708.353258
1743,368053.592749
1773,349338.053311
1927,278217.068030
2018,273074.700969
2115,269783.834918
2207,266387.843298
2211,241937.794084
2303,224358.745320
2411,196132.564755
2534,193085.243600
2599,192075.082093
2653,171265.828553
2714,168248.989869
2770,166152.002050
2864,165289.459923
2926,163524.215853
2940,148004.551254
3000,140933.606201
3170,139260.542925
3171,138747.571541
3179,137328.355169
3233,134314.726962
3268,122971.830046
3329,121879.414769
3360,120480.160865
3418,116763.112899
3446,115123.497974
3448,107555.816993
3450,102683.183717
3508,100979.859902
3539,100760.584941
3568,99459.211330
3570,98575.449083
3571,98526.733550
3599,97069.886487
3600,94771.686230
3601,92308.508661
3690,90859.253538
3716,86806.445441
3805,85380.183096
3809,84980.739475
3846,84076.064832
3847,83939.494601
3936,80113.244232
3964,69312.033727
3993,68453.384506
4084,67051.132656
4116,65764.208146
4173,62666.142092
4201,61167.469845
4260,60239.041825
4289,59561.547290
4380,55908.926516
4382,55423.326094
4412,54580.502595
4418,52159.532634
4501,45266.697852
4684,45218.703748
4714,44630.207326
4770,44384.589626
4797,43227.768993
4830,43000.501137
4864,42118.836026
4917,40120.692561
5008,39757.727791
5065,39499.634143
5067,38514.786385
5068,38127.882972
5132,36623.290704
5247,34941.423068
5336,34073.106392
5341,33492.866367
5396,33417.691942
5457,33225.006564
5493,31987.512670
5582,31543.406869
5583,30635.847011
5641,28326.650414
5642,25571.865626
5730,24889.765008
5731,24658.489023
5821,24619.992502
5824,24171.986452
5876,24140.904910
5884,23982.827475
5904,23129.473382
5964,22673.784994
5973,22667.811146
6121,22416.636077
6141,22357.686924
6178,21493.580593
6184,21187.132629
6206,20834.066298
6238,20350.371913
6291,18944.426562
6331,17606.387387
6334,17256.450782
6426,16751.723877
6487,15913.347936
6575,15566.798347
6635,15472.718827
6637,14635.731386
6813,14494.714731
6846,14303.546351
6873,14200.626898
6875,13894.002404
6909,13181.748456
6981,13129.828163
6993,13040.703730
6996,12854.395843
7014,12787.387241
7016,11452.528886
7064,11053.346062
7143,10611.587123
7155,10289.742669
7262,10142.763767
7264,9722.352622
7336,9669.362247
7352,9468.721703
7386,8567.949266
7444,8377.847430
7446,8236.241597
7447,8169.325642
7474,8106.392236
7507,7600.593761
7656,7471.019302
7657,7396.503399
7685,7084.826636
7713,6818.611265
7777,6683.673546
7871,6672.401959
7892,6507.301952
7903,6465.225080
7931,6112.729641
7980,6023.525831
8021,5547.201418
8141,5095.887284
8164,5012.387705
8229,4929.209087
8290,4924.286423
8320,4852.009078
8406,4776.228187
8408,4715.581800
8415,4465.361533
8496,4457.203104
8542,4191.018831
8604,4079.894212
8623,4052.968671
8715,4027.277270
8720,3956.123391
8866,3946.050065
8892,3858.320193
8893,3820.997571
8965,3791.455952
8982,3690.362072
9037,3677.044975
9074,3620.882260
9107,3541.084026
9147,3520.730889
9176,3518.231044
9177,3504.262793
9204,3461.829841
9263,3373.323020
9267,3310.738508
9297,3269.480548
9305,3217.973245
9309,3088.002067
9313,3009.598311
9337,2945.371687
9374,2886.095607
9434,2850.332561
9509,2843.142647
9519,2797.560475
9521,2670.392375
9622,2358.577887
9716,1806.680167
9717,1772.042556
9776,1648.877347
9836,1532.821481
9841,1369.538262
10048,1243.067611
10076,1164.493210
10225,1157.931026
10227,1154.670889
10289,1105.742785
10291,1073.940609
10350,1062.413425
10405,1057.420803
10435,1049.490123
10553,1033.128848
10555,1030.555865
10585,1008.610010
10647,1003.282689
10650,1002.634087
10665,1000.726357
10667,976.126865
10708,973.185030
10710,947.225285
10727,925.838548
10743,914.173526
10756,904.650522
10757,888.690437
10785,885.613964
10789,858.736867
10865,857.219298
10875,820.040932
10904,761.324677
10941,736.891940
11038,655.328419
11112,603.127694
11135,586.136723
11139,540.837288
11140,533.559810
11199,526.608307
11225,464.236986
11317,458.676721
11407,452.969380
11437,446.908283
11504,442.030689
11535,439.006807
11557,420.070623
11594,411.949088
11642,390.222684
11709,362.806150
11827,321.949171
11887,298.990359
11948,298.483268
11977,297.757059
12005,279.572396
12133,275.208685
12158,268.244377
12190,257.996349
12250,257.814268
12310,243.356238
12368,234.134976
12400,233.630885
12428,230.899839
12429,226.853319
12457,222.773424
12458,222.302281
12488,221.958299
12489,211.667553
12580,209.046748
12629,207.281404
12633,173.183593
12794,164.392493
12796,156.078964
12915,155.939447
12917,140.869340
12976,134.568874
13008,130.094644
13029,124.428771
13059,118.017130
13240,112.203973
13268,111.200708
13297,101.434463
13385,100.454038
13415,99.126870
13422,98.982600
13452,91.919162
13534,91.602028
13538,88.596554
13567,77.444062
13658,72.461658
13688,71.494326
13718,68.613068
13838,66.758204
13900,64.753368
13930,64.318539
13963,64.037916
14021,63.377458
14049,59.037865
14138,58.763603
14166,55.695302
14168,54.012333
14199,53.383542
14228,51.578191
14285,50.097830
14344,49.377246
14469,48.652715
14501,47.577241
14531,47.446439
14588,46.357267
14591,44.920493
14649,44.643873
14664,42.654286
14686,41.319528
14694,41.048846
14779,36.403562
14952,35.537049
14962,32.934974
