Evaluations,Fitness
1,9.3064e+08
2,8.59437e+08
7,8.2496e+08
10,7.12517e+08
12,6.93444e+08
19,6.81475e+08
36,6.31767e+08
55,6.03893e+08
67,4.88901e+08
74,4.85545e+08
82,4.59408e+08
99,4.42536e+08
101,3.64243e+08
102,3.5323e+08
108,3.33533e+08
116,2.72584e+08
117,2.48243e+08
250,2.3817e+08
262,2.31961e+08
264,1.89669e+08
354,1.36804e+08
396,1.23234e+08
487,1.03498e+08
580,7.602e+07
789,6.69251e+07
812,5.21407e+07
878,4.70339e+07
964,4.58937e+07
969,4.56333e+07
995,4.1366e+07
1054,3.98854e+07
1055,3.51047e+07
1145,3.41417e+07
1177,3.40772e+07
1180,3.34377e+07
1181,3.1606e+07
1242,2.9303e+07
1418,2.72104e+07
1484,2.69693e+07
1505,2.18595e+07
1595,2.01111e+07
1655,1.96096e+07
1880,1.94427e+07
1901,1.88221e+07
1930,1.85708e+07
1959,1.55072e+07
1961,1.46793e+07
1993,1.42498e+07
2007,1.40469e+07
2067,1.20034e+07
2204,1.19181e+07
2225,1.09594e+07
2264,1.09331e+07
2317,1.06673e+07
2360,9.78892e+06
2481,9.5944e+06
2499,8.26346e+06
2585,7.55952e+06
2617,7.40747e+06
2655,7.37086e+06
2677,7.28505e+06
2745,6.88422e+06
2772,6.61017e+06
2795,6.58891e+06
2803,5.00085e+06
2805,4.74551e+06
2861,4.64227e+06
2868,4.54391e+06
2926,4.3087e+06
2989,4.29746e+06
3015,4.28255e+06
3049,3.79753e+06
3050,3.77331e+06
3051,3.70295e+06
3110,3.43697e+06
3226,3.43616e+06
3280,3.21733e+06
3310,3.0459e+06
3312,2.92432e+06
3342,2.89391e+06
3346,2.85821e+06
3432,2.85656e+06
3459,2.81286e+06
3519,2.78118e+06
3569,2.6817e+06
3588,2.60268e+06
3590,2.02731e+06
3591,1.80537e+06
3655,1.75754e+06
3712,1.73761e+06
3799,1.57775e+06
3862,1.51716e+06
3912,1.51274e+06
3940,1.48746e+06
3950,1.48282e+06
3952,1.46448e+06
3989,1.42335e+06
4077,1.37259e+06
4126,1.34619e+06
4154,1.289e+06
4182,1.17218e+06
4188,1.06395e+06
4273,933665
4451,928564
4456,872371
4484,862880
4573,814781
4577,729598
4757,672812
4788,631369
4790,588096
4849,512578
4879,511911
4944,486435
5002,439972
5209,438243
5239,432692
5242,428570
5243,410553
5333,372759
5362,365294
5423,360427
5545,356775
5602,348025
5659,333427
5720,289804
5870,248851
5879,225622
6082,224988
6087,224880
6089,207205
6147,189928
6211,185677
6239,184088
6271,181688
6329,172568
6331,155615
6481,141478
6512,136146
6602,131312
6661,128395
6691,126882
6692,124743
6754,118849
6842,117810
6870,111835
6932,106848
7023,104830
7047,104777
7054,99107.6
7075,94953.9
7077,87445.6
7165,87345
7197,81888.6
7293,80843.1
7323,80174.8
7386,75054.8
7415,73273.8
7420,70209.7
7566,68075.8
7596,67388.3
7598,63150
7626,60348.5
7632,59570.4
7686,58240.5
7745,52788.1
7804,49890.1
7925,48595.3
7927,47669.2
7985,46907.2
8047,46190
8056,40722
8109,40559.1
8137,38569.6
8165,37150.1
8166,34188
8167,31418.1
8197,31249.8
8257,30025.1
8284,28991.7
8314,28377.8
8347,27817.8
8349,26503.6
8379,26474.2
8467,25878.7
8493,25259.6
8577,25243.5
8587,25017.9
8639,24209.3
8667,20531.7
8836,18986.7
8955,18874.5
9057,18832.1
9117,18607.1
9135,16867.4
9217,15195.9
9245,13404.4
9319,13380.2
9334,13253.6
9378,13087.3
9409,12941
9454,12696.6
9484,12668.9
9615,12531.6
9640,12474.1
9653,11592.1
9682,11361
9683,11240.4
9713,10957.4
9832,10162.8
9950,9953.73
9998,9755.07
10012,9630.11
10038,9096.73
10039,9080.16
10068,8819.04
10128,8767.57
10184,8559.21
10265,8305.66
10268,8246.6
10278,8037.26
10355,7884.03
10356,7804.74
10384,7747.77
10385,7716.84
10415,7682.2
10444,7654.33
10446,7540.7
10447,7211.77
10469,6874.07
10497,6651.68
10557,6363.07
10637,6162.97
10700,6023.19
10726,5832.05
10754,5633.69
10816,5609.98
10844,4939.84
11037,4713.61
11132,4130.26
11283,3672.35
11373,3272.13
11525,3176.88
11642,3131.11
11648,2983.7
11682,2291.54
11778,2216.3
11806,2210.09
11897,2186.76
11925,2134.16
11986,1976.74
12107,1974.37
12163,1916.82
12164,1866.83
12226,1732.68
12473,1682.97
12509,1576.09
12512,1543.16
12632,1496.13
12644,1476.8
12658,1445.3
12662,1411.63
12687,1301.03
12776,1249.94
12777,1213.09
12896,1141.39
12926,1139.93
13018,1072.49
13044,1069.65
13048,1015.96
13167,1013.47
13196,991.909
13344,971.332
13413,923.415
13438,905.609
13442,863.708
13527,829.347
13563,746.991
13683,726.3
13738,720.978
13897,695.754
13919,692.503
13958,691.281
13987,681.355
14015,681.124
14037,669.988
14048,658.357
14077,644.914
14078,631.115
14107,628.77
14108,620.06
14229,604.563
14258,604.169
14285,601.431
14342,587.779
14346,554.416
14525,554.064
14584,544.656
14644,543.143
14705,540.779
14706,512.613
14734,509.776
14736,495.7
14764,491.952
14766,489.569
14798,482.635
14946,482.555
