Evaluations,Fitness
1,1348.447322
6,1305.206479
12,1283.189570
39,1223.230618
63,1201.434346
67,1162.336032
96,1026.444288
160,980.933975
167,974.268543
223,955.526821
227,802.460288
373,769.891315
436,754.262593
585,723.066782
796,702.436673
1005,686.717161
1008,659.493380
1157,645.210346
1215,632.903443
1275,616.432224
1455,601.237140
1514,597.854420
1515,577.586537
1635,556.147058
1755,536.090393
1785,525.381362
1845,513.229654
1934,502.097867
1994,494.654294
2117,494.446896
2175,487.625140
2235,477.229241
2355,474.733062
2447,472.827467
2477,470.145879
2594,453.472547
2804,450.893625
2862,423.385677
3133,423.260312
3314,423.153850
3376,421.535716
3404,420.850116
3433,414.221624
3553,409.215383
3674,407.995164
3798,394.597212
3854,390.883712
3912,384.100860
3942,382.308087
3973,379.047592
4063,376.976290
4066,376.898835
4094,371.353891
4123,371.259807
4124,371.117650
4154,369.240018
4182,367.485235
4183,365.932376
4213,365.759887
4303,364.480487
4364,363.688569
4393,362.903904
4423,361.994164
4514,361.241506
4541,360.278313
4571,359.771097
4632,359.596817
4634,358.321829
4665,357.432874
4693,356.452308
4694,356.351303
4722,356.076960
4811,355.699799
4901,353.976689
4936,353.891306
4962,353.765567
5056,353.486518
5086,353.201743
5147,352.233546
5208,352.074117
5209,351.957985
5231,351.373662
5240,350.369972
5269,349.998650
5324,349.875806
5325,348.255958
5326,348.054300
5390,346.872912
5506,341.014434
5652,340.817941
5655,340.746791
5800,340.187134
5835,339.639257
5852,339.453477
5865,339.080062
5880,338.369283
5882,334.328921
6003,332.031345
6058,331.752191
6060,330.302018
6153,330.163181
6208,328.881614
6392,328.781243
6422,328.552615
6453,327.779905
6465,327.543360
6490,326.995254
6525,326.231543
6528,325.810575
6554,324.856349
6555,324.440891
6585,323.510827
6617,323.012423
6643,322.163969
6704,321.926001
6731,321.638443
6792,321.004654
6794,319.310836
6822,318.367275
6824,318.254448
6854,316.290093
6857,316.262519
6859,314.001912
6885,313.196223
6889,312.249528
6890,306.888686
6978,306.801415
6980,304.772143
7036,301.007537
7064,300.461907
7216,300.442517
7246,300.155663
7274,300.062721
7275,299.164469
7276,299.127211
7278,296.510148
7399,296.000591
7517,294.020596
7607,293.334558
7637,293.174477
7787,292.709978
7818,292.670793
7938,291.828982
7968,291.386448
7969,290.671270
8028,290.652876
8089,290.245328
8091,290.152537
8181,290.017706
8268,289.967426
8269,289.650444
8273,289.216585
8393,289.053548
8541,288.901462
8569,288.717252
8601,288.360515
8778,288.107583
8808,287.999744
8836,287.499494
8867,287.336879
9046,287.077306
9047,287.047214
9074,286.898587
9106,286.726752
9195,286.474973
9224,286.430298
9228,286.294766
9256,286.172631
9316,286.020910
9347,285.959544
9349,285.891145
9377,285.794236
9379,285.754126
9399,285.636977
9435,285.356540
9496,285.071093
9525,285.024357
9526,284.947257
9554,284.899892
9616,284.828260
9671,284.623125
9673,284.544137
9675,284.514023
9701,284.329616
9763,284.225280
9792,283.973230
9794,283.599333
9911,283.530766
9915,282.550203
9916,281.737367
9946,281.319226
10009,280.604659
10010,279.739382
10041,279.456852
10100,279.391461
10102,279.299944
10103,277.668912
10161,277.604010
10215,275.947056
10243,275.755359
10303,274.097607
10336,273.014168
10422,272.847898
10424,272.778719
10451,272.756084
10484,272.244966
10545,272.116276
10577,271.949048
10606,271.321325
10665,271.114813
10690,270.891727
10726,270.733762
10751,270.632549
10785,270.607118
10815,270.491980
10816,270.455979
10875,270.419633
10905,270.387114
10906,270.300859
10998,269.793813
11118,269.774775
11208,269.714482
11293,269.703275
11294,269.683819
11328,269.473840
11355,269.270478
11358,269.249212
11361,269.140330
11421,268.968441
11422,268.553765
11504,268.515481
11505,268.455753
11534,268.256072
11593,268.142934
11622,268.045094
11650,267.977691
11688,267.704057
11714,267.541786
11718,267.408923
11781,267.231951
11810,267.161226
11812,267.103596
11868,267.091759
11897,266.768058
11983,266.145600
11985,265.362679
12015,264.099563
12017,263.121301
12018,262.189919
12019,261.768181
12048,261.084509
12051,257.417591
12052,253.072375
12142,252.924390
12143,252.648375
12230,252.436409
12320,251.410283
12440,250.828868
12531,250.466535
12561,250.384020
12644,250.324414
12645,250.206974
12673,249.782368
12706,249.262304
12826,249.052545
12914,248.976093
12974,248.859044
13004,248.789025
13094,248.748617
13124,248.662617
13128,248.620057
13132,248.581974
13154,248.336599
13185,248.239316
13187,248.234958
13246,248.111456
13362,248.024166
13510,247.784410
13543,247.781456
13575,247.752403
13667,247.490911
13756,247.471770
13757,247.444680
13816,247.361496
13821,246.936259
13970,246.933668
14000,246.911897
14063,246.898723
14084,246.691168
14145,246.630888
14150,246.568140
14153,246.554019
14175,246.548446
14235,246.545087
14333,246.409231
14362,246.136293
14390,245.954533
14482,245.743104
14659,245.730214
14723,245.718583
14743,245.524399
14921,245.508981
14954,245.377304
