Evaluations,Fitness
1,21.1525
3,20.9549
8,20.8983
32,20.8407
38,20.7773
43,20.5663
96,20.5034
99,20.3665
103,20.3022
115,20.1652
117,20.0778
119,20.0215
120,19.5586
185,19.5527
308,19.431
430,19.3591
455,19.2903
500,19.2281
540,18.9003
589,18.4105
651,18.19
800,17.7729
833,17.5658
983,17.5554
1097,17.4749
1098,16.977
1189,16.9582
1198,16.8033
1250,16.7126
1316,16.5378
1473,16.4554
1509,15.7313
1870,15.6996
1901,15.3714
1960,15.2146
2019,15.0971
2072,15.0937
2113,14.9606
2201,14.9499
2230,14.9124
2316,14.4859
2407,14.2725
2411,14.1866
2435,13.9047
2436,13.7378
2584,13.4713
2674,13.2676
2838,13.1265
2851,12.8928
2961,12.8641
3045,12.7083
3141,12.6797
3230,12.5528
3256,12.3349
3324,12.1278
3336,11.708
3346,11.627
3487,11.3895
3495,11.2819
3587,11.1939
3610,11.1936
3611,11.1662
3613,11.1262
3701,10.7417
3908,10.7286
3940,10.5646
4118,10.4652
4148,10.3419
4210,10.2489
4298,10.1542
4388,10.0239
4449,10.0182
4479,9.91093
4539,9.86191
4599,9.84151
4624,9.69282
4654,9.65994
4719,9.64444
4743,9.15342
5040,9.07132
5135,9.02266
5165,8.93129
5228,8.89491
5229,8.87807
5322,8.84943
5353,8.8482
5410,8.81221
5428,8.69978
5488,8.67279
5489,8.61672
5542,8.55209
5548,8.44979
5728,8.28582
5756,8.22731
5818,8.18383
5884,8.01963
6004,7.99385
6124,7.86606
6146,7.83546
6184,7.65386
6305,7.61242
6306,7.46719
6335,7.213
6428,7.08827
6537,7.04719
6567,6.90444
6595,6.90372
6597,6.82642
6685,6.68716
6715,6.61549
6867,6.58576
6897,6.48478
6929,6.41657
6949,6.38601
7017,6.34712
7106,6.29218
7159,6.23357
7161,6.09889
7375,6.09141
7380,6.07327
7469,5.96569
7546,5.79742
7574,5.7023
7692,5.65461
7722,5.63067
7752,5.58264
7805,5.5634
7816,5.55429
7881,5.49168
7894,5.25342
8073,5.23202
8137,5.13288
8193,5.11561
8231,4.93175
8351,4.90609
8472,4.81232
8549,4.69427
8611,4.57874
8651,4.57775
8742,4.51717
8801,4.5015
8831,4.46856
8850,4.42467
8959,4.34517
9155,4.22435
9158,4.1904
9183,3.99728
9366,3.98869
9392,3.91831
9454,3.86286
9512,3.85118
9542,3.78646
9694,3.78147
9782,3.77499
9784,3.70001
9967,3.69516
9992,3.68885
10024,3.62405
10054,3.622
10083,3.62061
10117,3.62003
10143,3.6161
10171,3.61415
10261,3.57492
10326,3.57455
10327,3.44766
10475,3.40545
10563,3.39938
10592,3.37118
10703,3.30236
10801,3.27969
10859,3.209
10860,3.16742
11011,3.13037
11043,3.12219
11044,3.10264
11071,3.06481
11160,3.02482
11252,3.02433
11288,2.95764
11368,2.89003
11435,2.86237
11547,2.80764
11577,2.79851
11582,2.75637
11610,2.74267
11677,2.68784
11792,2.68551
11855,2.6752
11887,2.60867
12009,2.59828
12039,2.59384
12119,2.58403
12147,2.565
12184,2.53183
12300,2.51385
12331,2.51312
12335,2.49498
12397,2.49391
12457,2.49367
12517,2.47858
12600,2.47572
12605,2.44101
12637,2.43136
12718,2.37973
12720,2.35169
12748,2.34742
12837,2.33634
12870,2.3176
12957,2.24805
12960,2.24034
13019,2.22654
13047,2.21822
13049,2.20532
13109,2.20114
13110,2.1993
13199,2.18765
13229,2.18379
13230,2.18239
13257,2.17527
13259,2.17261
13287,2.1695
13290,2.16715
13381,2.1657
13411,2.15805
13413,2.14288
13445,2.14205
13531,2.14204
13565,2.12317
13625,2.11928
13687,2.11887
13713,2.11443
13715,2.1135
13717,2.11081
13743,2.10952
13774,2.09391
13802,2.09244
13803,2.05784
13887,2.04273
13911,2.03297
14011,2.00969
14013,2.0083
14039,1.987
14073,1.97533
14134,1.96858
14187,1.93945
14189,1.91903
14277,1.91691
14336,1.91068
14430,1.90832
14487,1.90797
14490,1.90684
14541,1.89776
14607,1.88855
14616,1.88599
14677,1.87469
14718,1.86925
14812,1.86629
14838,1.80486
14870,1.75993
14872,1.74745
