Evaluations,Fitness
1,5250689.236300
3,4940637.194849
6,4936514.844115
7,4045977.250063
64,3109801.825027
71,2894752.976985
136,2696089.533867
138,2278140.239246
211,1966901.829243
327,1815655.182409
453,1586875.745253
494,1467866.210299
585,1406149.408584
652,1052291.569147
894,1039822.662994
947,1032365.936218
950,954388.886145
958,923059.707268
1073,792931.614994
1194,781254.826572
1221,754145.762069
1251,728659.771961
1305,714113.936635
1313,713037.850310
1341,705391.416247
1413,677632.472123
1447,517484.351275
1538,478986.402518
1568,457115.574051
1749,455554.162921
1776,453202.319032
1778,426701.241810
1958,406164.279879
1999,384223.333326
2023,349700.030943
2051,320000.194448
2141,297143.953215
2291,277379.244118
2319,268509.659023
2497,265826.437365
2501,259079.977710
2531,258822.502959
2587,257620.676807
2616,256508.266609
2617,237183.473980
2662,223330.718670
2721,218185.795953
2722,213091.080856
2751,212506.528961
2779,199987.686187
2937,199804.928752
2962,193387.107685
3081,193115.665623
3085,188160.465480
3153,176996.028121
3156,176433.165696
3243,163701.319239
3333,161226.711301
3363,144574.594633
3391,144539.815306
3423,143113.362791
3633,142635.072334
3652,136019.841601
3711,129536.097296
3771,127352.959408
3863,123278.255002
3873,116762.000834
3934,96852.759116
4082,94618.055662
4142,93924.936535
4207,92391.346328
4262,92358.677684
4292,90687.751800
4350,82074.804818
4439,78387.737672
4558,73494.254946
4587,66979.376834
4619,66161.082062
4679,64541.842648
4680,60615.178494
4740,60558.448002
4744,58591.885213
4832,58051.696559
4881,51916.449785
4978,50539.974647
5010,46913.784385
5071,46608.822467
5122,39866.310297
5243,39752.022321
5420,39556.083309
5450,38962.055276
5484,38832.387267
5513,38801.812867
5514,37855.604782
5529,37822.828168
5539,37633.196447
5540,37374.265948
5545,37286.698568
5574,36929.112302
5590,35553.344625
5681,33758.574793
5750,33574.382312
5797,32371.334970
5798,32298.374323
5833,29770.503689
5837,29560.094211
5895,23731.083981
6011,22933.964986
6021,22697.760465
6051,21760.483455
6075,20335.378225
6117,19230.708869
6198,18252.580718
6287,17231.079043
6327,16755.988873
6375,16734.646321
6377,16593.240667
6386,16565.830218
6414,13985.045671
6565,13335.933972
6656,13212.975817
6665,13060.782231
6746,13041.630915
6776,12707.964340
6781,11616.208096
6849,11477.593044
6904,11181.384177
6930,11084.439256
6932,9784.682787
6974,9723.769291
6986,9649.196626
7051,9055.820538
7136,8840.127103
7196,8838.906610
7198,8781.372784
7200,7604.260669
7319,7547.419761
7347,7245.147198
7375,7052.530631
7437,6719.933634
7557,6689.592193
7617,6660.064694
7678,6597.097793
7708,6535.364065
7797,6379.214346
7828,6176.360883
7917,6120.004751
7923,6025.876218
7948,5963.395771
8028,5800.345807
8050,5232.573508
8057,4924.120668
8118,4488.606766
8210,4310.356973
8212,4297.579239
8300,4145.087828
8336,4099.924956
8384,3810.781634
8386,3723.572803
8390,3613.938150
8448,3403.135346
8567,3397.634789
8570,3201.484331
8687,3152.018716
8700,3017.478724
8730,3011.579617
8779,2922.907585
8869,2771.106752
8909,2761.079324
8957,2746.305813
8959,2739.910409
8970,2737.936054
8976,2626.315579
8981,2599.868114
8992,2336.070748
9139,2236.155834
9261,2164.732600
9283,2147.572557
9301,2056.538880
9353,1980.733469
9358,1941.188488
9424,1891.664763
9437,1842.511562
9496,1712.568331
9586,1677.469423
9649,1604.357968
9678,1562.828480
9738,1448.595019
9924,1435.460742
9950,1349.951481
9988,1290.851047
10041,1263.892254
10050,1229.133805
10074,1206.675521
10133,1169.319564
10193,1135.235164
10315,1095.116401
10317,1045.194991
10319,1024.806187
10345,1014.792140
10407,940.433534
10497,881.493137
10553,879.898109
10620,835.713841
10660,806.304718
10778,721.124609
10925,717.663858
10928,715.757140
10957,714.602859
10960,629.593254
11048,612.473473
11078,609.612089
11162,548.152697
11191,542.252907
11192,534.922514
11281,518.675431
11323,510.219724
11372,507.491545
11427,457.053703
11533,437.778868
11547,422.178470
11607,385.978064
11625,370.635016
11649,367.307389
11773,360.692887
11797,330.070513
11858,326.774446
11889,321.437108
11890,318.053661
11921,284.139270
11985,249.685095
12075,243.229285
12195,231.802257
12376,225.641108
12402,213.164712
12430,212.882145
12476,209.477871
12520,208.125533
12540,199.820406
12634,194.894292
12688,192.255265
12718,185.285875
12760,183.009882
12788,180.460518
12820,179.570481
12838,155.367064
12898,153.048053
13014,150.920785
13017,149.496773
13108,146.098412
13133,145.161983
13134,143.695718
13138,138.054253
13250,131.631801
13299,131.246300
13305,127.337279
13328,127.169451
13330,126.091807
13360,120.775047
13388,119.039972
13422,118.090458
13492,110.400847
13661,109.788223
13671,108.872252
13694,106.630657
13729,104.657918
13731,100.614753
13817,95.782509
13821,94.780542
13822,91.191596
13911,89.671306
13969,85.188083
14002,77.948368
14024,72.313246
14206,69.591408
14266,69.341649
14364,69.062236
14394,68.836114
14400,66.347710
14439,62.271837
14571,60.625810
14572,56.416939
14574,56.205144
14603,55.645060
14664,54.131534
14692,52.020458
14754,50.890356
14784,50.049550
14829,49.760252
14830,49.049152
14860,48.817015
14897,47.664975
14933,47.283441
14956,47.063118
14993,39.386166
