Evaluations,Fitness
1,-0.224115
2,-0.649256
3,-2.285727
18,-3.377241
32,-3.394319
56,-3.580778
109,-3.790117
191,-3.828956
198,-3.851202
288,-3.860456
330,-3.861920
553,-3.862027
568,-3.862507
764,-3.862597
1002,-3.862639
1040,-3.862731
1133,-3.862736
1188,-3.862773
1301,-3.862779
1320,-3.862781
1530,-3.862781
1590,-3.862782
1801,-3.862782
2022,-3.862782
2078,-3.862782
2401,-3.862782
2410,-3.862782
2521,-3.862782
2593,-3.862782
2711,-3.862782
2749,-3.862782
2881,-3.862782
2954,-3.862782
3048,-3.862782
3130,-3.862782
3190,-3.862782
3401,-3.862782
3434,-3.862782
3670,-3.862782
3824,-3.862782
3884,-3.862782
4171,-3.862782
4186,-3.862782
4214,-3.862782
4334,-3.862782
5110,-3.862782
6134,-3.862782
