Evaluations,Fitness
1,11534544.668020
3,10037934.061804
4,8835937.577229
5,8457644.186722
9,8294393.340335
10,7657315.958357
27,6987585.676873
28,6846148.531820
47,6295244.029779
49,5640155.317673
95,5458455.895680
104,5407682.262220
105,3950772.282511
222,3850897.487248
223,3739166.700493
224,2995826.115175
284,2850401.694495
311,2755236.039838
339,2745421.994825
341,2114024.092665
373,2015587.752753
524,1839520.724797
526,1812776.523714
634,1612787.077775
674,1556933.143444
735,1487308.757903
750,1471373.884204
752,1183958.480039
870,1137051.195743
931,1112428.097105
993,1074675.740471
1023,1041144.194006
1036,1017316.653778
1038,958300.885385
1158,908405.258376
1187,908404.271575
1188,860001.675355
1280,819566.211557
1296,751101.675977
1386,746546.845030
1390,724586.426308
1421,716660.207926
1443,713961.666357
1450,645748.218552
1536,621997.814869
1628,500889.140142
1657,488275.845741
1715,478677.722499
1745,445960.950859
1806,430611.623788
1833,384039.634638
1985,370116.585197
2014,361702.980489
2041,338476.769386
2176,322609.906068
2328,305431.149558
2432,273654.764436
2524,271477.127171
2551,266857.144367
2559,260524.863151
2578,254099.742330
2579,211402.408217
2677,210513.476599
2696,203246.811496
2737,202261.331379
2767,199382.597508
2798,194296.318121
2799,177639.174530
2827,174152.786243
2879,161928.713085
2915,159758.558138
2916,154277.286147
2942,149027.368336
2946,139992.049629
2947,137751.053233
2949,127458.977860
3007,117899.167686
3008,95630.330497
3157,92150.786173
3365,88915.515145
3368,88050.363948
3398,87549.835967
3485,84537.393043
3605,79697.853032
3696,77710.023301
3756,75710.172529
3757,74688.638314
3846,73406.510414
3877,73172.456661
3911,72973.183995
3972,71273.380260
4086,71225.811062
4118,70850.033513
4120,67355.654306
4178,66434.111899
4181,63451.624041
4210,59647.961877
4266,57047.297578
4324,56697.933734
4326,56600.672161
4353,53361.916642
4469,49804.895476
4565,49571.317741
4591,49217.447722
4629,48230.948882
4667,45997.322774
4730,43144.195365
4820,42136.120882
4821,42079.145276
4859,38395.096823
4923,36862.388361
4980,35406.517998
5045,33869.807273
5075,33478.334155
5181,33330.276601
5196,32293.079490
5200,28933.639312
5284,28800.674720
5287,28303.683908
5318,26829.773645
5320,26432.445837
5370,26247.116760
5378,25870.444564
5440,24175.724145
5441,24067.316236
5468,23675.835645
5531,22321.406436
5622,22056.685742
5655,20625.873165
5656,20451.999427
5770,19665.723908
5821,19322.142581
5861,19257.127313
5889,18917.013663
5928,18781.355109
5936,17722.241347
5978,17601.235275
6025,16470.871114
6073,16374.296371
6087,15129.925570
6121,14288.155388
6239,13844.480160
6252,13815.765464
6267,12672.574969
6356,12217.826920
6416,12195.491065
6445,12120.655099
6508,11755.375898
6541,11595.907478
6565,11178.228337
6586,11064.404818
6595,10903.848073
6746,10795.402819
6765,10582.196305
6768,10053.190559
6829,9557.491511
6949,9550.743099
6978,9211.525873
7039,8863.508405
7042,8669.105343
7043,7804.949845
7134,7422.862841
7194,7418.562944
7284,7140.212612
7345,7021.352771
7346,6708.714907
7375,6267.186100
7408,6030.157721
7496,6018.242999
7526,5932.129737
7556,5836.481787
7616,5765.577628
7676,5677.530523
7742,5633.239907
7765,5616.566988
7800,5616.450783
7809,5469.227156
7829,5464.446951
7831,5372.150468
7858,5351.128989
7861,5219.282681
7945,5102.166499
8004,5019.586584
8010,4949.526230
8063,4867.114597
8065,4672.166046
8093,4653.018327
8161,4647.545415
8168,4425.214561
8179,4070.258123
8334,4025.634356
8335,3593.265865
8396,3549.543038
8449,3453.098014
8520,3413.184268
8548,3404.355044
8553,3392.447320
8602,3218.168804
8631,3188.692221
8636,3034.774699
8653,2962.024742
8656,2956.811131
8733,2917.095106
8739,2767.397445
8751,2232.005369
8957,2212.926210
9013,2116.731894
9132,1997.565705
9137,1977.087353
9216,1956.177542
9244,1812.666229
9245,1785.872553
9305,1687.268896
9333,1649.727405
9335,1646.189503
9393,1611.756260
9420,1584.168419
9452,1497.935122
9456,1461.206752
9479,1396.079557
9575,1242.190528
9727,1228.763575
9851,1209.072698
9876,1206.054231
9942,1161.585318
9983,1061.458664
10221,1048.355787
10253,1026.030795
10289,993.984439
10290,987.483834
10330,887.062363
10391,878.334181
10541,834.642790
10542,752.880955
10572,722.076717
10751,713.704198
10781,706.525248
10872,685.781045
11020,679.331883
11022,674.820203
11080,673.942777
11111,655.116403
11112,650.523140
11141,639.648279
11143,625.539944
11168,613.926955
11170,608.597188
11171,607.685364
11261,588.756920
11291,586.050441
11321,583.027064
11324,558.917361
11413,556.464569
11416,530.161293
11473,509.401182
11504,502.925029
11536,502.862034
11564,502.804234
11566,502.781643
11593,486.049473
11619,485.546902
11622,481.676070
11651,480.981541
11653,477.603378
11708,408.805969
11799,367.552357
11860,365.608553
11890,353.813158
12037,333.667172
12073,313.074101
12126,310.635721
12130,305.678721
12185,293.554538
12187,291.495895
12276,280.011121
12369,279.771836
12376,279.350670
12397,268.589844
12402,254.074466
12492,243.038098
12520,241.987896
12550,238.075126
12556,232.756505
12585,217.477151
12613,215.887769
12651,188.892794
12741,174.308616
12977,171.418889
13075,154.706276
13164,142.737980
13165,126.811908
13283,124.109200
13343,119.285470
13433,114.773036
13553,111.018696
13613,108.664552
13641,106.794756
13673,106.512252
13707,101.501095
13736,98.072774
13760,69.513514
13882,68.250572
13912,68.052847
13943,63.203890
14061,62.317945
14182,59.659695
14205,55.823331
14211,52.330593
14384,50.379494
14416,46.488853
14437,42.692638
14564,41.572117
14565,40.346188
14594,40.171341
14595,39.351013
14684,37.301061
14735,36.936327
14772,35.606818
14776,35.148567
14796,32.366715
14948,31.593138
14978,31.356270
