Evaluations,Fitness
1,2768.198481
2,2664.461834
3,2433.080289
34,2410.315763
37,2344.639019
45,2344.286665
46,2116.213197
48,1634.752336
102,1516.155246
182,1456.274147
187,1412.924221
215,1348.863682
227,1338.515508
243,1336.202833
271,1277.487946
305,1218.193888
360,1217.826171
361,986.380873
397,886.587505
459,811.813931
461,801.363723
489,779.100563
608,704.158297
672,633.399230
793,566.973518
797,556.685121
814,538.354363
859,459.159958
861,429.726919
944,374.575161
1011,366.465353
1013,343.491545
1161,342.622884
1176,272.548437
1294,251.191599
1324,241.929089
1473,241.205962
1533,241.171113
1594,238.074838
1623,220.157413
1659,211.494089
1811,200.408101
1893,185.995106
1922,180.372221
1954,180.358702
1994,158.093974
2146,154.094780
2176,153.527511
2179,153.279309
2201,143.657238
2302,143.588525
2304,132.733603
2388,131.697593
2389,129.440783
2418,127.154654
2456,126.425038
2475,124.591619
2480,123.435880
2481,110.171852
2609,103.015564
2668,100.502178
2726,97.852408
2759,66.232998
3028,65.943091
3148,64.160461
3150,59.545092
3268,58.638966
3328,58.605484
3365,52.522202
3541,49.951743
3563,46.676659
3633,46.169238
3726,44.940424
3801,44.002264
3833,42.849426
3863,42.647436
3905,41.782668
3933,41.778749
4018,41.287156
4025,40.550242
4068,40.166750
4077,39.008693
4080,35.097456
4141,33.218745
4232,32.808508
4237,32.642218
4251,29.451027
4343,27.449796
4403,26.964771
4464,26.685988
4493,26.493965
4501,25.955602
4503,25.772909
4506,24.763905
4510,24.334247
4586,24.301720
4644,24.153021
4685,23.844195
4704,22.074622
4763,21.938703
4806,21.784800
4834,21.393691
4852,21.006678
4884,20.984413
4895,20.486569
4899,19.705134
4923,19.090454
4952,18.042687
5110,17.914629
5138,16.755292
5170,16.153479
5349,16.024190
5375,13.006190
5523,12.855962
5529,12.234593
5644,12.194410
5680,11.925542
5736,11.571292
5742,11.341312
5779,11.097291
5861,10.429059
5946,10.109829
6034,9.600307
6108,8.801529
6259,8.588565
6336,8.498701
6337,8.460884
6339,7.331291
6416,6.625743
6418,6.542097
6478,6.489649
6570,6.484149
6577,6.363390
6632,6.245956
6660,5.952039
6782,5.728736
6798,5.578321
6830,5.499262
6921,5.484484
6949,5.193115
6981,5.058078
7010,5.017019
7128,4.946832
7190,4.934986
7248,4.890219
7256,4.291623
7408,4.072363
7469,4.017189
7497,3.969845
7617,3.917713
7647,3.885201
7677,3.861057
7767,3.850180
7793,3.692341
7824,3.682040
7883,3.619485
7914,3.596228
7915,3.478579
7974,3.443565
7997,3.334892
7998,2.958769
8120,2.687057
8359,2.592429
8389,2.591473
8450,2.496181
8592,2.370780
8740,2.249122
8863,2.234599
8891,2.151245
8920,2.133356
8983,2.132907
9012,2.114400
9013,2.092699
9067,2.057064
9102,2.005453
9150,1.938139
9284,1.932767
9312,1.911368
9409,1.908969
9450,1.901001
9476,1.886698
9490,1.791047
9494,1.784963
9522,1.775498
9523,1.752317
9524,1.745589
9556,1.727758
9576,1.703263
9578,1.687178
9579,1.635734
9749,1.573343
9908,1.499577
9993,1.469099
10031,1.434279
10080,1.430814
10161,1.394717
10251,1.333749
10339,1.299412
10545,1.297869
10551,1.274081
10757,1.262845
10942,1.255588
11006,1.248328
11047,1.246121
11077,1.234499
11109,1.222389
11139,1.212536
11167,1.208814
11288,1.208343
11361,1.202759
11362,1.201568
11377,1.194864
11428,1.182491
11499,1.180634
11528,1.180469
11549,1.175173
11665,1.144233
11756,1.138652
11966,1.137051
11970,1.134777
11996,1.134116
12028,1.133443
12090,1.130971
12118,1.123667
12146,1.123479
12236,1.120579
12237,1.118010
12326,1.112500
12386,1.104691
12415,1.100155
12593,1.099271
12649,1.094087
12730,1.089239
12741,1.086772
12758,1.085927
12759,1.083532
12817,1.081695
12870,1.080969
12878,1.077207
12999,1.076237
13022,1.075143
13083,1.072353
13163,1.070704
13193,1.063001
13225,1.058449
13281,1.055333
13309,1.054145
13315,1.051128
13464,1.043861
13542,1.042576
13556,1.037848
13647,1.036223
13704,1.035123
13737,1.024371
13744,1.023951
13825,1.022409
13886,1.021302
13918,1.021278
13945,1.014559
13946,1.013008
14011,1.011060
14061,1.009082
14063,1.005301
14065,1.004864
14066,0.992992
14102,0.986117
14104,0.978542
14105,0.961580
14405,0.945971
14495,0.934701
14554,0.927386
14557,0.925767
14587,0.922535
14589,0.918521
14677,0.910639
14704,0.902357
14706,0.883363
14707,0.868997
14888,0.853664
