Evaluations,Fitness
1,2690.541356
4,2581.928947
5,2559.942922
6,2300.945356
10,2288.255491
11,2149.692695
40,2133.349155
44,1766.620456
107,1653.015292
115,1649.089724
132,1288.452509
191,1252.749734
265,1243.011117
327,1230.732461
336,947.813002
433,917.411591
443,830.037431
504,703.052397
506,687.219301
508,624.620869
564,558.890733
680,513.059655
790,491.951007
835,475.285371
837,412.326538
866,411.256508
894,364.962932
986,341.607035
1106,332.668122
1107,331.570514
1218,284.703652
1249,273.484864
1322,245.241309
1391,233.956986
1430,226.519124
1453,218.199130
1459,209.263862
1460,208.270508
1464,205.481689
1485,192.393219
1515,170.096193
1633,168.621223
1663,167.453612
1677,163.515781
1707,152.722314
1725,149.762968
1753,143.091679
1775,139.639235
1820,131.015029
1894,129.217141
1915,128.164192
1938,122.790189
1975,115.757163
2052,108.567000
2126,108.304593
2174,106.849538
2185,101.313449
2186,91.431754
2338,90.826375
2393,83.950297
2427,82.685038
2504,79.122680
2550,77.771610
2578,73.561032
2671,68.212453
2700,66.221750
2785,65.815521
2818,64.232846
2902,63.222662
2904,63.072260
2905,61.059842
2913,59.942590
2970,55.115489
3050,51.371097
3051,47.885747
3110,44.816073
3170,43.939336
3351,43.448990
3443,42.322786
3446,40.862822
3448,40.684537
3509,38.760941
3511,35.177243
3574,34.885213
3592,33.808705
3621,33.667971
3678,28.793811
3770,26.722861
3862,25.872710
4012,24.742406
4068,24.480845
4164,24.220294
4188,24.135837
4246,23.344340
4326,23.063403
4396,22.680113
4411,22.159444
4504,22.123448
4532,22.025569
4544,21.950193
4553,21.525633
4567,21.210558
4570,20.031674
4586,18.930169
4646,17.889363
4736,17.133763
4766,17.091646
4881,15.943636
4911,15.750194
5000,15.658546
5003,14.888929
5087,14.540976
5184,13.555927
5213,12.477736
5301,12.465193
5303,12.303271
5393,11.917603
5410,10.994442
5441,10.391196
5569,10.182018
5682,9.995052
5693,9.557625
5695,9.314815
5754,9.116436
5779,8.814544
5957,8.711905
5978,8.210162
6021,7.955497
6038,7.949538
6100,7.948996
6131,7.430828
6250,7.076783
6309,7.052488
6311,6.996954
6312,6.875255
6369,6.835970
6399,6.796504
6401,6.679283
6427,6.612058
6429,6.575119
6460,6.529850
6490,6.205626
6550,6.166291
6553,6.004325
6637,5.985815
6699,5.936124
6700,5.607320
6791,5.365815
6943,5.357835
6944,5.250913
6972,5.160010
6986,4.920169
7001,4.776791
7012,4.592084
7094,4.525030
7097,4.475042
7157,4.452350
7160,4.408378
7163,4.310969
7215,4.308215
7243,3.941962
7276,3.700805
7556,3.664968
7574,3.579044
7586,3.549288
7614,3.530806
7694,3.328610
7732,3.201791
7853,2.980356
7913,2.952977
7972,2.950918
8003,2.902246
8006,2.889254
8122,2.855970
8218,2.736751
8275,2.713472
8303,2.652975
8332,2.652412
8390,2.622045
8424,2.550131
8425,2.541363
8427,2.510394
8455,2.464279
8456,2.453476
8575,2.397715
8595,2.295005
8751,2.277811
8752,2.265344
8783,2.224401
8811,2.214598
8816,2.206994
8834,2.201657
8844,2.020356
8866,2.019614
8894,2.013016
8926,1.985132
9056,1.936140
9074,1.910086
9104,1.869332
9106,1.867425
9107,1.860765
9134,1.845933
9197,1.802632
9286,1.757952
9287,1.738847
9466,1.712838
9495,1.704502
9552,1.656185
9614,1.646872
9615,1.630919
9616,1.628978
9644,1.625655
9702,1.605097
9703,1.564062
9705,1.557361
9763,1.514241
9764,1.495092
9853,1.483797
9916,1.483101
9970,1.474627
9972,1.465098
10031,1.455742
10053,1.455389
10063,1.445513
10100,1.430137
10184,1.429965
10186,1.420334
10219,1.417912
10230,1.398008
10333,1.374077
10334,1.363495
10450,1.361834
10459,1.346697
10514,1.342770
10580,1.334059
10616,1.323309
10627,1.300844
10628,1.273226
10837,1.269516
10893,1.225651
10985,1.205299
11102,1.198939
11107,1.193470
11111,1.183779
11113,1.177748
11205,1.166069
11229,1.150916
11336,1.146656
11440,1.143670
11481,1.133289
11533,1.132551
11624,1.132157
11651,1.130564
11694,1.108834
11845,1.108744
11906,1.107827
11928,1.101085
12050,1.098782
12138,1.097305
12165,1.096087
12167,1.095221
12257,1.093354
12284,1.088781
12314,1.086024
12464,1.080892
12471,1.079499
12497,1.075483
12536,1.068045
12538,1.061263
12626,1.058480
12716,1.056456
12750,1.053036
12775,1.047626
12806,1.045650
12866,1.045406
12957,1.043649
12985,1.042590
13019,1.034512
13287,1.033772
13313,1.032296
13380,1.025778
13408,1.025209
13438,1.025194
13470,1.017148
13528,1.016868
13530,1.016643
13584,1.013899
13620,1.013484
13621,1.010729
13645,1.006421
13677,1.003849
13731,0.986503
13853,0.985889
13883,0.983693
13915,0.977702
13917,0.972433
13921,0.962861
14155,0.958336
14185,0.952833
14223,0.936907
14309,0.923938
14361,0.901318
14383,0.893366
14453,0.883348
14483,0.883068
14512,0.878717
14567,0.875280
14573,0.860994
14604,0.858949
14628,0.842806
14695,0.841425
14725,0.831713
14779,0.831048
14807,0.823390
14842,0.818843
14980,0.803698
14982,0.795363
