Evaluations,Fitness
1,9.19134e+09
2,3.27049e+09
3,1.8003e+09
4,1.54461e+09
8,8.55734e+08
63,3.66092e+08
123,2.75728e+08
275,2.54067e+08
338,2.0367e+08
429,1.91703e+08
489,1.72592e+08
761,1.69196e+08
788,1.64135e+08
998,1.63254e+08
1088,1.58824e+08
1149,1.4441e+08
1211,1.38835e+08
1269,1.30369e+08
1377,1.24941e+08
1599,1.22976e+08
1811,1.20557e+08
1843,1.19721e+08
1871,1.19495e+08
1931,1.17777e+08
1961,1.16371e+08
2110,1.16274e+08
2111,1.14072e+08
2231,1.1144e+08
2288,1.10765e+08
2345,1.10377e+08
2349,1.10044e+08
2413,1.09958e+08
2468,1.07314e+08
2589,1.06744e+08
2650,1.05952e+08
2681,1.05784e+08
2741,1.05558e+08
2769,1.04876e+08
2799,1.03857e+08
2801,1.03576e+08
2889,1.03575e+08
2891,1.03354e+08
2919,1.03074e+08
2951,1.02907e+08
3158,1.02815e+08
3163,1.02574e+08
3177,1.00416e+08
3283,9.96713e+07
3357,9.96032e+07
3386,9.66608e+07
3475,9.57392e+07
3551,9.50552e+07
3613,9.4551e+07
3673,9.43591e+07
3717,9.36658e+07
3719,9.2677e+07
3809,9.15265e+07
4046,9.0957e+07
4049,8.96075e+07
4227,8.94678e+07
4259,8.88768e+07
4289,8.87052e+07
4305,8.7838e+07
4336,8.77154e+07
4375,8.72437e+07
4499,8.69881e+07
4510,8.67924e+07
4511,8.4747e+07
4538,8.45859e+07
4568,8.35116e+07
4602,8.34407e+07
4748,8.33531e+07
4805,8.24753e+07
4865,8.17598e+07
5077,8.14073e+07
5106,7.98528e+07
5108,7.89663e+07
5136,7.88206e+07
5166,7.85148e+07
5170,7.8182e+07
5201,7.72411e+07
5260,7.65232e+07
5285,7.6182e+07
5321,7.52208e+07
5350,7.41488e+07
5502,7.32703e+07
5561,7.26068e+07
5651,7.25268e+07
5679,7.08412e+07
5740,7.08094e+07
5799,6.80912e+07
5860,6.664e+07
5921,6.63984e+07
5979,6.43181e+07
5980,6.39797e+07
6009,6.38189e+07
6040,6.32058e+07
6160,6.21203e+07
6219,6.14726e+07
6220,6.14536e+07
6249,6.07193e+07
6279,6.07155e+07
6280,6.04066e+07
6311,6.0399e+07
6339,6.03952e+07
6368,6.03562e+07
6399,6.00839e+07
6401,5.97045e+07
6402,5.92798e+07
6431,5.88864e+07
6432,5.82986e+07
6461,5.81004e+07
6462,5.79231e+07
6488,5.75754e+07
6490,5.7564e+07
6520,5.73402e+07
6638,5.70728e+07
6644,5.6821e+07
6670,5.67902e+07
6698,5.64288e+07
6700,5.61653e+07
6701,5.5569e+07
6730,5.5497e+07
6731,5.54946e+07
6760,5.54124e+07
6791,5.4875e+07
6794,5.47589e+07
6822,5.45336e+07
6824,5.36572e+07
6882,5.34157e+07
6912,5.33691e+07
6974,5.32201e+07
7029,5.30308e+07
7036,5.25815e+07
7092,5.24129e+07
7123,5.20755e+07
7153,5.06581e+07
7272,5.06277e+07
7364,5.04086e+07
7365,5.03879e+07
7366,5.03831e+07
7394,4.98279e+07
7416,4.92385e+07
7482,4.84533e+07
7543,4.8275e+07
7572,4.79734e+07
7603,4.78747e+07
7692,4.77101e+07
7778,4.76829e+07
7806,4.71744e+07
7924,4.62408e+07
8380,4.62021e+07
8434,4.56658e+07
8464,4.56491e+07
8555,4.55738e+07
8559,4.55545e+07
8560,4.54642e+07
8584,4.52387e+07
8589,4.50712e+07
8613,4.34412e+07
8673,4.2717e+07
8739,4.23683e+07
8883,4.23011e+07
8913,4.2163e+07
8914,4.2037e+07
9033,4.19809e+07
9034,4.18498e+07
9063,4.16094e+07
9064,4.13849e+07
9093,4.12935e+07
9094,4.10577e+07
9123,4.09922e+07
9124,4.09794e+07
9125,4.06156e+07
9153,4.06138e+07
9183,4.04624e+07
9213,4.02912e+07
9243,4.0275e+07
9274,4.01726e+07
9363,4.01081e+07
9393,4.00792e+07
9394,4.00328e+07
9453,4.00152e+07
9456,3.99584e+07
9493,3.98556e+07
9523,3.90007e+07
9554,3.87298e+07
9663,3.87064e+07
9665,3.82387e+07
9785,3.73883e+07
9847,3.72859e+07
9872,3.65294e+07
10053,3.63708e+07
10084,3.62847e+07
10173,3.58493e+07
10239,3.58324e+07
10264,3.57688e+07
10352,3.55147e+07
10384,3.53416e+07
10442,3.52025e+07
10444,3.5069e+07
10472,3.49677e+07
10502,3.4884e+07
10534,3.48664e+07
10562,3.4854e+07
10682,3.48464e+07
10742,3.4807e+07
10772,3.47733e+07
10804,3.46888e+07
10873,3.45521e+07
10933,3.44671e+07
11041,3.42229e+07
11072,3.40945e+07
11165,3.39462e+07
11198,3.38043e+07
11528,3.33933e+07
11709,3.33495e+07
11827,3.28215e+07
11855,3.26361e+07
12014,3.25461e+07
12159,3.24766e+07
12193,3.19506e+07
12435,3.19261e+07
12465,3.17433e+07
12497,3.17373e+07
12523,3.173e+07
12553,3.16107e+07
12555,3.15938e+07
12583,3.14679e+07
12585,3.14324e+07
12615,3.12558e+07
12616,3.12245e+07
12617,3.09831e+07
12645,3.07131e+07
12646,3.07015e+07
12675,3.03217e+07
12677,3.00377e+07
12705,2.98258e+07
12707,2.95692e+07
12735,2.94708e+07
12765,2.93362e+07
12976,2.93254e+07
13035,2.92762e+07
13063,2.92346e+07
13066,2.90166e+07
13096,2.89307e+07
13187,2.89295e+07
13247,2.87864e+07
13336,2.87625e+07
13487,2.8757e+07
13546,2.87022e+07
13577,2.86495e+07
13606,2.84944e+07
13663,2.8392e+07
13695,2.83265e+07
13725,2.82748e+07
13756,2.82013e+07
13845,2.81765e+07
13875,2.81275e+07
13876,2.81223e+07
13902,2.80563e+07
13936,2.80378e+07
13966,2.79983e+07
14022,2.79978e+07
14023,2.79963e+07
14025,2.79751e+07
14055,2.78721e+07
14112,2.78052e+07
14205,2.77127e+07
14266,2.77018e+07
14325,2.76828e+07
14353,2.76632e+07
14354,2.7609e+07
14384,2.75839e+07
14414,2.75571e+07
14500,2.73307e+07
14505,2.73044e+07
14507,2.72182e+07
14535,2.71343e+07
14537,2.71158e+07
14565,2.70933e+07
14593,2.70254e+07
14624,2.69851e+07
14712,2.69211e+07
14713,2.68118e+07
14805,2.67696e+07
