Evaluations,Fitness
1,23.069858
25,10.142679
34,0.171606
94,-0.483116
114,-0.765899
154,-0.968424
215,-0.968785
304,-0.988859
332,-1.010694
401,-1.031302
778,-1.031569
1018,-1.031603
1140,-1.031627
1649,-1.031628
1790,-1.031628
1939,-1.031628
1949,-1.031628
1980,-1.031628
2040,-1.031628
2070,-1.031628
2190,-1.031628
2211,-1.031628
2390,-1.031628
2430,-1.031628
2540,-1.031628
2929,-1.031628
3017,-1.031628
3025,-1.031628
3141,-1.031628
3169,-1.031628
3229,-1.031628
3289,-1.031628
3349,-1.031628
3379,-1.031628
3437,-1.031628
3499,-1.031628
3589,-1.031628
3829,-1.031628
3979,-1.031628
4037,-1.031628
4550,-1.031628
4786,-1.031628
6151,-1.031628
