Evaluations,Fitness
1,2.32468e+09
4,1.54595e+09
5,9.83408e+08
18,7.52973e+08
61,6.53082e+08
137,4.53021e+08
272,3.89703e+08
302,3.58185e+08
373,3.18589e+08
431,2.09392e+08
943,1.92725e+08
971,1.88597e+08
1062,1.88371e+08
1120,1.80586e+08
1146,1.71189e+08
1206,1.68628e+08
1255,1.45786e+08
1317,1.21991e+08
1347,1.13958e+08
1498,1.08793e+08
1705,1.0272e+08
1828,9.79863e+07
2037,9.11408e+07
2098,8.8659e+07
2159,8.81242e+07
2397,8.22905e+07
2455,7.63551e+07
2549,7.42152e+07
2817,7.37044e+07
2848,7.34003e+07
2908,6.81337e+07
2998,6.48764e+07
3478,6.44862e+07
3507,6.33866e+07
3628,6.27201e+07
3633,6.14427e+07
3841,6.00248e+07
3961,5.91488e+07
4167,5.85142e+07
4202,5.75844e+07
4617,5.7389e+07
4673,5.73318e+07
4674,5.57619e+07
4681,5.51874e+07
4733,5.46089e+07
4737,5.43571e+07
4943,5.43239e+07
4974,5.42094e+07
5074,5.35673e+07
5160,5.31122e+07
5216,5.29493e+07
5217,5.27968e+07
5245,5.27349e+07
5335,5.24948e+07
5395,5.19381e+07
5424,5.15083e+07
5513,5.14654e+07
5517,5.11052e+07
5550,5.04982e+07
5792,4.90943e+07
5970,4.87787e+07
6000,4.83714e+07
6089,4.7524e+07
6151,4.69321e+07
6395,4.64977e+07
6480,4.56834e+07
6718,4.52658e+07
7141,4.42245e+07
7164,4.37365e+07
7282,4.31969e+07
7402,4.29047e+07
7580,4.27216e+07
7612,4.22941e+07
7619,4.01815e+07
8217,3.94238e+07
8601,3.90866e+07
8602,3.89827e+07
8631,3.89092e+07
8729,3.88054e+07
8789,3.86826e+07
8960,3.86702e+07
8992,3.86216e+07
9021,3.85967e+07
9057,3.84212e+07
9059,3.83488e+07
9082,3.83221e+07
9083,3.82689e+07
9111,3.82551e+07
9113,3.81277e+07
9141,3.80484e+07
9263,3.78238e+07
9321,3.77361e+07
9352,3.76069e+07
9412,3.75072e+07
9480,3.64396e+07
9628,3.6171e+07
9629,3.55637e+07
9777,3.53645e+07
9928,3.5089e+07
9987,3.50629e+07
10107,3.49939e+07
10110,3.47442e+07
10167,3.46579e+07
10198,3.45727e+07
10202,3.44585e+07
10261,3.43362e+07
10291,3.41772e+07
10320,3.40529e+07
10352,3.40463e+07
10471,3.39589e+07
10502,3.37924e+07
10524,3.33944e+07
10833,3.26579e+07
10892,3.21266e+07
10949,3.20416e+07
10977,3.15579e+07
11042,3.12289e+07
11103,3.07887e+07
11307,3.06832e+07
11308,3.02559e+07
11365,3.02474e+07
11399,2.96702e+07
11401,2.95809e+07
11431,2.88974e+07
11609,2.86462e+07
11912,2.84186e+07
11940,2.83574e+07
12029,2.82064e+07
12145,2.77437e+07
12207,2.7305e+07
12209,2.71043e+07
12266,2.66289e+07
12415,2.66035e+07
12542,2.64813e+07
12595,2.64418e+07
12596,2.604e+07
12746,2.57274e+07
12838,2.57025e+07
12868,2.56991e+07
12955,2.56528e+07
12988,2.5648e+07
13018,2.55038e+07
13195,2.52624e+07
13320,2.52202e+07
13524,2.5197e+07
13644,2.51366e+07
13649,2.5102e+07
13651,2.50726e+07
13677,2.50286e+07
13734,2.4952e+07
13921,2.46748e+07
13946,2.46599e+07
14008,2.45899e+07
14096,2.45014e+07
14126,2.43647e+07
14184,2.43262e+07
14214,2.41779e+07
14303,2.41593e+07
14306,2.41403e+07
14338,2.39473e+07
14516,2.38873e+07
14547,2.38673e+07
14548,2.3783e+07
14585,2.36422e+07
14607,2.36286e+07
14617,2.32636e+07
14857,2.31812e+07
14873,2.31059e+07
14933,2.28853e+07
