Evaluations,Fitness
1,9.55527e+06
4,8.27842e+06
8,7.85341e+06
19,7.43643e+06
23,7.02998e+06
26,5.87793e+06
68,5.68151e+06
83,5.64301e+06
93,5.52957e+06
111,4.78667e+06
166,4.60148e+06
167,4.18873e+06
211,4.15018e+06
258,3.84966e+06
260,3.51319e+06
319,3.48111e+06
352,3.38717e+06
378,3.24335e+06
406,3.10907e+06
437,3.03957e+06
438,2.81255e+06
443,2.6777e+06
475,2.37291e+06
535,2.30859e+06
594,2.09511e+06
709,2.08471e+06
737,2.02415e+06
745,1.85766e+06
775,1.82263e+06
819,1.62966e+06
943,1.49616e+06
1000,1.48159e+06
1088,1.31628e+06
1090,1.2701e+06
1182,1.19436e+06
1253,1.15799e+06
1294,1.12591e+06
1306,919815
1308,792063
1518,769690
1615,762635
1646,753252
1664,695340
1757,682505
1759,619043
1787,599681
1847,586863
1878,584004
1908,581435
1967,578959
1997,568327
2038,558334
2059,551490
2098,548168
2101,524834
2223,520755
2243,456828
2273,440638
2334,437576
2362,437140
2370,405598
2432,403496
2492,377621
2546,347802
2578,325366
2668,323469
2789,315116
2849,312570
2876,297092
2908,292760
2936,272142
3000,268923
3093,246129
3212,232347
3243,209107
3454,201228
3482,201170
3516,200686
3542,196619
3576,191613
3604,190757
3690,187322
3691,183526
3695,178113
3724,177540
3754,176605
3813,172485
3837,172222
3838,168604
3842,168158
3847,167402
3899,165164
3959,157527
4049,155375
4085,151294
4197,148062
4314,146837
4418,145511
4444,145485
4447,143419
4497,141316
4499,140654
4500,134930
4534,132308
4536,132288
4587,131945
4594,128302
4626,128090
4637,126979
4654,126131
4716,123723
4726,121702
4834,121481
4846,117863
4876,116172
4895,115680
4897,115508
4955,112793
4965,111746
5032,110691
5088,104534
5113,101724
5114,96986.2
5141,85638.2
5288,73725.4
5292,69761.6
5382,68227
5438,66586.7
5471,65653.4
5528,63001.3
5561,61565.7
5619,59717.3
5621,57191.2
5651,56020.3
5741,55584.1
5757,55085.3
5787,50711.5
5790,50354.3
5817,48906.1
5848,44896.1
5937,44702.8
5942,43127.6
5970,39657.7
6000,39395.8
6031,37362
6058,36172
6088,34614.7
6146,31660.4
6296,31654.7
6298,30765.4
6322,30639.8
6387,30444.6
6389,30351.2
6416,29802.1
6428,29798.4
6486,26756.4
6488,26317.6
6597,26138.3
6648,25609.2
6667,25441.5
6680,23703.8
6708,21819.3
6744,21437.7
6836,21311.1
6837,18401.5
6980,18211
6986,17520.7
7039,17488.5
7098,17433.6
7135,17359.1
7136,16402.1
7195,16033.2
7283,15215.6
7311,14799.6
7340,13326.1
7491,13272.1
7552,13178.9
7581,13034.3
7612,12618.2
7672,12591.2
7731,12569.7
7758,12389.3
7768,12348.6
7794,11731.2
7796,11491.2
7822,11451.3
7839,10878.3
7936,10823.8
7937,10739.5
7996,10717.4
8023,10008.5
8024,9618.05
8026,8690.27
8083,8007.49
8175,7567.78
8177,7433.48
8321,7380.65
8330,7306.22
8390,7226.88
8442,7196.56
8467,6890.51
8519,6845.45
8550,6840.75
8559,6417.48
8737,6239.43
8738,6121.35
8768,5915.59
8805,5718.84
8828,5643.13
8912,5574.99
8940,4912.97
9038,4858.8
9159,4839.87
9189,4748.34
9273,4710.23
9274,4584.62
9276,4368.29
9279,4338.99
9339,4210.01
9365,4126.11
9401,3996.1
9475,3897.68
9508,3710.05
9537,3672.15
9566,3641.85
9596,3623.02
9658,3339.33
9686,3304.44
9746,3283.41
9750,3192.7
9867,3101.57
9931,3051.83
9932,2950.58
9946,2795.1
9948,2768.7
10003,2667.64
10099,2617.46
10101,2507.46
10161,2313.38
10221,2218.36
10256,2080.71
10307,2075.58
10316,2066.53
10347,1979.28
10401,1976.65
10408,1934.68
10463,1802.84
10501,1776.74
10555,1700.3
10637,1663.99
10646,1505.01
10758,1502.1
10856,1430.01
10879,1394.39
11024,1288.24
11037,1274.6
11086,1265.73
11131,1221.48
11271,1209.42
11286,1155.36
11337,1094.7
11348,1093.13
11349,1060.3
11438,975.613
11439,882.84
11498,871.395
11709,840.304
11740,840.104
11769,827.803
11829,820.137
11887,818.64
11889,792.384
11947,772.918
12009,731.507
12097,692.159
12127,690.106
12217,678.657
12247,678.112
12278,666.37
12280,660.901
12312,647.117
12341,636.028
12342,635.142
12389,587.547
12540,563.263
12555,562.914
12626,459.077
12718,444.605
12837,444.206
12865,431.988
12943,386.181
12965,360.296
13053,357.74
13099,329.07
13160,324.592
13171,281.464
13293,276.49
13353,259.992
13470,253.642
13584,247.773
13675,230.706
13703,221.252
13765,206.126
13851,195.4
13939,184.992
14010,179.373
14039,161.097
14191,156.513
14277,146.814
14458,146.393
14459,139.748
14486,136.599
14546,133.528
14603,131.118
14606,128.843
14644,127.958
14691,127.817
14693,124.835
14699,120.899
14728,118.688
14821,112.377
14901,111.224
14931,109.947
14944,107.785
14948,107.395
14991,105.551
