Evaluations,Fitness
1,-2.55295
15,-2.87056
51,-3.11171
55,-3.33872
71,-3.6678
120,-3.70963
169,-3.7535
238,-3.82865
360,-3.84493
361,-3.85449
428,-3.85615
492,-3.85838
522,-3.86018
612,-3.862
742,-3.86201
791,-3.86215
829,-3.8625
852,-3.86263
1032,-3.86277
1213,-3.86278
1392,-3.86278
1419,-3.86278
1721,-3.86278
1781,-3.86278
1783,-3.86278
1811,-3.86278
2173,-3.86278
2201,-3.86278
2300,-3.86278
2311,-3.86278
2603,-3.86278
2634,-3.86278
2784,-3.86278
2809,-3.86278
2814,-3.86278
2992,-3.86278
3043,-3.86278
3054,-3.86278
3103,-3.86278
3294,-3.86278
3313,-3.86278
3385,-3.86278
3451,-3.86278
3564,-3.86278
3571,-3.86278
3872,-3.86278
3931,-3.86278
4277,-3.86278
4292,-3.86278
4470,-3.86278
4472,-3.86278
4500,-3.86278
4712,-3.86278
4890,-3.86278
4899,-3.86278
5020,-3.86278
5230,-3.86278
5651,-3.86278
