Evaluations,Fitness
1,4.86707e+06
5,4.86063e+06
6,4.34868e+06
21,3.89996e+06
34,3.72043e+06
45,3.45034e+06
57,3.44371e+06
62,3.30567e+06
85,3.04637e+06
93,2.75874e+06
108,2.74695e+06
121,2.35325e+06
141,2.30546e+06
239,2.14362e+06
269,1.8223e+06
360,1.63745e+06
388,1.48921e+06
477,1.4725e+06
546,1.47149e+06
562,1.26953e+06
740,1.23747e+06
762,1.16587e+06
774,1.12197e+06
782,1.10186e+06
807,1.07516e+06
810,1.01259e+06
899,877121
972,861264
1092,853303
1124,798393
1152,781240
1243,777050
1271,766200
1299,717806
1302,639257
1403,627947
1471,608622
1543,585504
1567,556827
1644,543117
1659,514020
1666,502664
1724,492941
1750,492630
1780,447795
1876,440372
1905,431369
1932,393440
1934,380101
1992,379722
2053,370953
2056,312245
2208,310907
2295,309980
2297,297617
2358,297194
2388,287224
2418,285108
2450,259284
2598,246253
2658,235186
2659,235065
2718,234383
2732,220912
2871,217957
2881,216758
2897,215534
2900,203516
2948,202731
2957,198885
2988,190412
3020,188183
3076,182554
3079,177926
3080,175133
3167,169716
3196,158175
3259,148166
3317,140026
3435,135448
3575,124725
3635,120106
3665,116480
3785,113179
3815,112371
3840,110027
3872,106403
3907,103854
3951,100827
4013,100578
4040,94078.5
4072,89558.6
4100,87897.1
4104,78184.4
4230,70336.6
4318,50653.3
4529,49754.2
4534,48538.9
4559,46480.5
4646,43958.1
4679,43832.3
4740,43021
4771,42709.3
4796,39449
4825,39207.6
4885,36558.4
5008,32083.7
5042,31321.9
5103,29528.6
5156,27055.1
5252,23504.3
5457,23264.4
5458,22414.2
5465,21716.6
5518,21450.3
5554,21178.4
5555,20845.3
5583,20690.3
5643,20342.2
5644,20163.4
5673,19780.4
5674,18282.3
5739,18049.3
5792,17885.8
5824,17632.4
5853,17621.1
5882,17164.3
5915,16992.1
5963,16881.2
5964,16526.1
5967,16351.2
6025,15865.9
6085,15677.5
6120,13713.9
6212,12462.9
6219,11688.6
6397,11566.7
6457,11317.8
6601,11177.1
6604,10965.5
6663,10912.3
6667,10577.8
6668,10320.9
6690,9938.71
6726,9761.86
6788,9499.08
6789,9338.14
6876,9099.87
6879,8959.09
6966,8512.61
7060,8202.73
7121,7565.87
7181,7467.88
7239,7333.24
7267,6788.56
7300,6759.4
7328,6606.31
7388,6489.41
7390,6484.04
7448,6439.15
7481,6422.97
7506,6235.04
7510,6152.21
7569,6025.25
7627,5951.89
7628,5872.36
7658,5714.97
7750,5706.97
7777,5698.96
7783,5632.82
7871,5450.12
7872,5121.77
7905,5073.8
7990,5030.72
7993,4891.82
8025,4885.64
8094,4860.65
8138,4730.25
8174,4721.98
8241,4548.27
8242,4243.62
8243,4016.16
8361,3852.02
8393,3818.94
8395,3746.46
8421,3508.79
8422,3411.07
8424,3390.43
8452,3311.51
8482,3260.19
8517,3039.66
8596,2840.99
8654,2659.96
8683,2534.81
8781,2405.95
8807,2336.27
8809,2197.62
8843,1782.07
9042,1575.59
9151,1441.33
9187,1403.65
9277,1247.19
9426,1143.52
9578,1095.21
9608,1043.29
9647,1028.64
9678,1003.66
9707,941.944
9755,919.733
9757,910.95
9815,885.1
9847,809.66
9937,803.777
9965,757.529
10052,757.312
10118,744.371
10120,728.502
10161,700.253
10266,693.379
10282,676.495
10372,642.755
10545,622.824
10549,619.997
10578,611.014
10637,568.002
10759,564.07
10763,555.276
10782,551.537
10818,515.49
10841,495.258
10896,494.481
10935,479.554
10993,436.392
11111,401.524
11198,367.149
11279,354.674
11287,346.2
11463,298.97
11537,231.614
11805,229.986
11835,229.881
11865,225.255
11898,213.946
11928,208.904
11990,191.759
12109,188.346
12139,188.11
12199,187.688
12229,177.099
12231,175.577
12287,169.027
12352,166.699
12445,159.557
12530,158.987
12541,153.006
12563,149.625
12572,147.749
12602,143.971
12636,140.623
12664,132.726
12714,129.406
12724,127.999
12745,123.922
12814,121.457
12842,118.336
12877,117.547
12900,103.514
12901,103.409
12902,90.5881
12965,88.7975
13113,80.2539
13176,79.268
13179,78.2666
13204,77.6489
13206,76.1693
13263,74.9769
13293,73.8038
13326,70.8362
13358,70.4327
13386,67.444
13417,66.0714
13446,64.6836
13474,60.9606
13503,57.7195
13592,56.4643
13596,54.8245
13742,52.9199
13743,52.6406
13834,48.6554
14010,47.3288
14020,45.8017
14042,44.6809
14046,44.33
14134,43.3107
14143,42.0174
14218,41.1026
14280,38.7905
14340,36.9861
14353,35.8789
14372,35.8609
14411,35.1119
14464,35.0659
14532,30.9116
14622,30.4232
14653,29.1492
14683,29.071
14708,28.0071
14826,26.8835
14847,26.0356
