Evaluations,Fitness
1,5775477.736896
7,4945606.848881
11,4830588.235483
19,4818089.940041
31,4795369.970217
33,4790345.470118
35,4643558.301748
39,4561831.391596
43,4002062.404874
53,3872974.781113
57,3755303.294479
58,2981108.831690
95,2149095.248693
182,1971229.854580
216,1763077.132482
300,1669182.772244
399,1221897.594149
610,1176836.775703
640,1099960.869026
758,1021824.253926
795,1021743.120307
847,994311.490245
873,949642.847680
907,905423.240475
995,767093.204974
1023,719174.102139
1080,615714.391593
1140,596247.990268
1228,562342.567654
1381,550394.401732
1409,499213.259945
1501,484997.777459
1504,459917.231874
1619,458755.186641
1650,450005.700512
1679,440049.631454
1681,408146.286284
1710,402706.458386
1740,388266.522778
1772,383653.409599
1800,360295.162164
1828,358738.826935
1891,358102.647445
1920,348880.071442
2008,338184.896392
2069,335678.105380
2129,331712.866761
2132,328416.980962
2134,327198.483124
2157,319220.933321
2198,287348.539432
2362,268374.605818
2424,255734.123928
2425,246329.511735
2427,234561.647223
2431,223383.498837
2521,218770.054902
2605,213297.633484
2634,206815.531844
2673,198330.515039
2739,184367.582575
2828,182081.225867
2848,179970.141436
2905,179700.268197
2908,171896.229759
2909,168369.812220
2967,160153.365460
3027,150916.780102
3058,148206.884676
3118,144041.934073
3237,140818.338280
3267,137954.700921
3268,134273.578046
3360,131569.091159
3365,124254.214201
3483,120235.707589
3603,101767.052138
3694,97832.360160
3815,91818.090102
3817,90955.502829
3846,81580.495068
3874,77042.735461
3877,76552.311012
3903,76494.218908
3965,75932.435611
4024,71435.940248
4056,69285.051958
4088,69135.603555
4143,67933.412250
4169,66939.260207
4170,66429.613225
4171,60458.568082
4293,60129.065611
4295,59467.301290
4355,58310.455706
4416,55815.127054
4510,52123.701059
4569,51957.947675
4740,50017.767224
4743,47217.016020
4747,43471.039459
4838,41804.638852
4898,40358.739799
5079,39365.396480
5236,37955.033465
5258,37685.745038
5286,36127.489748
5318,35311.563430
5348,35005.346198
5392,23634.917872
5575,19370.627721
5847,19314.590657
5865,16373.676414
6116,16042.124138
6136,15955.153343
6144,15836.421601
6145,14970.714412
6174,14178.081024
6234,13520.393651
6264,13277.706023
6291,12269.202015
6323,12162.264791
6351,11546.224302
6413,11306.672623
6415,10989.590210
6473,10947.276824
6500,10466.532206
6648,10372.536618
6654,10365.339051
6682,9971.285465
6707,9859.491259
6749,9680.755088
6750,9087.872720
6890,9033.014707
6980,9016.891269
6981,8941.667686
6983,8870.512399
6992,8680.995834
7008,8046.980905
7010,7185.960915
7104,7158.705252
7132,6737.606685
7281,6683.400298
7463,6642.003852
7464,6608.171228
7466,6200.295386
7503,6124.266722
7527,6058.364346
7587,5978.083550
7669,5880.693316
7701,5873.055975
7727,5833.878858
7729,5634.424721
7787,5540.969424
7789,5288.227679
7821,5175.508862
7880,4987.381687
7910,4952.458777
7939,4917.304755
7995,4474.085740
7997,4171.984022
8055,4165.880542
8085,3912.146382
8149,3809.408745
8326,3787.304021
8343,3744.286618
8391,3743.410119
8405,3412.952836
8466,3339.672393
8645,3270.971066
8663,3167.837098
8718,3098.723742
8723,3057.583121
8749,3022.075207
8765,3014.913049
8825,3005.608381
8854,2892.683460
8886,2864.648806
8888,2671.773107
8947,2552.850774
8975,2549.906425
9035,2527.985920
9158,2344.686800
9275,2339.955816
9278,2320.676600
9305,2315.099387
9308,2312.103513
9321,2308.554901
9363,2228.386975
9367,2183.100646
9369,2117.270181
9497,2006.617373
9526,2005.058723
9540,1959.238575
9564,1906.383496
9619,1857.314713
9639,1756.076976
9668,1750.320356
9697,1744.313896
9699,1681.363040
9728,1649.740361
9763,1585.557251
9824,1581.876959
9855,1307.133368
9885,1271.470575
10006,1181.706587
10035,1168.006526
10155,1080.880819
10215,1065.065546
10273,998.426923
10299,984.783277
10364,974.238330
10424,971.503199
10454,959.523596
10485,949.799458
10545,937.020570
10565,922.292204
10598,883.986119
10690,728.054197
10841,663.883299
10842,640.699702
10988,638.019658
10992,622.199051
11097,599.326742
11159,579.112108
11188,557.881202
11278,530.802814
11280,501.060999
11398,480.418100
11457,476.679059
11459,462.607634
11578,439.436514
11610,432.460910
11612,431.938119
11635,409.679952
11637,409.174852
11665,401.396713
11697,396.827948
11727,388.010387
11754,384.824166
11764,374.295345
11822,348.464754
11846,336.580068
11882,334.237003
11967,333.958513
11995,329.855942
12002,304.393700
12154,297.015134
12263,291.649631
12265,291.565149
12288,277.999334
12303,265.793407
12429,227.968343
12431,189.683232
12521,184.388209
12581,178.532181
12614,177.113675
12706,171.996650
12766,170.852713
12820,163.757191
12880,155.201439
13066,149.195699
13096,144.431837
13158,143.890162
13186,136.203324
13308,135.353528
13326,134.206522
13366,133.565801
13367,128.876734
13395,126.522576
13396,122.442084
13448,114.405854
13599,108.816811
13693,107.264024
13722,105.281695
13756,102.689693
13792,88.581161
13818,87.027744
13846,86.752344
13853,86.723995
13855,78.183078
13883,78.089477
13908,76.536011
14058,75.759409
14086,74.457940
14089,73.210648
14090,71.703144
14119,70.322473
14120,70.116393
14124,69.040337
14148,68.635018
14153,67.316538
14176,66.733014
14179,66.579045
14180,62.583547
14268,60.371158
14361,59.225658
14387,59.165104
14392,53.671716
14395,52.021108
14456,46.190309
14486,43.632891
14547,42.939809
14576,42.316900
14638,39.876893
14697,39.580485
14698,37.908631
14756,35.060408
14965,34.878433
14966,34.212069
14991,33.173400
