Evaluations,Fitness
1,499.996803
2,499.956984
3,351.837530
20,26.547443
43,21.275396
70,21.072792
77,14.828494
109,6.903409
450,4.949952
1108,3.918769
1197,2.991289
1228,2.984360
1498,2.982274
1558,2.982148
1592,2.538386
1662,2.488316
1782,2.298810
1963,2.020560
2080,2.004188
2084,1.993336
2143,1.992042
2294,1.992031
2320,1.992031
2384,1.992031
3074,1.992031
3079,1.347649
3287,1.276736
3320,1.096942
3588,0.998111
3618,0.998007
3769,0.998004
3830,0.998004
4217,0.998004
4998,0.998004
5028,0.998004
5179,0.998004
5270,0.998004
5418,0.998004
5508,0.998004
5810,0.998004
5870,0.998004
5900,0.998004
6110,0.998004
6169,0.998004
6320,0.998004
6769,0.998004
7637,0.998004
10703,0.998004
