Evaluations,Fitness
1,21.3202
2,21.2799
3,21.0752
8,20.9688
14,20.8594
22,20.8502
35,20.5156
55,20.4629
92,20.1235
102,19.8021
115,19.6532
305,19.6214
307,19.3453
367,19.311
404,19.0478
492,18.767
534,18.6886
548,18.6663
552,18.6643
616,18.6059
641,18.2375
764,18.1903
827,18.1652
879,18.0836
941,18.0112
965,18.0096
970,17.7283
1001,17.5308
1060,17.1304
1161,17.1156
1180,17.0616
1183,16.9684
1217,16.9548
1243,16.8221
1284,16.6215
1308,16.5102
1368,16.328
1435,16.0527
1557,15.8103
1591,15.3479
1616,14.8345
1646,14.5497
1808,14.4765
1884,14.2571
2037,14.1392
2065,14.1293
2079,14.1292
2097,13.7979
2127,13.7832
2205,13.7827
2233,13.7301
2262,13.6382
2266,13.0322
2300,12.9665
2360,12.8596
2530,12.8593
2575,12.3868
2667,12.0165
2669,12.0106
2787,11.8853
2845,11.7371
2905,11.684
2995,11.5201
3027,11.134
3178,11.0788
3208,10.9982
3329,10.9279
3352,10.6268
3443,10.5113
3603,10.4178
3686,10.3672
3746,10.2693
3747,10.068
3806,9.94871
3867,9.92686
3886,9.73303
3978,9.58271
4068,9.39943
4082,9.33784
4115,9.24324
4187,9.07384
4198,8.92624
4256,8.81039
4396,8.47095
4517,8.43639
4550,8.33379
4700,8.29107
4707,8.27508
4709,7.92406
4771,7.63427
4920,7.61109
4947,7.6095
5009,7.55384
5077,7.50998
5130,7.44215
5159,7.36666
5192,7.31684
5247,7.25461
5346,7.2092
5347,6.88738
5434,6.87025
5475,6.82411
5522,6.73675
5526,6.71456
5556,6.69601
5615,6.60062
5618,6.40218
5620,6.32932
5708,6.30443
5768,6.25554
5825,6.192
5858,6.13643
5921,6.12425
5940,6.02363
5978,5.96958
5981,5.92443
6030,5.71851
6213,5.65333
6306,5.58689
6333,5.50688
6459,5.24852
6551,5.19815
6636,5.19711
6700,5.13975
6820,4.98521
6882,4.95383
6934,4.8991
7084,4.89034
7091,4.75465
7093,4.72267
7140,4.64972
7141,4.62902
7170,4.50196
7293,4.46755
7501,4.3966
7504,4.39461
7530,4.25885
7741,4.24403
7813,4.19891
7814,4.17645
7866,4.16079
7954,4.09204
7956,4.02118
8042,3.95814
8070,3.90007
8188,3.89512
8256,3.81462
8316,3.78159
8488,3.74109
8551,3.64601
8622,3.54811
8742,3.52345
8895,3.50832
9003,3.48708
9008,3.46557
9157,3.46309
9285,3.44688
9290,3.43002
9336,3.41963
9362,3.41558
9423,3.40786
9546,3.38588
9637,3.37098
9701,3.37041
9703,3.36909
9740,3.35344
9782,3.3061
9838,3.29074
9871,3.27687
9907,3.27564
9948,3.25367
10036,3.25282
10037,3.20524
10038,3.17652
10096,3.17403
10157,3.16979
10186,3.16037
10217,3.15351
10241,3.14464
10276,3.1376
10309,3.04156
10521,2.99932
10581,2.99098
10842,2.94064
10908,2.92607
10910,2.92021
10939,2.90324
11060,2.90125
11085,2.89314
11117,2.89091
11118,2.86561
11210,2.84649
11211,2.8316
11239,2.82236
11392,2.82016
11451,2.81925
11477,2.78685
11568,2.78587
11595,2.78464
11601,2.78291
11688,2.78288
11690,2.78143
11715,2.77705
11808,2.76733
11840,2.74496
11868,2.74461
11896,2.7427
11957,2.74007
11987,2.73758
12018,2.73026
12048,2.72556
12077,2.72504
12194,2.72283
12224,2.71771
12226,2.71688
12286,2.7141
12290,2.71056
12374,2.70751
12435,2.7037
12436,2.70084
12493,2.69762
12498,2.69755
12523,2.6932
12533,2.69295
12562,2.67754
12623,2.63829
12708,2.60657
12736,2.52162
12857,2.52073
12945,2.49734
13067,2.4938
13097,2.47767
13247,2.47414
13251,2.46791
13400,2.46745
13427,2.46027
13516,2.45962
13519,2.45541
13604,2.45229
13606,2.45157
13636,2.45104
13640,2.44712
13641,2.44457
13702,2.43662
13759,2.4345
13791,2.43162
13793,2.42501
13883,2.4164
14000,2.41572
14022,2.41391
14024,2.40707
14063,2.40464
14111,2.39816
14175,2.39169
14177,2.39016
14266,2.38364
14294,2.38143
14387,2.38104
14417,2.38027
14451,2.37948
14506,2.3747
14567,2.37465
14591,2.37457
14630,2.37347
14632,2.36491
14720,2.35957
14867,2.35571
14984,2.35314
14987,2.34936
14989,2.34716
