Evaluations,Fitness
1,-0.240223
2,-0.55854
3,-0.832756
6,-1.75383
10,-2.58999
26,-2.59845
35,-2.9258
36,-3.00254
40,-3.1592
48,-3.49559
65,-3.80379
130,-3.85456
322,-3.86228
744,-3.86239
827,-3.86271
1037,-3.86271
1098,-3.86272
1104,-3.86277
1285,-3.86277
1345,-3.86277
1435,-3.86277
1465,-3.86278
1647,-3.86278
1782,-3.86278
1793,-3.86278
1854,-3.86278
1881,-3.86278
1906,-3.86278
2094,-3.86278
2097,-3.86278
2154,-3.86278
2230,-3.86278
2638,-3.86278
2642,-3.86278
2643,-3.86278
2995,-3.86278
3025,-3.86278
3243,-3.86278
3445,-3.86278
3452,-3.86278
3542,-3.86278
3572,-3.86278
3662,-3.86278
3745,-3.86278
3865,-3.86278
4107,-3.86278
4227,-3.86278
4435,-3.86278
4617,-3.86278
4995,-3.86278
7772,-3.86278
