Evaluations,Fitness
1,1600.92
3,1411.24
5,1371.6
25,1289.42
45,1286.94
46,1159.29
68,1138.02
104,1137.2
105,1078.56
109,954.704
171,924.494
246,918.764
249,830.455
488,821.027
603,819.585
631,813.534
693,792.877
719,778.144
797,771.154
857,758.096
934,758.033
947,703.621
1204,678.08
1345,633.094
1414,623.79
1623,598.851
1771,586.455
1831,578.595
2066,577.669
2071,563.123
2195,556.948
2207,534.38
2421,518.876
2523,508.259
2733,495.965
2852,485.738
2914,472.967
2975,467.763
3035,464.285
3122,449.664
3183,445.862
3212,442.3
3274,439.555
3304,428.712
3483,426.836
3541,424.372
3843,419.816
3844,408.611
3903,404.229
3961,398.75
3962,398.076
4021,397.114
4022,393.641
4081,392.157
4113,391.093
4142,390.794
4175,390.705
4205,388.091
4233,386.726
4294,381.055
4296,380.987
4414,380.602
4416,379.471
4444,376.187
4476,375.692
4505,372.119
4536,370.005
4566,365.873
4654,363.846
4682,363.257
4684,362.573
4709,356.681
4806,354.417
4861,353.044
4862,347.118
4891,344.837
4896,344.481
4922,340.094
4954,337.922
5133,336.978
5192,335.222
5226,335.059
5286,334.932
5403,334.075
5436,334.031
5465,332.58
5496,331.688
5613,331.375
5647,330.925
5672,329.873
5734,329.613
5879,327.829
5972,326.283
6060,325.904
6094,325.764
6210,325.469
6242,324.964
6300,324.638
6332,324.195
6360,324.119
6390,323.915
6424,323.796
6485,323.718
6515,323.691
6540,323.596
6604,323.528
6629,323.515
6630,323.491
6635,323.383
6661,323.362
6665,323.27
6667,323.221
6672,322.811
6673,322.673
6701,320.437
6731,317.642
6763,316.934
6766,315.111
6821,314.535
6851,314.136
6883,313.851
6912,313.423
6914,311.798
6950,311.328
6966,311.039
6982,309.358
7070,308.507
7072,306.594
7098,306.55
7157,306.389
7233,305.093
7244,301.663
7336,301.551
7396,300.738
7483,300.649
7487,297.564
7515,296.667
7575,295.123
7693,294.689
7722,293.897
7724,293.401
7844,293.091
7906,292.644
8016,292.47
8018,291.776
8046,291.554
8047,291.159
8048,291.132
8075,291.073
8076,290.979
8131,290.404
8162,290.096
8166,289.809
8257,289.078
8403,288.069
8462,288.026
8466,287.135
8468,286.836
8554,286.169
8557,286.041
8645,285.706
8647,285.645
8704,285.388
8819,285.178
8828,284.953
8853,284.066
8855,283.806
8857,283.061
8883,282.826
8888,281.683
8978,280.866
9095,280.722
9096,280.52
9125,280.414
9156,280.318
9187,279.875
9216,279.819
9217,279.796
9245,279.461
9277,279.218
9305,279.04
9307,278.913
9397,278.91
9423,278.627
9425,278.624
9515,278.353
9576,278.261
9603,278.202
9604,278.115
9633,278.085
9663,278.076
9719,277.964
9753,277.899
9843,277.856
9844,277.762
9875,277.694
9967,277.681
9993,277.677
9994,277.667
10022,277.608
10051,277.556
10053,277.452
10055,277.316
10079,277.221
10112,277.178
10113,277.037
10175,276.81
10262,276.743
10266,276.626
10289,276.532
10292,275.92
10321,275.72
10352,275.47
10411,275.28
10412,274.847
10442,274.578
10473,274.001
10474,273.908
10502,273.728
10533,273.59
10564,273.565
10655,273.564
10679,273.003
10710,272.976
10740,272.885
10771,272.664
10773,272.26
10775,271.998
10864,271.971
10894,271.715
11017,271.654
11045,271.584
11047,271.503
11077,271.473
11134,271.351
11138,271.255
11166,271.139
11196,271.044
11197,271.024
11198,270.63
11257,270.589
11315,270.522
11345,270.514
11347,270.399
11374,270.191
11435,270.133
11536,269.852
11554,269.471
11555,269.247
11583,269.119
11617,269.047
11623,268.954
11672,268.785
11764,268.627
11793,268.533
11821,268.482
11822,268.343
11927,268.256
11948,268.013
12059,267.718
12090,267.554
12104,267.517
12122,267.027
12124,266.54
12184,266.213
12243,265.852
12302,265.53
12304,265.397
12337,264.878
12365,264.55
12454,264.494
12482,264.058
12574,264.057
12661,264.028
12664,263.975
12694,263.92
12703,263.89
12722,263.792
12723,263.743
12724,263.727
12728,263.555
12752,263.546
12754,263.476
12781,263.44
12811,263.431
12813,263.194
12901,263.097
12902,263.024
12904,263.023
12931,262.991
12932,262.903
12933,262.713
12992,262.582
12993,262.524
12995,262.309
13051,262.268
13053,262.178
13081,262.086
13083,262.078
13100,261.686
13101,261.579
13171,261.286
13174,261.204
13193,260.972
13221,260.551
13250,259.938
13251,259.133
13263,258.269
13283,258.135
13291,257.403
13293,256.657
13321,255.264
13323,255.076
13324,254.847
13349,253.366
13352,252.48
13379,252.381
13410,252.352
13412,252.009
13416,251.464
13441,250.89
13469,249.271
13619,249.167
13649,248.871
13741,248.583
13771,248.341
13830,248.252
13835,248.199
13894,248.144
13984,248.085
14071,248.053
14101,248.022
14130,247.771
14131,247.738
14160,247.728
14161,247.627
14219,247.622
14227,247.467
14344,247.335
14376,247.249
14465,247.191
14491,247.036
14511,246.695
14571,246.682
14572,246.572
14600,246.547
14628,246.038
14717,245.969
14750,245.898
14751,245.845
14777,245.705
14867,245.624
14930,245.524
14963,245.308
