Evaluations,Fitness
1,2025206708.512556
2,521489589.710638
34,391705101.479334
86,244869584.393855
98,241386407.446071
175,218072019.145908
254,193552706.059468
324,187823301.788976
415,154103286.458604
532,112021927.270102
592,81728370.164637
804,78062707.638573
834,75609000.386593
1102,75587163.124886
1222,72555214.331770
1402,70496778.270682
1523,69507909.242808
1583,67697531.160383
1670,67546848.345007
1736,65670575.619566
1912,65630234.133238
1916,65398719.789004
2093,59766927.468026
2724,58553606.020443
2813,54208858.978047
2993,53035327.519488
3922,52982478.095534
3984,51916719.957066
4134,51680160.377849
4164,50828238.922569
4284,50443892.151133
4433,50293416.742048
4463,50183577.476607
4550,48449056.598281
4732,48310182.857937
4734,48272160.950906
4762,48136738.997826
4793,48078784.218259
4881,48051507.875629
4942,47988790.701968
4943,47729608.124068
4973,47665607.679635
5002,47500535.377252
5061,47473634.215753
5121,47378276.732130
5150,47359685.130783
5151,47235298.506141
5152,47216455.815623
5181,47136486.359147
5212,47135028.387386
5240,47132832.339543
5241,47057873.065818
5242,47031297.034121
5271,46923533.086372
5274,46900733.972022
5301,46714378.839169
5302,46673552.300166
5330,46610537.007580
5331,46483463.428003
5360,46320650.209766
5362,46289798.991255
5424,46278455.399756
5450,46255270.747622
5510,46156074.699581
5540,46125671.676014
5541,46041772.934552
5542,45992405.122805
5571,45941061.364156
5600,45886592.240562
5601,45816874.026006
5612,45712125.162533
5705,44896327.237673
5733,43878160.493804
5762,42161885.829665
5794,42089364.302024
5824,41245791.374906
5914,41126604.963598
6034,40944027.686946
6213,40931398.295411
6214,40716519.605230
6276,40113479.575389
6394,40068644.941256
6396,40015912.013135
6424,39922036.350995
6454,39888228.916004
6456,39801904.188935
6484,39687407.520206
6516,39623777.235706
6542,39300863.113840
6633,39206691.210558
6634,38968500.555773
6693,38947280.312042
6758,38207659.715862
7058,37752455.958056
7176,37735124.672791
7207,37362753.591826
7297,37270765.640131
7325,36733041.149555
7356,36465251.446037
7357,36173031.746745
7386,35173993.692417
7387,34998245.061840
7415,34505308.558527
7417,34464596.626632
7447,34061008.989350
7505,33965166.728303
7566,33744833.065376
7656,33742137.785935
7746,33430798.388739
7777,33300894.047279
7799,33256391.998481
7800,33218899.737029
7807,33128149.627614
7864,33089240.157436
7865,32952564.833999
7866,32810323.627596
7890,32492698.441248
7957,32188175.323779
7987,31788557.531214
8015,31626665.631508
8047,31509781.611874
8075,31415013.628135
8077,31193371.550068
8108,30518185.239173
8138,30230175.096251
8167,29867903.390484
8168,29795383.923650
8194,29483269.783354
8317,29363211.705942
8348,29352491.478783
8377,29313614.589732
8378,29151585.952711
8408,29045735.635816
8526,28998239.390579
8528,28852842.140106
8549,28361404.810738
8978,28306543.101569
9003,28100737.693774
9038,28001647.782347
9066,27860942.333113
9068,27830030.547197
9154,27724587.538042
9156,27718726.511995
9184,27710682.191292
9185,27688713.527749
9217,27594568.502339
9274,27587079.959084
9275,27486684.920026
9308,27443897.832986
9394,27373722.188494
9424,27371846.791679
9427,27272533.428448
9456,27048664.698765
9457,26971763.836001
9484,26812919.695063
9545,26752969.210640
9547,26720398.354382
9575,26628451.454497
9605,26417965.075659
9633,26160569.148848
9692,25400959.769235
9899,25232883.705364
10026,25060173.762960
10054,24155135.031015
10114,23242506.331710
10177,22714782.461859
10178,22519349.722748
10266,22067641.082049
10326,22007207.384577
10327,22000922.638620
10328,21476468.226534
10357,21447123.660699
10387,21213559.180884
10477,21039227.527484
10505,20842314.051350
10597,20748132.059404
10625,20219940.051625
10628,19938148.861744
10657,19765730.290415
10687,19582599.487214
10835,19412560.687568
10865,19296872.098323
10896,19128698.482205
10953,19028937.860733
10985,18993321.159083
11018,18933210.741039
11106,18906238.226862
11163,18786634.862093
11192,18744516.907880
11222,18733827.438934
11281,18318511.388646
11313,18118966.914042
11342,18102073.391923
11343,18064172.843557
11372,17939390.499779
11401,17910150.799038
11403,17897046.669019
11432,17757894.790326
11435,17724701.630049
11462,17655823.753698
11465,17566538.613113
11493,17366272.025787
11615,17336400.084977
11703,17207310.806024
12001,17170094.002538
12002,17130825.387234
12031,17093074.768149
12062,17064637.143338
12092,17046145.162687
12182,17031114.145726
12183,16994948.930624
12213,16885644.974833
12270,16884401.530064
12272,16884074.200498
12299,16774789.289853
12424,16662311.488786
12542,16551804.841658
12630,16489014.503494
12660,16433878.456256
12754,16376663.415466
12785,16303811.909501
12817,16241195.392584
12844,16115053.618524
13023,16092396.313197
13084,16045867.005548
13202,15952158.093696
13263,15784733.966717
13293,15747429.010443
13506,15738258.572780
13534,15678525.933259
13594,15599736.873647
13681,15523734.637413
13713,15496939.692950
13741,15409929.964470
13743,15348775.987017
13773,15243358.922533
13803,15183929.884020
13863,15170692.154449
13890,15137080.916218
13891,15013694.793073
13920,14932044.246724
13921,14897626.162478
13950,14885168.238130
14038,14880868.408470
14071,14866153.424880
14100,14752088.050689
14190,14750195.696239
14251,14723835.663315
14281,14674323.325639
14311,14638585.294292
14371,14637749.771939
14399,14551812.648367
14429,14466653.096167
14522,14454444.555380
14612,14414239.974010
14668,14310870.126867
