Evaluations,Fitness
1,5866478333.236117
3,1089718838.390242
4,953890281.936282
39,892431522.622289
58,754452513.196213
79,730496401.916715
91,650628912.089957
118,500502126.262823
147,437594970.455683
179,367732098.354303
180,324828640.133628
300,319031433.462654
327,285755708.094355
399,231120550.863573
432,227054944.702421
492,187110121.700881
743,170139329.870410
851,160586000.627818
988,150525432.294500
1062,148023325.246728
1104,145594261.835317
1141,144163234.282181
1194,142746282.548118
1304,142045999.461940
1338,140391861.220979
1353,138140099.126712
1404,129288047.180006
1407,120507491.417544
1646,119699867.906995
1647,112601772.866341
1708,107357522.845698
1794,104673870.445909
1827,103094633.984358
2030,98741241.280678
2208,91658979.241718
2478,77009274.454965
2598,73882834.335135
2691,71337730.034439
2722,64291599.782685
2961,63457849.270403
3349,62790691.992372
3351,60679558.758799
3352,60356776.956272
3377,57213934.795702
3529,57125986.023464
3531,56221700.459330
3557,55375269.635593
3797,52595907.589655
3922,52294587.385893
3953,51037565.151851
4098,50498828.000067
4156,50320881.125445
4186,48353355.139009
4372,47757731.704896
4606,47541727.487313
4608,47379277.613422
4729,47137483.789707
4817,46462581.083718
4877,45389246.771833
4997,45175110.674320
5179,44546538.916129
5234,44374977.802749
5355,44372262.038299
5388,44280894.989039
5419,43700394.678352
5569,42783834.834697
5808,42326072.259861
5839,42277507.429675
5868,42185634.540086
5989,41829794.551520
6047,41508713.483377
6107,41169601.477701
6109,40761097.726080
6135,40668270.094090
6138,40379362.738303
6139,40001439.430654
6167,39864192.707833
6169,39656293.181139
6199,39564366.380148
6225,39364735.144387
6466,39336298.073103
6496,39150954.829927
6499,39102210.167944
6500,39014955.991984
6556,38989846.848007
6617,38949427.333523
6643,38940554.566513
6646,38744650.558446
6648,38600935.126980
6650,38167925.712071
6678,37748484.629843
6679,37739516.547638
6765,37355885.107507
6795,37252769.435462
6796,37235907.093312
6853,37124870.937749
6885,37075699.401431
6948,36742808.284199
7129,36527030.449795
7183,35704223.382482
7213,35430126.801284
7245,34945757.183910
7248,34359381.307739
7397,34295818.974076
7516,34215544.204757
7639,34143757.219860
7667,34097896.339099
7694,33991879.495386
7696,33889111.414077
7725,33875102.333707
7759,33729984.830034
7819,33717361.043898
7880,33678601.941851
7881,33626119.420525
7941,33562834.579788
7968,33556884.062366
7971,33545213.770212
8004,32284224.902378
8154,31004156.999715
8303,30535542.221528
8391,30303408.756248
8424,30302119.430485
8481,30115416.872516
8573,29790142.941682
8598,28991849.629823
8684,28975236.083120
8686,28599964.903472
8688,27903134.907661
8716,27601839.648731
8893,27191760.874970
8986,26998391.030100
9043,26844790.358762
9196,26759667.815739
9225,26009221.917731
9226,25483446.374954
9255,25307980.853730
9285,25154264.299292
9315,25149724.143327
9316,24891391.495216
9466,24863330.798199
9467,24783930.383678
9676,24635371.357768
9824,24531347.909179
9854,24494536.335417
9859,24081486.855193
9947,23683036.467555
10037,23640085.189121
10129,23333170.687340
10187,23262769.326044
10219,23222127.343582
10609,23091136.771170
10638,23064443.777017
10645,22860631.918730
10667,22812487.975221
10703,22122172.318759
10874,21928728.531777
10906,21441995.438214
10935,21280995.827867
11086,21252829.891568
11087,21142257.755843
11116,21125027.807014
11147,21073881.260231
11149,20594060.993187
11151,20314682.272784
11184,20238394.710785
11304,20120510.007915
11334,19745319.810066
11482,19740573.430291
11514,19514369.625480
11574,19511732.799867
11694,19452455.221038
11785,19408625.649690
11813,19251688.743669
11935,19202734.827776
12017,19201159.441642
12055,18911285.340547
12115,18472191.108443
12263,18455128.633604
12267,18256378.425194
12383,18092597.031001
12444,18024878.969802
12564,17926829.774713
12567,17623326.350295
12597,17614718.640181
12687,17599922.659841
12745,17513390.831545
12775,17487469.830775
12865,17464301.350752
12985,17364123.099680
13013,17361470.866935
13105,17332757.304284
13137,17304424.075280
13165,17284428.876869
13195,17278361.191881
13253,17258906.762144
13255,17191416.487468
13345,17175406.446403
13405,17173400.841322
13407,17152109.969524
13525,17137864.228054
13583,17108619.887646
13585,17097351.619485
13732,16986013.676611
13882,16919500.569182
13975,16899876.656410
14120,16357887.853265
14271,16331087.301779
14302,15974086.818682
14392,15843589.002537
14540,15773261.205688
14601,15659159.134186
14631,15522183.599532
14661,15433611.109503
14719,15393043.354251
14751,15309834.446394
14781,15189320.986506
14809,15162573.250985
14839,15109090.258154
14901,15056666.553572
14903,15024196.101448
