Evaluations,Fitness
1,21.3654
2,21.2052
5,21.1687
52,21.1614
59,21.136
77,21.0839
108,21.009
113,21.0056
114,20.9132
120,20.8462
174,20.7298
178,20.6065
179,20.356
291,20.2831
337,20.1843
398,20.0561
625,19.9317
652,19.8937
654,19.8171
716,19.6513
742,19.6085
832,19.5281
845,19.2675
918,19.2332
1008,18.8819
1101,18.8656
1207,18.8432
1224,18.8207
1257,18.7933
1277,18.7794
1279,18.7182
1288,18.5937
1331,18.5768
1378,18.2235
1439,18.1847
1468,18.1507
1496,18.0838
1536,17.7055
1594,17.6439
1597,17.5646
1601,17.04
1692,16.8583
1797,16.767
1812,16.5923
1871,16.5567
1903,16.3634
1916,16.1251
1994,16.0962
2054,16.0169
2068,15.9322
2246,15.8795
2249,15.6876
2309,15.6161
2332,15.4231
2339,15.1751
2401,14.7141
2521,14.3076
2819,14.2002
2820,14.1972
2849,14.1863
2881,14.1315
2910,14.0315
2939,13.8896
3047,13.52
3110,13.3492
3164,13.2418
3252,13.1775
3256,13.0594
3282,12.7919
3361,12.4909
3375,12.3936
3422,12.2523
3483,12.2149
3512,12.0554
3534,11.4161
3712,11.0193
3801,10.9201
3830,10.8717
3979,10.4299
4097,10.094
4098,10.0318
4216,9.93051
4281,9.71282
4308,9.41294
4458,9.41202
4576,9.3317
4636,9.14245
4782,8.8942
4845,8.66906
4889,8.52024
4979,8.20232
5197,7.89851
5286,7.73969
5348,7.6343
5408,7.57786
5525,7.37456
5593,6.97935
5744,6.86351
5774,6.83508
5801,6.82042
5803,6.76644
5925,6.57896
6100,6.5646
6130,6.44823
6136,6.33928
6137,6.22213
6225,6.17585
6254,6.12125
6285,6.07503
6313,5.98084
6319,5.89233
6530,5.7745
6615,5.73274
6821,5.71481
6827,5.61788
6945,5.59282
7002,5.56134
7062,5.53893
7122,5.45899
7124,5.45525
7150,5.24938
7152,5.16388
7423,5.1399
7453,5.12723
7513,5.11779
7541,5.10608
7571,5.09447
7599,5.09132
7631,5.06069
7726,4.99875
7873,4.93585
8080,4.90925
8107,4.86599
8159,4.83296
8217,4.78649
8228,4.74642
8246,4.45331
8454,4.39178
8520,4.38407
8548,4.35418
8611,4.16531
8700,4.13101
8702,4.08785
8790,4.07166
8804,4.05281
8812,4.01256
8906,3.99928
8940,3.99516
8968,3.90167
9011,3.89212
9043,3.85504
9060,3.85237
9073,3.82031
9090,3.78567
9208,3.75208
9242,3.72283
9331,3.70015
9359,3.66395
9391,3.6624
9419,3.66081
9421,3.62011
9569,3.55483
9778,3.54419
9783,3.52091
9811,3.50427
9812,3.46344
9872,3.46305
9874,3.4589
9899,3.42399
9901,3.4039
9957,3.39852
9961,3.38134
10022,3.33993
10138,3.30823
10233,3.2978
10264,3.23626
10443,3.23245
10494,3.22805
10524,3.12379
10554,3.03612
10705,3.01825
10824,2.99905
10852,2.92276
10944,2.9146
10973,2.90192
11063,2.8777
11065,2.85131
11120,2.79998
11389,2.76939
11424,2.76342
11488,2.70801
11539,2.70327
11576,2.61978
11634,2.59706
11724,2.55608
11826,2.54477
11935,2.53367
12025,2.52528
12037,2.5204
12142,2.48343
12149,2.47937
12213,2.47442
12215,2.46568
12286,2.45734
12293,2.44542
12324,2.44124
12325,2.44074
12326,2.43307
12328,2.3767
12447,2.35677
12449,2.32296
12535,2.29931
12537,2.29562
12659,2.2879
12685,2.28088
12795,2.27754
12886,2.26397
12946,2.26366
13055,2.22128
13059,2.20548
13145,2.19647
13209,2.19035
13235,2.17872
13263,2.17037
13299,2.16702
13325,2.16042
13385,2.15877
13412,2.15503
13469,2.11871
13478,2.06308
13667,2.02445
13789,2.01893
13827,2.01751
13859,2.0084
13934,2.0065
13960,2.00559
13999,1.98454
14087,1.96643
14123,1.96613
14177,1.9572
14275,1.90823
14338,1.89081
14398,1.84065
14548,1.8342
14667,1.80568
14728,1.80347
14774,1.79108
14802,1.7613
14922,1.74975
