Evaluations,Fitness
1,21.328953
2,21.155872
6,20.968979
11,20.958601
32,20.681316
43,20.589018
66,20.568841
99,20.329578
102,20.095654
172,20.013277
176,19.873981
195,19.807252
203,19.621893
236,19.254245
272,18.967209
327,18.603003
565,18.476692
660,18.469900
685,18.386509
716,18.140815
776,17.903573
805,17.836930
841,17.762666
865,17.717914
991,17.654826
1052,17.455507
1155,17.233602
1209,16.439092
1331,16.380842
1418,15.918871
1509,15.901979
1569,15.604029
1659,15.428057
1692,15.283772
1811,15.223318
1843,15.106755
1914,14.816747
1959,14.801695
2035,14.800145
2093,14.646940
2186,14.466924
2187,14.451348
2209,14.342407
2276,14.288074
2325,13.951276
2412,13.916350
2441,13.501150
2565,13.160242
2629,12.604147
2671,12.570291
2777,12.251658
2897,12.224098
2926,12.201635
2940,12.015929
2957,11.992991
3003,11.606387
3075,11.545113
3135,11.434646
3257,11.417078
3317,11.392833
3326,11.366522
3377,11.355042
3437,11.342658
3447,11.311202
3448,11.238261
3450,10.877493
3483,10.823049
3572,10.527890
3753,10.461426
3771,10.261260
3950,10.250271
4011,10.099042
4017,10.050842
4081,9.972185
4090,9.885791
4109,9.875208
4141,9.256058
4209,9.158296
4380,9.129175
4468,9.087577
4469,8.777307
4470,8.596231
4532,8.545061
4559,8.454258
4561,8.448801
4575,8.440516
4591,8.420040
4620,8.216343
4739,7.957050
4831,7.948968
4891,7.886182
4979,7.831417
4981,7.812146
5017,7.566135
5019,7.328120
5167,7.230935
5168,7.154193
5288,7.138208
5312,7.086474
5317,7.020295
5351,6.991046
5437,6.981375
5438,6.775170
5645,6.557631
5733,6.497222
5766,6.461668
5799,6.393366
5856,6.388298
5859,6.280722
5921,6.254615
5977,6.166551
6005,6.071760
6122,6.035329
6247,5.867897
6252,5.783396
6306,5.685841
6364,5.549199
6459,5.526179
6488,5.513151
6578,5.505099
6579,5.475104
6606,5.439533
6608,5.422256
6789,5.338516
6866,5.329871
6877,5.285673
6878,5.256641
6995,5.153715
7148,5.139806
7177,5.115320
7217,5.030445
7279,4.974126
7507,4.965894
7537,4.958281
7567,4.938631
7580,4.855905
7611,4.797390
7678,4.774726
7703,4.773360
7737,4.746766
7763,4.707356
7767,4.696117
7827,4.585601
7917,4.475535
8098,4.431527
8126,4.381837
8211,4.168373
8453,4.146770
8483,4.142044
8494,4.140150
8554,4.131466
8629,4.012366
8689,3.930164
8840,3.909825
8901,3.854159
9082,3.811339
9169,3.773980
9205,3.749869
9207,3.666385
9293,3.662206
9296,3.640253
9503,3.523377
9536,3.492293
9685,3.453357
9687,3.369220
9777,3.339992
9865,3.337940
9895,3.326393
9984,3.284751
9990,3.261741
10132,3.242101
10139,3.215880
10200,3.201832
10257,3.187044
10465,3.175003
10469,3.144154
10471,3.127802
10561,3.120354
10590,3.115969
10614,3.102519
10642,3.096723
10643,2.995637
10735,2.955363
10824,2.942457
10913,2.915686
10914,2.896777
10915,2.850204
11096,2.824166
11215,2.816115
11367,2.808548
11429,2.795526
11603,2.775683
11605,2.774920
11633,2.774313
11634,2.763086
11635,2.757294
11636,2.745943
11664,2.742684
11727,2.742617
11753,2.739401
11782,2.734482
11810,2.711674
11812,2.695555
11814,2.681834
11843,2.678803
11846,2.670231
11908,2.658485
11996,2.656537
12000,2.644980
12024,2.619058
12026,2.616325
12056,2.610677
12086,2.610304
12207,2.604419
12352,2.596161
12442,2.593855
12508,2.593635
12509,2.593098
12510,2.592791
12604,2.586857
12652,2.585648
12678,2.567613
12740,2.562504
12770,2.558482
12796,2.549496
12797,2.532749
13007,2.522064
13070,2.515547
13125,2.515445
13155,2.511452
13306,2.511342
13382,2.498067
13384,2.496818
13408,2.488947
13409,2.458207
13411,2.430566
13493,2.418993
13552,2.383810
13584,2.372953
13638,2.363704
13666,2.355943
13700,2.351147
13704,2.346376
13726,2.323971
13729,2.314522
13794,2.311434
13843,2.302568
13878,2.299336
14001,2.297624
14062,2.291168
14121,2.290956
14151,2.284694
14241,2.284623
14265,2.280267
14329,2.274681
14331,2.258300
14481,2.244821
14511,2.221311
14572,2.185604
14633,2.139683
14663,2.137777
14693,2.133385
14752,2.123638
14783,2.115418
14813,2.114950
14842,2.114416
14849,2.112686
14880,2.111338
14903,2.110711
14963,2.110414
14995,2.110312
14996,2.107119
