Evaluations,Fitness
1,67.177053
10,37.705628
26,19.391372
27,10.406169
32,0.799320
46,-0.348827
119,-0.824241
137,-0.839196
182,-0.849630
206,-1.018449
512,-1.025457
514,-1.025738
652,-1.029906
779,-1.030322
833,-1.030956
845,-1.031474
952,-1.031518
1012,-1.031538
1093,-1.031580
1202,-1.031602
1521,-1.031604
1561,-1.031628
1792,-1.031628
2031,-1.031628
2279,-1.031628
2342,-1.031628
2582,-1.031628
3272,-1.031628
3520,-1.031628
3523,-1.031628
3524,-1.031628
3554,-1.031628
3578,-1.031628
3824,-1.031628
4085,-1.031628
4119,-1.031628
4299,-1.031628
4599,-1.031628
4878,-1.031628
5058,-1.031628
5178,-1.031628
5209,-1.031628
5294,-1.031628
5539,-1.031628
5768,-1.031628
8578,-1.031628
