Evaluations,Fitness
1,66290.420498
2,9123.354880
4,1856.167301
10,1000.897761
14,969.120579
18,86.387475
38,78.058942
44,56.737515
60,39.813002
119,25.716407
179,4.556815
216,3.291077
460,3.235686
603,3.217083
632,3.117741
669,3.014817
925,3.006058
1058,3.002241
1059,3.001573
1231,3.000580
1382,3.000230
1535,3.000014
1810,3.000001
1893,3.000000
2164,3.000000
2346,3.000000
2376,3.000000
2406,3.000000
2616,3.000000
2639,3.000000
2736,3.000000
2864,3.000000
3068,3.000000
3428,3.000000
3488,3.000000
3510,3.000000
3539,3.000000
3552,3.000000
3569,3.000000
3704,3.000000
3764,3.000000
3899,3.000000
4004,3.000000
4064,3.000000
4154,3.000000
4304,3.000000
4363,3.000000
4380,3.000000
4394,3.000000
5429,3.000000
5702,3.000000
8170,3.000000
9740,3.000000
