Evaluations,Fitness
1,1517.814167
2,1444.310748
11,1386.419674
23,1261.664055
27,1168.317377
83,1131.429072
148,980.197722
204,929.069448
546,901.963553
708,847.818052
800,846.613901
858,842.391842
862,794.731873
981,788.163505
1005,777.669364
1043,754.348786
1201,748.813391
1262,741.820499
1318,738.085523
1416,720.623777
1617,683.876582
1947,657.548231
2038,648.584092
2099,621.304208
2350,594.307185
2560,580.779093
2650,578.001899
2739,576.030196
2889,559.232207
2906,547.864754
3088,496.243886
3267,488.246671
3357,476.224559
3689,474.894548
3779,470.211480
3805,467.958994
3835,467.333937
3839,463.822281
3941,459.200943
3973,452.449289
4049,442.328969
4133,427.518521
4376,425.708911
4404,422.040392
4449,420.246969
4451,413.798491
4452,403.183626
4599,393.751358
4601,389.207056
4647,381.871389
4767,353.591545
4825,344.125232
4827,337.560739
5003,330.336803
5065,321.560215
5095,308.519347
5156,297.703763
5275,291.768223
5304,288.004629
5364,285.803299
5365,284.107568
5395,283.885351
5396,279.560035
5484,278.967139
5513,278.042476
5514,275.061336
5515,271.515010
5547,270.166333
5577,268.891917
5605,268.363390
5667,267.370224
5695,265.674376
5787,265.275712
5815,264.377093
5817,263.078112
5967,261.813326
5997,261.662054
6025,261.649546
6026,260.113583
6147,259.847460
6177,259.583804
6235,259.049301
6266,257.817167
6296,256.427878
6356,256.381382
6357,255.553190
6419,255.190031
6446,254.907568
6449,254.594481
6474,252.630672
6506,251.764329
6561,248.056932
6562,247.435578
6566,244.038326
6656,243.188911
6774,242.841188
6802,241.804360
6803,241.596766
6804,241.586086
6832,241.364007
6864,240.819431
6867,240.644021
6897,240.106526
6899,239.600719
6927,238.850094
6983,238.561690
7071,238.040024
7073,237.052982
7132,236.126387
7164,235.881376
7165,235.375004
7192,235.115730
7195,235.067352
7230,234.401135
7231,233.550641
7314,233.338223
7346,231.973584
7376,231.362341
7404,231.340263
7437,230.913140
7466,230.747632
7524,230.297910
7554,230.211896
7611,228.550584
7706,228.265492
7708,228.199202
7768,227.774575
7769,226.461755
7798,225.953378
7828,224.931731
7947,223.462574
7948,223.397238
7978,222.401107
7980,222.275097
8006,220.600876
8007,220.549795
8008,220.340957
8036,219.552245
8037,219.369101
8092,219.273849
8126,218.660461
8128,218.143383
8155,216.158214
8244,216.078748
8245,215.975293
8247,215.814580
8333,214.844703
8361,214.596934
8363,214.462487
8393,214.330754
8451,214.313865
8452,214.011850
8459,213.828972
8512,213.080843
8573,212.917874
8603,212.873866
8631,212.753869
8633,212.589531
8663,212.488720
8666,212.111330
8671,211.561046
8732,211.127728
8792,210.428999
8939,210.210076
8973,210.171994
9060,210.026035
9064,209.716178
9116,209.203645
9172,209.199802
9236,209.120868
9295,209.037975
9297,209.004930
9352,208.787182
9391,208.501271
9483,208.225231
9501,208.195917
9533,208.131249
9563,208.070337
9592,207.998957
9593,207.954299
9596,207.877950
9656,207.653415
9679,206.843051
9773,206.647781
9803,206.197724
9805,206.088702
9831,206.055598
9833,205.780024
9836,205.741383
9861,205.461078
9897,205.143433
9926,205.002226
9982,204.548267
9984,204.275033
9989,203.930224
10018,203.796660
10046,203.788441
10077,203.409657
10135,203.392706
10136,202.698956
10137,201.944336
10166,201.856181
10196,201.315724
10256,201.071886
10285,200.987284
10290,200.944406
10320,200.779282
10346,200.779171
10349,200.661010
10351,200.252974
10406,200.079507
10407,200.019234
10408,199.712974
10466,199.712525
10496,199.620003
10499,199.122843
10652,198.966598
10771,198.829612
10832,198.651747
10862,198.630672
10864,198.612467
10922,198.492548
10924,198.472700
11042,198.293479
11072,198.209695
11104,198.139858
11130,198.063259
11220,197.986841
11278,197.892786
11313,197.704418
11340,197.692189
11402,197.689420
11432,197.660866
11464,197.648386
11523,197.616243
11552,197.593051
11612,197.591164
11614,197.529995
11641,197.529802
11668,197.510705
11669,197.121710
11671,196.995892
11672,196.908867
11674,196.850460
11702,196.741127
11728,196.700815
11734,196.430844
11762,196.360032
11764,196.101489
11792,195.970165
11794,195.921446
11821,195.450339
11852,195.443650
11914,195.293790
11939,195.271615
11940,194.907851
11942,194.775406
11944,194.722559
11968,194.575985
12030,194.440439
12087,194.361013
12212,194.328555
12266,194.285913
12296,194.272505
12386,194.227212
12441,194.161861
12562,194.160591
12564,194.026877
12566,193.886129
12569,193.712491
12628,193.555157
12657,193.384235
12658,193.362958
12688,193.281388
12718,193.149705
12783,193.006274
12784,192.924354
12814,192.365532
12983,192.241108
13013,192.163717
13043,192.084834
13133,191.979881
13134,191.935812
13193,191.922541
13253,191.919459
13314,191.849311
13318,191.832805
13374,191.728405
13405,191.648397
13493,191.632489
13494,191.518472
13495,191.470642
13528,191.457860
13555,191.401620
13583,191.372473
13585,191.330604
13613,191.327543
13624,191.309677
13649,191.252300
13651,190.526017
13653,190.456229
13681,190.386821
13711,190.268770
13713,189.982345
13771,189.907012
13799,189.863885
13801,189.654933
13863,189.485289
13887,189.357902
13888,189.288168
13918,188.710806
13919,188.500854
13977,188.474449
13979,188.171075
13981,186.993200
14009,186.911764
14011,186.701883
14074,186.436634
14103,185.899997
14104,183.691868
14131,182.122486
14133,181.283505
14134,179.314787
14161,177.993471
14222,177.567876
14251,177.516871
14252,177.087573
14279,176.340564
14309,175.147645
14337,174.731764
14490,174.638984
14519,174.436278
14550,174.367709
14580,174.053268
14582,173.880060
14611,173.744289
14640,173.691397
14789,173.422751
14793,173.355311
14823,173.106085
14854,172.909421
14910,172.671141
14959,172.526868
14999,172.385153
