Evaluations,Fitness
1,1.20119e+09
5,1.03024e+09
7,3.55833e+08
36,2.42747e+08
122,1.83631e+08
308,1.5457e+08
664,1.45929e+08
722,1.42384e+08
759,1.35098e+08
781,1.33878e+08
903,1.29864e+08
1087,1.28152e+08
1090,1.25372e+08
1112,1.18872e+08
1142,1.1095e+08
1232,9.63482e+07
1294,9.52057e+07
1414,9.31178e+07
1442,8.83055e+07
1444,8.6427e+07
1592,8.31688e+07
1831,8.17177e+07
1890,8.15693e+07
1922,7.94543e+07
1983,7.33105e+07
2043,7.21736e+07
2072,7.02612e+07
2314,6.96945e+07
2373,6.88717e+07
2492,6.82853e+07
2523,6.6688e+07
2524,6.62289e+07
2581,6.46454e+07
2673,6.42819e+07
2793,6.4235e+07
2851,6.39123e+07
2852,6.16669e+07
2910,6.10898e+07
3002,6.09266e+07
3031,6.04075e+07
3093,5.97947e+07
3152,5.9574e+07
3153,5.93796e+07
3213,5.92465e+07
3241,5.86324e+07
3242,5.84667e+07
3272,5.81926e+07
3302,5.80406e+07
3333,5.79285e+07
3392,5.78595e+07
3541,5.78294e+07
3542,5.7818e+07
3574,5.77936e+07
3631,5.76222e+07
3632,5.7615e+07
3691,5.76018e+07
3719,5.75029e+07
3751,5.72112e+07
3874,5.71004e+07
3902,5.70132e+07
3904,5.69468e+07
3932,5.69296e+07
3935,5.65871e+07
3963,5.64925e+07
3965,5.59961e+07
3993,5.57106e+07
3995,5.56688e+07
4025,5.5497e+07
4053,5.54832e+07
4115,5.54779e+07
4201,5.53414e+07
4202,5.52107e+07
4234,5.48052e+07
4263,5.4666e+07
4264,5.44719e+07
4325,5.42734e+07
4445,5.39626e+07
4474,5.39416e+07
4503,5.3933e+07
4504,5.36985e+07
4505,5.3686e+07
4531,5.36729e+07
4534,5.36089e+07
4564,5.35551e+07
4565,5.34997e+07
4589,5.32719e+07
4620,5.29047e+07
4622,5.28929e+07
4649,5.28029e+07
4654,5.25837e+07
4713,5.25015e+07
4772,5.23876e+07
4801,5.23113e+07
4833,5.18829e+07
4953,5.18123e+07
4987,5.12114e+07
5252,5.10519e+07
5317,5.09595e+07
5400,5.09039e+07
5405,5.08663e+07
5406,5.04545e+07
5435,5.04181e+07
5525,5.01333e+07
5585,4.99264e+07
5586,4.97967e+07
5645,4.97157e+07
5705,4.96796e+07
5736,4.9487e+07
5766,4.94504e+07
5827,4.94024e+07
5841,4.91339e+07
5873,4.89971e+07
5883,4.88439e+07
5912,4.85936e+07
5943,4.82129e+07
5945,4.80803e+07
5962,4.79126e+07
5973,4.758e+07
5975,4.74715e+07
5977,4.74697e+07
6002,4.7463e+07
6033,4.74117e+07
6034,4.7387e+07
6036,4.63273e+07
6037,4.62121e+07
6097,4.60173e+07
6111,4.51366e+07
6172,4.47637e+07
6233,4.46236e+07
6261,4.41762e+07
6293,4.39736e+07
6413,4.36851e+07
6517,4.3562e+07
6563,4.35081e+07
6593,4.32914e+07
6603,4.31174e+07
6604,4.3028e+07
6667,4.27022e+07
6922,4.2599e+07
6923,4.25667e+07
6982,4.24362e+07
6990,4.22077e+07
7081,4.19769e+07
7083,4.18063e+07
7139,4.17985e+07
7140,4.13286e+07
7143,4.13096e+07
7171,4.10851e+07
7173,4.10755e+07
7200,4.10502e+07
7201,4.06838e+07
7260,4.06545e+07
7321,4.06198e+07
7351,4.03042e+07
7410,4.03036e+07
7411,4.01038e+07
7413,3.98432e+07
7566,3.97795e+07
7652,3.93005e+07
7682,3.90842e+07
7710,3.88848e+07
7712,3.8876e+07
7713,3.86853e+07
7742,3.86249e+07
7892,3.85449e+07
7894,3.84354e+07
7895,3.78825e+07
7896,3.78422e+07
7925,3.76192e+07
7953,3.69254e+07
8077,3.67858e+07
8195,3.67636e+07
8197,3.66781e+07
8254,3.61332e+07
8584,3.60035e+07
8793,3.59563e+07
8794,3.59242e+07
8822,3.58696e+07
8852,3.57984e+07
8854,3.56867e+07
8884,3.56476e+07
8886,3.56341e+07
8912,3.55834e+07
8914,3.55688e+07
8942,3.55259e+07
8946,3.53683e+07
9002,3.53382e+07
9030,3.46759e+07
9059,3.45222e+07
9089,3.39611e+07
9090,3.39252e+07
9117,3.38586e+07
9207,3.34193e+07
9336,3.31242e+07
9417,3.30275e+07
9900,3.29066e+07
9957,3.26856e+07
9989,3.26128e+07
10047,3.23473e+07
10050,3.2255e+07
10053,3.22006e+07
10055,3.18207e+07
10057,3.174e+07
10085,3.15984e+07
10145,3.11173e+07
10295,3.09303e+07
10564,3.07601e+07
10652,3.06687e+07
10834,3.06098e+07
10924,3.05109e+07
10926,3.03585e+07
11042,3.03227e+07
11102,3.01414e+07
11104,2.99686e+07
11342,2.99225e+07
11344,2.9911e+07
11347,2.96192e+07
11407,2.93834e+07
11436,2.93088e+07
11437,2.91147e+07
11497,2.91096e+07
11526,2.89492e+07
11647,2.89327e+07
11677,2.89178e+07
11765,2.88935e+07
11827,2.88885e+07
11855,2.88834e+07
11947,2.8865e+07
11977,2.88504e+07
12006,2.88157e+07
12007,2.88057e+07
12037,2.87934e+07
12062,2.87216e+07
12090,2.85513e+07
12092,2.83912e+07
12120,2.83016e+07
12122,2.81637e+07
12154,2.80795e+07
12242,2.79867e+07
12272,2.79849e+07
12274,2.79686e+07
12302,2.79223e+07
12304,2.78866e+07
12388,2.78266e+07
12450,2.77583e+07
12478,2.76706e+07
12572,2.76661e+07
12603,2.75278e+07
12662,2.7483e+07
12664,2.74805e+07
12690,2.73783e+07
12719,2.73779e+07
12813,2.72829e+07
12839,2.72563e+07
12843,2.72558e+07
12845,2.71538e+07
12903,2.71057e+07
12933,2.70318e+07
13050,2.70105e+07
13052,2.70047e+07
13082,2.69503e+07
13138,2.68835e+07
13139,2.67743e+07
13228,2.66085e+07
13230,2.65831e+07
13318,2.64842e+07
13348,2.64138e+07
13349,2.63899e+07
13378,2.63603e+07
13379,2.63065e+07
13528,2.62776e+07
13589,2.62749e+07
13709,2.62672e+07
13711,2.62413e+07
13738,2.62319e+07
13740,2.62157e+07
13741,2.61431e+07
13798,2.61024e+07
13799,2.60751e+07
13828,2.60331e+07
13859,2.59722e+07
13891,2.59581e+07
14008,2.59196e+07
14043,2.56557e+07
14163,2.54967e+07
14340,2.53384e+07
14488,2.52118e+07
14548,2.5124e+07
14578,2.50838e+07
14640,2.50351e+07
14641,2.49158e+07
14670,2.48322e+07
14698,2.48232e+07
14700,2.47081e+07
14731,2.45679e+07
14789,2.45663e+07
14791,2.43864e+07
14821,2.43493e+07
14822,2.41734e+07
14878,2.40953e+07
14916,2.38976e+07
