Evaluations,Fitness
1,6457419.432893
3,6153929.415681
4,5268340.076567
6,4992154.340835
16,4632151.528815
33,4580619.138870
34,4551326.578285
35,4026475.125651
39,2648352.180641
84,2440495.866954
90,2346205.931565
220,2256997.832407
243,2132256.486646
272,2060992.214711
282,1909473.718730
283,1821186.080853
351,1742963.789337
461,1712355.707905
495,1597108.612596
558,1471539.824078
610,1441972.443034
650,1104823.743744
652,1086672.620716
653,1074231.395583
745,1056740.872639
863,893376.553539
952,739137.878907
1046,720681.899747
1103,671437.347825
1251,660311.201861
1252,622733.431430
1344,532759.161582
1493,523306.677124
1574,511661.697480
1675,491578.405995
1700,490247.544744
1705,456056.742725
1720,455187.189816
1785,452253.357470
1790,450415.332759
1822,424431.147223
1823,408107.921766
1849,394424.036568
1941,367935.964981
1943,367781.985043
1980,357175.869136
2029,347678.644187
2064,343670.439543
2089,334758.826507
2090,334594.083835
2185,327931.444985
2187,326135.917489
2235,312203.029364
2239,307907.456797
2331,305037.572017
2357,304793.695411
2360,302341.634806
2413,284023.730551
2420,281635.895718
2442,279821.049336
2481,276123.556926
2521,265255.735343
2549,247306.767121
2641,243925.004268
2652,242944.545382
2654,226088.884889
2744,221902.317514
2805,221716.854790
2832,218588.472820
2866,212174.581893
2907,207554.170663
2908,202115.861441
2909,191527.881224
3031,173833.075539
3099,167404.602058
3101,147843.265880
3252,142960.634203
3253,141034.757432
3339,139599.960245
3419,131785.591094
3450,131591.276795
3453,128019.670252
3490,127982.821286
3542,119109.121041
3566,118876.092455
3602,118512.359226
3611,102912.883769
3639,95098.660250
3791,92339.245480
3851,88447.932195
3910,87506.865627
3911,84654.483687
3973,80686.304032
4036,76881.841989
4061,76466.032812
4062,75756.387094
4108,69814.137049
4186,69201.054695
4290,68599.168973
4299,68384.738660
4316,68173.918759
4320,67415.116473
4327,65548.967293
4421,62898.606961
4434,61564.446074
4436,59482.377873
4495,57297.025816
4617,52886.837127
4716,51796.993874
4721,51345.185448
4754,50538.090321
4782,49469.501222
4800,49307.670023
4843,48217.918273
4860,48168.353585
4873,47532.853587
4907,46120.990493
4910,43470.216058
5029,43097.928418
5056,34915.544463
5176,33989.007766
5268,33247.299662
5297,31437.477359
5327,31212.703803
5384,29340.472936
5475,29316.681316
5500,28761.369825
5511,27682.835702
5639,26788.733772
5691,26455.023909
5722,25028.476607
5728,24517.983328
5781,22222.266299
5989,21653.000981
6018,19961.933100
6046,17422.182170
6047,16186.201224
6165,16029.961855
6231,15862.269053
6319,15695.690190
6343,15128.110947
6349,14582.495093
6388,13493.012372
6500,13433.937422
6559,13395.372195
6619,13001.815695
6679,12966.548175
6738,12763.377423
6740,12598.287540
6747,12531.432009
6762,12213.622993
6770,12076.219180
6801,11379.640241
6829,11209.748133
6918,11208.738168
6942,11208.305490
6949,11160.162997
6970,11138.735301
6971,10733.220099
6974,10718.946475
7025,10687.047030
7032,10546.313374
7095,10515.851054
7097,10448.400558
7098,9775.181409
7127,9544.298933
7183,9398.751475
7184,8965.449416
7188,8503.377457
7306,7905.230509
7428,7377.080171
7430,7241.103798
7481,6706.946819
7547,6289.517626
7636,5978.467593
7699,5849.996103
7760,5845.034238
7813,5833.779134
7842,5707.288039
7872,5672.696203
7889,5609.518710
7933,5581.396811
7963,5580.163691
7998,5463.110170
8001,5403.669054
8034,4992.267493
8124,4948.776458
8205,4945.198661
8235,4714.363130
8296,4645.143212
8328,4602.838306
8333,4512.342144
8356,4335.348148
8358,4135.338475
8388,4117.383787
8420,3929.305277
8448,3761.469333
8476,3622.510977
8478,3449.202683
8508,3373.401676
8598,3207.944873
8749,3204.180681
8753,3141.319124
8841,3129.519682
8901,3068.044430
8989,2970.444325
9017,2875.973716
9114,2861.210999
9142,2800.138211
9171,2539.549271
9233,2532.275710
9264,2500.368995
9293,2456.594215
9348,2442.052219
9412,2427.814085
9426,2385.446973
9472,2362.568095
9559,2242.158236
9584,2070.413691
9647,2062.451415
9675,2017.594882
9676,1920.869010
9735,1896.258635
9765,1824.511269
9887,1802.296074
9903,1793.717549
9915,1781.151921
9931,1756.379858
9987,1548.264870
10106,1537.152141
10134,1498.837967
10227,1485.047514
10279,1414.321547
10283,1350.068134
10307,1284.079108
10324,1234.021182
10368,1116.978219
10630,1098.703345
10642,1033.277419
10644,999.813660
10765,997.557906
10795,977.783257
10827,968.628659
10850,965.579391
10884,925.285866
10886,916.967879
10914,891.878321
10931,828.483697
10942,700.769393
10944,672.070456
11062,650.588455
11091,641.803156
11155,641.784622
11240,627.570785
11245,624.903035
11330,610.559178
11390,599.087142
11396,596.872792
11426,583.289139
11519,559.234974
11609,532.854640
11667,517.066746
11697,493.838279
11733,469.277384
11920,467.090861
11945,461.789282
11954,448.094067
11961,445.691057
12040,432.122466
12076,427.606041
12077,379.286436
12103,355.819718
12244,293.090550
12396,278.466814
12464,276.224072
12486,250.868494
12547,232.287999
12640,210.362086
12852,190.388331
12858,175.879295
12886,150.689745
12917,145.688079
13096,143.115023
13178,130.664568
13383,129.733704
13428,128.606026
13443,121.312567
13533,117.454400
13626,114.093762
13697,113.865279
13717,106.092609
13747,103.678816
13831,97.266952
13891,95.848939
14042,93.387912
14153,90.202782
14167,89.285071
14169,83.017783
14280,82.399038
14282,80.260131
14283,74.854200
14310,74.261043
14373,62.856515
14406,59.787113
14436,58.436588
14555,58.301938
14611,55.023622
14673,50.064185
14703,48.022454
14911,46.789551
14948,46.225719
14999,44.894361
