Evaluations,Fitness
1,1546.05
3,1414.76
5,1369.63
6,1354.69
12,1322.13
16,1257.39
31,1217.01
50,1169.46
105,1068.05
107,1001.13
173,965.305
231,934.538
303,887.407
525,884.836
538,841.744
622,825.294
702,797.659
763,797.524
823,758.782
852,717.509
972,690.464
1333,688.981
1363,681.243
1416,678.047
1484,633.113
1574,617.926
1693,611.09
1783,604.809
1903,583.74
1990,572.61
1994,571.24
2025,569.599
2051,565.135
2054,554.776
2141,550.559
2205,536.805
2324,535.519
2355,532.643
2445,525.911
2592,517.007
2626,512.005
2714,501.554
2774,499.71
2778,497.274
2832,495.554
2895,488.659
2955,483.274
3164,478.27
3224,476.53
3226,465.031
3256,456.912
3257,450.691
3285,447.649
3314,446.231
3319,442.271
3373,440.39
3497,440.036
3524,437.622
3552,428.708
3584,428.109
3585,427.792
3614,425.797
3672,423.613
3674,422.088
3706,419.455
3709,418.915
3738,415.081
3739,409.874
3768,408.809
3769,408.364
3851,406.537
3853,402.494
3855,400.805
3941,400.325
3946,397.1
4002,395.043
4008,394.4
4035,394.267
4069,392.928
4121,392
4131,383.835
4248,383.823
4278,383.609
4303,381.253
4395,378.911
4425,378.754
4541,375.625
4548,374.179
4576,369.07
4636,366.139
4725,362.495
4758,360.844
4809,360.495
4818,360.15
4845,358.258
4907,357.852
4935,357.71
4937,353.609
4939,352.74
4965,350.823
4996,348.258
4997,345.28
4998,338.731
4999,337.44
5055,336.93
5110,332.117
5176,328.669
5206,328.029
5238,326.251
5268,323.997
5328,322.116
5356,318.701
5386,316.77
5447,315.411
5540,312.044
5626,310.796
5629,309.353
5657,308.187
5689,307.256
5718,306.789
5745,303.866
5772,302.024
5774,298.877
5778,296.938
5838,295.89
5930,289.844
6019,287.259
6049,285.022
6137,284.183
6199,283.042
6259,282.964
6260,282.823
6348,282.16
6405,280.475
6439,280.073
6441,279.73
6465,279.665
6468,279.076
6525,278.968
6558,278.393
6591,277.756
6617,276.504
6618,275.354
6620,273.912
6680,273.658
6830,273.235
6832,272.748
6856,272.712
6857,272.106
6885,270.79
6886,270.652
6945,270.036
7006,269.394
7036,268.946
7096,268.762
7098,268.239
7100,262.053
7102,257.632
7130,256.126
7160,256.054
7192,254.318
7280,251.438
7431,250.841
7459,250.839
7461,250.566
7520,250.106
7601,250.102
7603,249.95
7669,249.509
7699,248.72
7731,248.452
7779,248.126
7781,247.865
7791,247.849
7815,247.308
7909,246.595
7911,246.527
7940,246.486
7971,246.446
7997,246.248
8021,246.214
8022,245.719
8023,245.581
8091,245.111
8208,244.994
8211,244.921
8269,244.87
8298,244.614
8299,244.518
8301,244.457
8359,244.436
8361,244.411
8422,244.129
8512,244.082
8540,243.834
8568,243.829
8598,243.811
8600,243.706
8652,243.21
8681,243.022
8712,242.868
8772,242.205
8835,241.662
9074,241.195
9163,241.178
9191,240.407
9219,240.255
9280,240.033
9311,239.706
9341,239.667
9431,239.546
9611,239.407
9612,239.325
9641,239.184
9708,238.815
9709,238.751
9798,238.497
9800,238.085
9832,237.981
9861,237.92
9887,237.852
9947,237.773
9948,237.731
9977,237.592
10011,237.382
10064,237.271
10067,236.907
10068,236.664
10070,236.65
10072,236.41
10126,236.311
10128,235.669
10188,235.627
10222,235.332
10279,234.887
10281,234.819
10307,234.742
10336,234.641
10337,234.223
10371,234.027
10396,233.874
10402,233.83
10426,233.801
10517,233.444
10522,233.3
10523,233.149
10544,232.836
10574,232.759
10582,232.621
10602,232.535
10631,231.373
10749,230.723
10750,230.67
10755,230.427
10756,228.311
10792,228.283
10793,228.151
10847,228.107
10875,226.687
10877,226.662
10908,226.386
10939,226.112
11025,225.753
11054,225.667
11086,224.939
11088,224.704
11181,224.661
11302,224.072
11450,223.871
11479,223.664
11539,222.831
11569,222.758
11656,222.734
11689,222.076
11868,222.059
11872,221.742
11901,221.435
11902,221.413
11962,221.389
12112,221.238
12198,221.074
12413,220.846
12562,220.779
12592,220.731
12700,220.359
12790,220.316
12910,220.172
12971,220.132
13061,220.031
13092,220.001
13094,219.912
13099,219.769
13192,219.729
13219,219.677
13251,219.58
13252,219.572
13280,219.533
13342,219.522
13402,219.475
13429,219.189
13487,219.088
13606,219.041
13666,218.974
13696,218.942
13698,218.857
13786,218.85
13816,218.744
13846,218.63
13878,218.624
13906,218.549
13966,218.527
14024,218.479
14025,218.461
14027,218.332
14057,218.254
14115,218.236
14117,218.202
14147,218.151
14178,218.137
14207,218.066
14237,218.021
14238,218.005
14267,217.979
14268,217.944
14269,217.931
14298,217.922
14300,217.879
14302,217.749
14330,217.725
14332,217.626
14360,217.493
14391,217.474
14417,217.365
14452,217.292
14475,217.224
14477,217.213
14481,217.055
14509,216.59
14540,216.531
14598,216.419
14630,216.248
14719,216.248
14720,216.196
14748,216.156
14779,216.142
14842,216.098
14870,216.092
14899,216.016
14903,215.93
14990,215.907
