Evaluations,Fitness
1,91.226652
12,43.986329
38,36.539361
58,26.998063
68,21.379319
123,18.357199
133,14.299940
299,13.988337
300,8.870945
958,8.840836
1517,5.930205
1777,3.001268
2725,0.998961
3085,0.998037
3415,0.998018
3624,0.998015
3894,0.998004
3925,0.998004
3986,0.998004
4074,0.998004
4194,0.998004
4376,0.998004
4764,0.998004
4766,0.998004
4794,0.998004
4854,0.998004
4884,0.998004
4974,0.998004
5126,0.998004
5306,0.998004
5334,0.998004
5336,0.998004
6355,0.998004
6894,0.998004
9050,0.998004
