Evaluations,Fitness
1,4656571392.251112
2,3074349028.613706
4,1915552659.969222
5,1122104574.147523
17,820541174.568792
50,816975166.977046
77,677971678.862337
91,496732977.870129
121,413415747.016628
155,392744483.099459
183,325757287.551627
219,278658899.052946
280,259274666.798057
340,257839606.150449
396,238044535.503401
420,232730390.548194
441,201377570.376222
546,168574542.474725
770,161849784.833874
799,149642241.066150
803,147666569.014250
977,145969641.589376
1011,140081851.551725
1023,124042306.257449
1053,121861695.312952
1263,116433972.259552
1583,116420891.541480
1621,113642261.333160
1651,113170586.942882
1771,110091980.553113
1773,108893670.352497
1893,108017811.689779
1965,103893708.616010
2026,103239355.919282
2142,100309245.073545
2386,99658413.986006
2416,99136724.349180
2536,97825425.247662
2688,97499645.227048
2694,95427833.370477
2725,94856850.016591
2752,94323727.703251
2904,93267670.653445
3023,92031412.001070
3143,91209849.650126
3175,90561000.356277
3243,89687576.770498
3263,87452212.029848
3352,86478829.014020
3396,84025107.581689
3515,82755275.536366
3635,82346195.879902
3785,81904928.390012
3845,81552732.920664
3893,80941481.363979
3951,80269824.139316
4222,80229532.514425
4283,80128667.579544
4343,79817412.826466
4403,79753299.590688
4404,79536247.492815
4434,79134348.613836
4435,78326637.947091
4464,78100758.823138
4494,77658750.379656
4524,77602800.975536
4554,77483739.034727
4612,77389219.583324
4613,77177935.737780
4614,77023494.968724
4643,77014967.718442
4794,76831152.098161
4855,76715462.752225
4882,76644814.838353
4912,76520885.927997
4943,76511190.944481
4944,76454923.859852
4945,76446678.016413
4973,76422319.502301
5032,76330658.577177
5037,72072019.835266
5217,71957047.275683
5244,70707922.080395
5245,68763624.061059
5247,68458043.284508
5277,67545619.161300
5423,67209325.030185
5453,66663279.407593
5813,65955182.103308
5842,65267610.366840
5844,64502615.313301
5874,63537044.407314
6112,63452186.256393
6113,63122795.994234
6114,62727611.486958
6232,62405221.184654
6262,62299991.554061
6293,62270958.847877
6296,61978981.848258
6327,61490135.659492
6357,61298995.270799
6476,61236281.605946
6502,60797840.604609
6532,60300767.144278
6533,60092892.847711
6595,58992165.437646
6747,58939441.540016
6773,58633293.425796
6775,58571870.766071
6776,58502397.562454
6862,58406666.713548
6867,58127650.125341
7042,57917987.173926
7072,57767132.003895
7102,57615284.444269
7195,57365694.814027
7226,57216331.802657
7343,57002740.927718
7586,56698342.354401
7647,56309802.014971
7705,56307410.741403
7707,56296862.727636
7733,56228149.326156
7737,56089922.698945
7766,55791117.699838
7767,55716692.204329
7887,55701619.175222
7917,55572935.952719
7947,55318071.291305
7969,55292059.816551
8037,55173278.384697
8066,55129148.594859
8127,55107275.686401
8216,55078223.131307
8246,55060801.007089
8307,55039397.560385
8332,54759974.510665
8334,54717692.664977
8452,54641595.882501
8512,54393691.990174
8539,54376719.583292
8630,54352848.566613
8632,54122290.034107
8689,54121476.354115
8723,54044422.444051
8747,53633448.079525
8779,53353114.791356
8899,53319181.080174
8927,53303880.382148
8933,53031502.821796
9113,52783092.683547
9290,52726523.139242
9322,52548264.994870
9378,52343867.088118
9528,52308333.959735
9586,52233620.978039
9618,52163614.303617
9676,52105865.547702
9740,52015909.713102
9742,51943957.064485
9771,51890583.600800
9802,51498770.756987
9833,51449863.548831
9859,51332569.773645
9889,51330965.095019
9949,51146854.891260
9953,51106450.159054
10056,50974828.178192
10086,50594049.939794
10116,50313510.590176
10118,48444396.660585
10174,48155955.107583
10203,44753448.436701
10474,44661852.934060
10534,44356527.651255
10536,43867191.688515
10564,43501036.715283
10654,43000795.839300
10744,42246866.571064
10772,42031520.776007
10834,41667360.021732
10894,41454742.066607
11134,41364162.302677
11136,40664104.468354
11165,40557276.716610
11195,40498619.867740
11196,40451222.372006
11198,40042805.484426
11254,39933313.637415
11315,39890153.900359
11404,39526903.692860
11435,39434760.179381
11464,39317919.019061
11465,39279127.505804
11494,39108049.766073
11495,38985892.444059
11524,38940561.621944
11525,38840643.563824
11555,38816707.406140
11580,38773105.845073
11617,38474108.211977
11618,38428207.505097
11647,38020559.263131
11679,37735563.441885
11708,37252962.605483
11736,36976158.501640
11914,36892198.403984
11945,36790950.908458
11973,36731364.507341
12009,36731254.467398
12064,36532746.527445
12153,36221621.520439
12244,36036975.895612
12276,35953392.273896
12304,35859302.123311
12335,35668851.094497
12365,35549678.301816
12395,35479596.410914
12544,35420896.371314
12547,35117435.684874
12757,34896916.864133
12759,34883646.643908
12819,34845658.920043
12844,34784478.305581
12872,34615103.456761
12874,34265706.890280
12876,33837937.875778
12909,33472845.668779
13060,33388715.962750
13120,33317897.919792
13148,33265363.987689
13173,33261276.388204
13210,33221471.135386
13238,33143806.802279
13291,32987346.292746
13293,32630367.566798
13294,32394259.397067
13444,31709667.790660
13481,31455093.641052
13531,31437998.353149
13538,31135688.305756
13568,31016895.414874
13751,30821377.842691
13780,30404095.191307
13781,29879820.369446
14110,29842935.944652
14111,29676211.215424
14290,29632760.262835
14350,29613722.646956
14351,29587937.072129
14409,29536176.015465
14410,29491472.506331
14440,29361869.083122
14471,29315106.476177
14499,29298293.834386
14500,29291326.362168
14590,29282326.264626
14649,29247475.688129
14650,29239233.664806
14679,29219056.622547
14709,29206889.079432
14710,29202134.452704
14739,29187136.220032
14740,29162387.703563
14799,29158436.412470
14800,29154393.203725
14801,29148947.067550
14858,29044762.799092
14889,29008268.232193
14890,28945079.281242
