Evaluations,Fitness
1,3365.991764
2,2540.672506
7,2005.698905
40,1979.535838
49,1721.323079
98,1627.333047
101,1576.065477
108,1356.303655
109,1350.727468
173,1225.037395
264,1171.136437
267,1116.289842
285,1056.400169
313,985.903063
352,920.363920
413,852.954611
444,821.391859
448,749.242256
449,689.728995
504,688.644161
505,618.999958
541,596.140944
564,595.121188
626,543.771346
628,536.828975
706,458.705742
781,454.504464
782,440.749354
828,434.057325
871,424.928712
939,422.937484
961,403.985029
990,382.355711
1007,325.035201
1069,301.071329
1220,299.395015
1223,295.363203
1231,291.626071
1275,287.200032
1277,266.133742
1308,249.011065
1310,242.387150
1370,234.612512
1402,208.768651
1643,207.768999
1645,196.311666
1791,177.094428
1819,165.906705
1911,162.157311
1938,157.119270
2062,154.273490
2154,148.984682
2183,146.531395
2242,140.052045
2390,135.245452
2404,125.155966
2497,105.854551
2582,101.560560
2672,87.979562
2761,87.901352
2793,86.342935
2798,83.218496
2821,79.014388
2918,78.773402
2979,74.180263
3010,74.027132
3040,73.262060
3128,72.048556
3130,68.681517
3177,67.088476
3179,62.700623
3250,61.108260
3265,57.943691
3384,57.122556
3444,52.939735
3446,50.908136
3474,50.683643
3536,49.029782
3565,48.850064
3609,44.115349
3713,43.048465
3755,37.172133
3993,36.647724
4023,36.356931
4027,35.641358
4057,35.552791
4109,35.256987
4117,35.212643
4119,33.142684
4299,29.770490
4448,28.916974
4480,27.798081
4512,23.517193
4661,22.972515
4690,21.753672
4691,20.483882
4869,20.188251
4900,19.518883
4936,19.009682
4938,17.172083
5121,16.784664
5140,16.014087
5207,14.381831
5304,12.840798
5517,12.824635
5527,12.312120
5587,11.717313
5618,11.711126
5650,11.429445
5710,11.357796
5737,11.350624
5738,11.135566
5740,10.952788
5801,10.766055
5802,10.618457
5807,10.564262
5867,10.364340
5887,9.908615
5992,9.700632
5999,9.621981
6018,9.326634
6166,9.076435
6202,9.070809
6262,8.864290
6263,8.860480
6269,8.572467
6292,8.386946
6302,8.265479
6308,7.983188
6329,7.805835
6391,7.507746
6450,7.324897
6478,7.221464
6504,6.856485
6512,5.622027
6750,5.367347
6926,4.830668
7016,4.765755
7130,4.739577
7132,4.440748
7294,4.434536
7315,4.195571
7316,4.040031
7406,3.848106
7551,3.809916
7579,3.651195
7612,3.482576
7641,3.438732
7731,3.376469
7798,3.334184
7851,3.304893
7941,3.230636
7971,3.178844
8149,3.108399
8247,3.074989
8303,3.033056
8309,3.012577
8370,2.967976
8373,2.936583
8415,2.895926
8430,2.773225
8443,2.771348
8444,2.766969
8458,2.704526
8518,2.691260
8551,2.601922
8582,2.552234
8715,2.478941
8870,2.474231
8871,2.323131
8873,2.204609
8996,2.134003
9080,2.121380
9169,2.100505
9172,2.017777
9197,2.012543
9285,1.904314
9313,1.848294
9432,1.770722
9581,1.768784
9610,1.747165
9642,1.730917
9731,1.686776
9739,1.669819
9767,1.584462
10009,1.580988
10037,1.573593
10044,1.549103
10046,1.529569
10126,1.519900
10134,1.507948
10189,1.500306
10193,1.492252
10194,1.443804
10313,1.441530
10337,1.418966
10343,1.379623
10463,1.369238
10579,1.343624
10669,1.328740
10671,1.328317
10698,1.323048
10731,1.310554
10793,1.294168
10857,1.286236
10919,1.265475
11037,1.223242
11093,1.204396
11094,1.183490
11268,1.181050
11356,1.179069
11416,1.177459
11451,1.176162
11539,1.169882
11598,1.162315
11637,1.157923
11755,1.150951
11789,1.150566
11815,1.149529
11845,1.148319
11846,1.146778
11935,1.141121
12075,1.135858
12121,1.132641
12124,1.128078
12149,1.125407
12177,1.124662
12181,1.120515
12206,1.117146
12238,1.113586
12267,1.112680
12327,1.109546
12357,1.109233
12413,1.108982
12419,1.108929
12450,1.103852
12474,1.101955
12505,1.101600
12532,1.091188
12595,1.088964
12624,1.086067
12625,1.085314
12635,1.078385
12800,1.077230
12802,1.067920
12902,1.061029
13064,1.052728
13167,1.052040
13215,1.044284
13365,1.032603
13515,1.025849
13575,1.021430
13694,1.021361
13755,1.010375
13846,0.988036
13908,0.985403
13965,0.982938
13994,0.976713
14082,0.970912
14148,0.968040
14174,0.962749
14207,0.960449
14209,0.945237
14237,0.944304
14355,0.935569
14445,0.929515
14536,0.928154
14538,0.914267
14598,0.910020
14632,0.904873
14687,0.891304
14777,0.890306
14837,0.882374
14932,0.810535
