Evaluations,Fitness
1,10038791.423683
2,7087185.422930
10,6650390.146700
35,6477512.220105
46,5933991.107223
57,5828691.153813
58,4969201.250254
96,4795159.381942
99,3900957.119459
135,3640515.420727
252,3481164.172364
326,3199543.774742
343,3135831.155970
345,3034297.394245
347,2780778.525849
415,2257449.330200
479,2195427.764359
523,2161439.566326
564,2013398.072920
642,1948791.373169
652,1803103.093836
658,1761835.845157
688,1750485.276466
740,1589606.865601
800,1571228.630297
863,1555668.179180
897,1534323.462374
920,1402839.115940
947,1389116.942198
950,1340372.146186
1103,1221147.656827
1163,1218164.470313
1208,1107734.417021
1209,963804.503573
1301,929804.336457
1338,860369.273667
1341,840806.574067
1343,834745.911646
1401,783415.523415
1490,727595.556549
1633,679002.760526
1710,616302.045815
1844,602202.616726
1846,452438.692443
1848,375516.901946
2026,362348.897829
2089,351017.880977
2115,334597.309908
2174,298313.580117
2235,295778.790146
2327,287116.612984
2385,243477.548654
2564,243178.353507
2597,236470.957524
2684,223482.415146
2714,205811.000428
2832,203596.713628
2837,200295.300589
2866,189257.977603
2867,182702.294868
3017,177311.148147
3109,175894.087083
3136,175424.561200
3193,170656.463563
3227,170496.054917
3256,166830.374555
3258,164228.624471
3286,161085.675479
3290,160371.279604
3318,155145.419228
3346,153304.112564
3374,150901.532412
3376,148795.526049
3465,143569.935068
3495,141754.869637
3524,141316.526506
3586,136545.461112
3622,132722.232363
3626,132316.981695
3657,131797.681541
3707,129444.865611
3711,127744.357385
3741,127578.426695
3769,125750.267909
3791,124472.352049
3798,113823.384177
3804,108541.866671
3805,107341.748240
3867,98446.285782
3923,97761.375168
3928,97349.776557
3929,92088.551503
4134,87555.845474
4228,85923.711687
4282,85665.235430
4320,84936.720008
4379,81754.964901
4409,79252.913476
4441,73897.309734
4558,70610.761589
4620,69881.244563
4630,64430.104187
4749,64263.273704
4842,64034.103911
4869,63794.433069
4890,61783.940566
4971,58220.594142
5065,57813.443955
5069,57286.485288
5097,55348.208426
5147,46011.155655
5205,41123.513513
5235,40571.953301
5325,39653.795990
5385,39377.369447
5465,38859.874823
5475,34779.357692
5506,34228.181949
5536,32618.807071
5538,30305.296476
5597,30134.959271
5625,28499.667088
5626,27181.665525
5717,26050.707698
5745,24634.078883
5806,23838.865687
5896,23808.577458
5954,22498.282407
6014,22074.308888
6116,19936.714669
6262,19800.844512
6273,19286.885123
6301,18456.083951
6303,17438.760360
6422,17325.726680
6469,17161.156176
6482,16239.726487
6603,16114.155091
6618,14619.510513
6647,13480.014129
6675,12890.975846
6765,12251.322653
6855,12205.529508
6885,12024.680884
6951,11465.437885
6975,11326.921260
7160,11314.039777
7183,10960.076328
7184,10816.125677
7185,10651.720379
7187,10617.096760
7188,10063.299276
7340,9939.046493
7354,9316.103058
7504,9162.460147
7505,9066.657587
7594,8642.570426
7603,8277.960371
7605,7852.062872
7663,7696.081875
7753,7543.803920
7784,7515.272137
7816,7407.246001
7873,7272.371040
7926,7253.222767
7933,7161.703738
8044,7132.882468
8048,7056.621938
8082,6773.884365
8093,6647.312902
8171,6588.061237
8200,6577.276929
8201,6178.368513
8291,5494.846601
8410,5394.358159
8412,5319.071191
8560,5123.237005
8625,4654.586291
8805,4560.918554
8818,4202.926033
8822,4175.332341
8824,4113.433000
8952,4026.235070
8955,3984.072214
9001,3835.092540
9149,3805.298080
9150,3693.135436
9151,3420.659206
9152,3216.181950
9187,3098.235490
9244,3063.496610
9289,2973.851567
9312,2798.552370
9314,2423.350046
9345,1999.366780
9436,1988.128498
9496,1898.237712
9616,1852.936292
9617,1790.865308
9643,1727.462350
9644,1613.878155
9647,1612.855378
9673,1563.358282
9679,1542.860845
9707,1524.217218
9769,1466.378742
9853,1442.069567
9915,1395.053281
9973,1373.347120
9975,1326.202826
10007,1308.707249
10067,1265.824132
10127,1251.049620
10185,1240.184485
10188,1225.345146
10215,1217.087497
10248,1211.746654
10275,1182.043863
10367,1161.103264
10397,1122.866600
10457,1086.099510
10487,1073.647487
10490,1065.836005
10515,1049.798078
10580,1019.491634
10625,934.683168
10627,921.617554
10687,915.437101
10698,853.980712
10788,834.758625
10810,825.559705
10878,789.132809
11059,778.813071
11093,742.086501
11104,736.307518
11174,735.080926
11192,725.981202
11195,669.887292
11343,631.054166
11426,616.807587
11470,613.910463
11539,608.816912
11546,593.540183
11548,591.392990
11606,579.980200
11624,569.563094
11670,552.627104
11671,497.514639
11761,479.767673
11821,477.883795
11824,449.953767
11976,426.060663
12024,420.193303
12039,377.949635
12160,370.312214
12185,365.862328
12191,352.036595
12282,300.829459
12344,286.504501
12525,280.781493
12644,279.620800
12672,279.312127
12684,269.846250
12766,237.365615
12884,231.983749
13036,223.545165
13094,216.610747
13104,214.856864
13106,214.854887
13135,196.906344
13142,177.569267
13259,176.048391
13281,172.983171
13312,171.550847
13349,165.004991
13380,163.143969
13437,160.976969
13439,155.350350
13529,153.988765
13557,146.748565
13619,146.139611
13648,138.207702
13708,137.962941
13798,132.206014
13826,132.164997
13830,128.320097
13831,125.774058
13859,123.778306
13887,120.496610
13917,118.494832
13976,116.146157
13979,113.790455
14006,109.904965
14010,105.988205
14186,103.569053
14215,102.090492
14221,101.187364
14222,100.113447
14281,96.772366
14342,92.250464
14401,92.141353
14402,91.190650
14427,90.421573
14485,89.846483
14515,89.432388
14517,87.780567
14519,86.254427
14521,82.805820
14606,82.083420
14608,80.735093
14609,80.388865
14611,76.785606
14667,76.147238
14670,75.600756
14698,75.023786
14758,74.301092
14852,74.290595
14882,72.362276
14910,71.939632
14913,71.528964
14919,70.536221
14942,67.543785
