Evaluations,Fitness
1,3387111902.096373
2,2580723468.563455
5,2525950499.675500
7,1432759417.110085
27,1354708831.988309
35,824497412.442113
40,736724057.841932
54,709764106.271819
99,468361024.533535
218,466511194.604155
287,359507061.752077
315,353757884.030995
379,332917040.709681
405,296698670.621175
462,272800175.172879
464,257847666.813084
581,240552153.405506
611,226662586.055026
704,210634564.702023
911,200300126.872369
914,162545760.712848
945,151738972.201182
1094,146337178.150289
1154,142485255.920491
1302,142148849.486178
1679,139788789.221220
1892,135478540.893987
1992,133750858.374220
1994,132602933.437234
2009,131592731.503755
2069,130566464.921464
2099,128718486.796909
2130,128658737.587615
2160,122247436.662448
2206,121643607.486495
2232,121115883.661160
2264,120504773.211853
2352,119429802.820219
2404,116198024.520783
2597,113249498.449511
2773,112964508.695189
2844,107652306.047682
3308,91481665.142165
3457,91148337.459244
3487,87811097.647886
3523,86448991.401700
3614,83464575.208053
3670,80916942.124704
3672,78340123.577132
3704,78131544.345422
3792,76772130.664443
3820,75824809.407040
3824,75263643.883122
3851,74232583.690700
3912,72619898.562883
4057,71447192.527876
4182,71342373.115924
4208,69491581.341150
4239,67695585.615043
4240,67448642.298027
4329,65329564.406563
4448,65316526.416206
4480,64627741.136468
4508,60647217.034272
4539,59953038.004180
4569,58477829.865050
4988,58004473.780093
5020,57544858.681044
5050,57356426.331798
5108,57295663.883287
5168,57154637.721553
5199,57038893.338587
5377,56884955.736883
5378,56765989.887992
5408,56761800.398540
5437,56590893.412227
5440,56112801.767662
5469,56060870.828829
5588,56037793.391789
5617,56002133.564465
5648,55998136.094113
5677,55989821.020185
5708,55927136.228961
5767,55873469.425393
5798,55769199.941361
5799,55705662.943008
5950,55580461.992399
5981,55519629.876901
6009,55292634.481383
6039,55024624.097172
6070,55017003.256340
6098,54999254.399649
6100,54898400.495460
6217,54776869.061967
6248,54711469.724837
6278,54707822.314542
6280,54659500.659106
6308,54612407.058951
6338,54592783.687735
6367,54590781.986991
6368,54581935.930032
6427,54568496.022192
6517,54566950.656289
6579,54532440.307311
6607,54462347.263336
6637,54459452.287391
6667,54442746.652042
6729,54431652.619737
6756,54185742.312145
6789,54099775.260330
6818,53921825.489703
6819,53899627.919788
6847,53819640.182428
6848,53784334.210535
6849,53584936.408174
6851,53500216.029549
6877,53304466.570390
6878,53272036.297752
6879,53043525.765598
6880,53030167.224633
6907,52889711.730642
6908,52871448.407497
6909,52567624.353108
6911,52252869.109953
6939,51945394.531547
6941,51854286.247621
6967,51777036.957515
6968,51513196.664160
6969,51497240.317967
6997,51401909.742859
6998,51398858.641800
6999,51083924.809967
7031,50976058.477913
7120,50871371.363017
7150,50762702.056049
7178,50716886.088522
7208,50633917.814700
7210,50558541.032928
7215,50457670.228649
7270,50435699.816393
7298,50391679.178107
7301,50318222.411378
7305,49508699.669103
7425,49305469.482024
7568,49075100.380108
7569,49071584.452029
7599,49065627.275842
7628,48989612.719518
7656,48866115.297994
7746,48863821.296403
7809,48811568.003707
7811,48744507.015692
7812,46923452.408212
7840,46559417.633488
7841,46183264.865105
7871,46162996.807149
7930,46135119.272208
7990,45902838.862835
8050,45675548.007272
8081,45672545.503616
8115,45663218.193616
8171,45566066.614898
8200,45525866.702121
8260,45517750.151500
8261,45463498.866138
8350,45446172.592079
8439,45316437.900511
8441,45203691.774973
8504,45165452.590526
8534,44841755.612338
8715,44739340.917630
8744,44564440.467417
8774,44388618.876626
8804,44240518.585793
8834,44223469.226416
8864,44167078.105293
8865,44155544.907068
8954,44140057.801371
8956,43957900.976319
8984,43895706.903323
9014,43746659.453385
9015,43647591.910175
9044,43610887.101418
9045,43383759.609402
9046,43325113.955369
9075,43287866.402530
9076,43151688.193453
9134,43054372.657254
9135,42962490.896668
9195,42954417.638744
9285,42947810.460279
9286,42785236.503360
9344,42766812.663425
9346,42704731.917386
9374,42658933.349193
9407,42648974.441612
9492,42639845.939916
9648,42325509.606473
9676,42191669.013152
9735,41863995.547655
9765,41547666.734145
9885,41544263.408470
9950,41125822.764892
10068,40919002.836883
10127,40644428.794014
10215,40266271.947598
10242,40230745.391129
10271,40216667.110062
10299,40172365.779523
10301,39861454.302797
10391,39652070.333972
10550,39502310.510232
10571,39479118.445877
10580,39165437.492999
10629,39138250.912289
10630,39078021.936926
10631,39056568.920835
10659,38837222.461139
10687,38739324.563267
10689,38649662.140683
10691,38646142.997788
10719,38497015.910496
10747,38476227.041726
10749,38427236.307481
10753,38324479.008249
10781,38086698.314333
10785,37945814.250296
10813,37920460.880379
10867,37850521.221459
10869,37785190.021336
10871,37298058.992503
10899,37229703.277552
10961,37127517.073146
10963,37081493.073726
11089,37022699.939814
11114,36936679.657634
11115,35961768.799650
11263,35124292.639138
11293,34842496.674907
11359,34397064.615840
11417,34289387.446075
11506,32973422.368356
11563,32929338.410628
11593,32823972.569156
11689,32813211.570291
11691,32234367.331468
11777,31997151.029817
11837,31962111.433976
11841,31908396.937784
12046,31823835.945766
12079,31793454.649222
12109,31695864.404313
12171,31465231.032866
12229,31261991.242964
12289,31250366.624797
12319,31215210.425601
12321,31164760.423282
12379,31155137.506342
12411,31047952.482162
12441,30989532.718309
12469,30955814.328518
12531,30938947.128476
12588,30914326.635974
12591,30847957.719051
12649,30831845.068528
12709,30804713.585753
12829,30800560.361506
12861,30767725.607479
12921,30758913.651942
12951,30748974.205188
13071,30726257.079081
13101,30724455.692078
13128,30708403.885201
13250,30674004.991605
13280,30651817.360707
13336,30609864.616584
13338,30601716.812776
13341,30585633.306141
13459,30542269.760136
13549,30533294.517241
13551,30463302.941602
13571,30422693.158897
13638,30381358.161713
13668,30371034.442600
13691,29591976.872424
13754,29535631.643892
13755,29430081.366430
13784,29168780.647227
13813,29114868.747200
13843,29009151.272343
13934,28985673.221477
13964,28917939.986202
13996,28374123.221868
14024,28339945.058877
14058,28122622.477302
14208,27886503.927038
14385,27877241.154264
14449,27612660.364041
14481,27291670.929041
14721,27286000.947511
14747,27055000.075284
14778,26823944.687628
14898,26809596.390530
14956,26613468.506361
14986,26532089.092444
