Evaluations,Fitness
1,17.751854
3,3.379661
7,2.092520
15,0.494561
454,0.467935
546,0.428481
594,0.420028
666,0.398428
729,0.398352
964,0.398007
1118,0.397993
1199,0.397984
1204,0.397969
1265,0.397964
1309,0.397907
1340,0.397893
1447,0.397891
1568,0.397888
1718,0.397888
1748,0.397888
1939,0.397888
2074,0.397888
2089,0.397887
2134,0.397887
2210,0.397887
2269,0.397887
2330,0.397887
2344,0.397887
2384,0.397887
2389,0.397887
2420,0.397887
2449,0.397887
2484,0.397887
2696,0.397887
2839,0.397887
3020,0.397887
3115,0.397887
3320,0.397887
3339,0.397887
3379,0.397887
3500,0.397887
3830,0.397887
4100,0.397887
