Evaluations,Fitness
1,21.235106
4,21.109522
22,21.017557
29,21.001105
35,20.692343
39,20.455000
111,20.340036
117,20.221016
132,20.166488
161,20.072773
222,20.025058
321,19.838119
352,19.797546
370,19.761964
405,19.698394
416,19.683217
467,19.453362
518,19.213261
608,19.125821
617,19.110294
639,19.091288
673,18.783541
763,18.774666
764,18.714746
780,18.446032
825,18.434275
892,17.910426
895,17.777915
982,17.313685
1070,17.129522
1099,17.084903
1192,17.034115
1337,16.590508
1340,16.312360
1551,15.939836
1581,15.882945
1614,15.845051
1725,15.695518
1736,15.652392
1765,15.361895
1793,15.235508
1941,15.233557
2026,15.160684
2053,15.086439
2056,15.061931
2061,14.908495
2063,14.520420
2064,14.444905
2155,14.029935
2185,14.017359
2186,14.014420
2275,13.861314
2303,13.855904
2305,13.695406
2365,13.597472
2547,13.568112
2577,13.518499
2598,13.391443
2600,13.313366
2629,13.223828
2690,12.960991
2810,12.953734
2816,12.933355
2824,12.891127
2848,12.814961
2913,12.586978
2994,12.534456
3027,12.471110
3055,12.451398
3093,12.314035
3129,12.235830
3146,12.164474
3241,12.052109
3245,12.020633
3260,11.934331
3360,11.791291
3388,11.363600
3414,11.184137
3535,11.096426
3595,10.946949
3669,10.734250
3779,10.628873
3836,10.627043
3840,10.507293
3847,10.348341
3870,10.315070
3900,9.960316
3930,9.891374
4082,9.877819
4085,9.872696
4147,9.718761
4209,9.629136
4267,9.574609
4350,9.310540
4474,9.277288
4528,9.172805
4529,9.080334
4589,8.961337
4648,8.852726
4649,8.709281
4677,8.550120
4768,8.542415
4801,8.461188
4890,8.362397
4981,8.300740
5158,8.291739
5162,8.266012
5163,8.154711
5166,8.014619
5198,7.805035
5289,7.600071
5529,7.510618
5619,7.098699
5771,7.018550
5949,6.973880
5978,6.919405
6041,6.831996
6130,6.823067
6249,6.802901
6278,6.769190
6281,6.758811
6320,6.744492
6369,6.742770
6371,6.634626
6429,6.612228
6487,6.601162
6577,6.580426
6630,6.534360
6689,6.462115
6690,6.363147
6903,6.192758
7082,6.185498
7085,6.175446
7129,6.078924
7202,6.072283
7221,6.015871
7269,5.952834
7406,5.932740
7478,5.882830
7500,5.701059
7691,5.623978
7721,5.599606
7748,5.551030
7809,5.531377
7842,5.520057
7875,5.456841
8046,5.430353
8058,5.395044
8074,5.371298
8076,5.111119
8193,5.097496
8313,5.078332
8332,4.981613
8431,4.911408
8462,4.905100
8582,4.882484
8600,4.856697
8647,4.851578
8660,4.837760
8672,4.813215
8675,4.795254
8750,4.705626
8751,4.704800
8812,4.704529
8841,4.665877
8870,4.564749
8876,4.538763
8902,4.534643
8929,4.531925
8960,4.530080
8998,4.512166
8999,4.396045
9212,4.319048
9363,4.292432
9420,4.291885
9424,4.244950
9503,4.210041
9621,4.150975
9622,4.079016
9724,4.014050
9860,3.934546
10026,3.923027
10206,3.919382
10234,3.903143
10242,3.839906
10305,3.657700
10515,3.656771
10606,3.650868
10608,3.495948
10780,3.430798
10883,3.413887
10894,3.413856
10913,3.401036
10955,3.374690
11016,3.301527
11071,3.301068
11093,3.247161
11136,3.205211
11256,3.109538
11584,3.071051
11656,2.880094
11841,2.819931
11871,2.712557
11932,2.709216
11961,2.670754
11962,2.654578
12049,2.594956
12201,2.590699
12231,2.561356
12261,2.538352
12377,2.538344
12383,2.523357
12499,2.513179
12500,2.509242
12528,2.459214
12653,2.415485
12740,2.411172
12801,2.403355
12829,2.362981
12860,2.337805
12889,2.318547
12941,2.304222
12944,2.287629
12949,2.287472
13005,2.285092
13007,2.272533
13009,2.266542
13038,2.247852
13098,2.235360
13120,2.132729
13329,2.121113
13360,2.118135
13419,2.065683
13540,2.051908
13570,2.038579
13584,2.027386
13586,2.005992
13647,2.004553
13649,1.981289
13712,1.930442
13831,1.916940
13891,1.871895
13893,1.822792
14008,1.821822
14010,1.790696
14074,1.730733
14134,1.722206
14163,1.720762
14208,1.701134
14214,1.691234
14254,1.664895
14284,1.654879
14308,1.621239
14366,1.615347
14393,1.615170
14399,1.595071
14426,1.498581
14517,1.487018
14585,1.414910
14675,1.399655
14785,1.367497
14870,1.301691
14909,1.289401
14956,1.273311
14966,1.248196
14967,1.247316
14997,1.235706
