Evaluations,Fitness
1,499.999181
2,484.414063
5,14.596488
176,13.628458
181,10.450770
256,7.875007
508,4.964047
533,4.091310
681,4.079192
801,4.074299
831,3.968280
1374,3.968256
1401,3.968254
1429,3.001476
1581,2.982697
1911,1.998084
2363,1.193223
2365,0.998015
2931,0.998004
3021,0.998004
3443,0.998004
3562,0.998004
3683,0.998004
3745,0.998004
4136,0.998004
4406,0.998004
5034,0.998004
5156,0.998004
5306,0.998004
5423,0.998004
5572,0.998004
5573,0.998004
5632,0.998004
5633,0.998004
5693,0.998004
5697,0.998004
5761,0.998004
5812,0.998004
5873,0.998004
5904,0.998004
5933,0.998004
6024,0.998004
6143,0.998004
6357,0.998004
6595,0.998004
9347,0.998004
