Evaluations,Fitness
1,6.73603e+09
2,5.36052e+09
3,4.87102e+08
7,3.59847e+08
51,2.53736e+08
125,1.85776e+08
331,1.49749e+08
356,1.46787e+08
490,1.34263e+08
535,1.30106e+08
688,1.2719e+08
970,1.25419e+08
998,8.78764e+07
1030,8.74574e+07
1208,8.72476e+07
1388,8.66668e+07
1392,8.33196e+07
1840,7.88155e+07
1901,7.79852e+07
1960,7.72889e+07
1961,7.71694e+07
2020,7.66251e+07
2110,7.64157e+07
2141,7.56883e+07
2200,7.50686e+07
2264,7.40286e+07
2292,7.24209e+07
2423,7.22655e+07
2437,7.16299e+07
2534,7.12655e+07
2654,7.10097e+07
2769,6.85265e+07
2857,6.65885e+07
2951,6.53285e+07
3068,6.38985e+07
3071,6.30475e+07
3099,6.29976e+07
3101,6.19941e+07
3131,6.15998e+07
3246,5.7446e+07
3397,5.52991e+07
3457,5.39453e+07
3518,5.32175e+07
3639,5.08819e+07
3729,4.91769e+07
3882,4.85966e+07
4032,4.77669e+07
4239,4.77276e+07
4298,4.75553e+07
4299,4.75412e+07
4327,4.73645e+07
4332,4.65854e+07
4418,4.62984e+07
4448,4.58634e+07
4537,4.57877e+07
4545,4.43916e+07
4636,4.25313e+07
4875,4.25007e+07
4933,4.22125e+07
4935,4.15376e+07
5024,4.12388e+07
5261,4.02886e+07
5501,3.89492e+07
5947,3.84493e+07
6069,3.64019e+07
6222,3.60688e+07
6254,3.53662e+07
6492,3.51509e+07
6607,3.4824e+07
6697,3.45462e+07
6729,3.4365e+07
6759,3.40042e+07
6761,3.35392e+07
6881,3.33171e+07
6967,3.2844e+07
7059,3.27535e+07
7179,3.25143e+07
7357,3.24892e+07
7386,3.23817e+07
7417,3.22136e+07
7446,3.21107e+07
7447,3.20468e+07
7449,3.19916e+07
7477,3.17881e+07
7511,3.10075e+07
7779,3.09275e+07
7811,3.07858e+07
7871,3.06672e+07
7901,3.0555e+07
7959,3.04901e+07
8049,3.04856e+07
8052,3.03667e+07
8111,3.0269e+07
8141,3.0125e+07
8142,3.01081e+07
8203,2.99986e+07
8233,2.95496e+07
8263,2.92147e+07
8352,2.90926e+07
8443,2.90764e+07
8472,2.90358e+07
8532,2.88791e+07
8533,2.88398e+07
8563,2.88284e+07
8621,2.87943e+07
8651,2.87241e+07
8652,2.87036e+07
8654,2.86563e+07
8683,2.8594e+07
8712,2.85525e+07
8742,2.85199e+07
8772,2.84671e+07
8797,2.82589e+07
8799,2.82552e+07
8801,2.80518e+07
8862,2.7968e+07
8893,2.78391e+07
8923,2.78377e+07
9039,2.7778e+07
9069,2.76963e+07
9247,2.76789e+07
9399,2.76742e+07
9487,2.76711e+07
9519,2.76185e+07
9580,2.75809e+07
9581,2.74919e+07
9756,2.73246e+07
9758,2.71262e+07
9788,2.69675e+07
9818,2.69637e+07
9847,2.65588e+07
9877,2.65288e+07
9999,2.64505e+07
10028,2.63425e+07
10210,2.63411e+07
10268,2.63222e+07
10273,2.62677e+07
10305,2.61907e+07
10358,2.61053e+07
10390,2.60853e+07
10443,2.60846e+07
10448,2.60605e+07
10451,2.60332e+07
10480,2.5628e+07
10543,2.54301e+07
10598,2.53878e+07
10605,2.52811e+07
10656,2.51114e+07
10716,2.49905e+07
10746,2.48783e+07
10776,2.47555e+07
10842,2.45924e+07
10931,2.44049e+07
11078,2.4369e+07
11106,2.43193e+07
11107,2.42807e+07
11108,2.4206e+07
11109,2.41985e+07
11137,2.4058e+07
11198,2.39448e+07
11228,2.38939e+07
11318,2.37389e+07
11557,2.37258e+07
11558,2.36094e+07
11740,2.35309e+07
11917,2.34875e+07
12006,2.34775e+07
12067,2.33969e+07
12098,2.33479e+07
12128,2.3306e+07
12247,2.32885e+07
12307,2.32766e+07
12338,2.32546e+07
12364,2.31997e+07
12367,2.31596e+07
12395,2.30451e+07
12426,2.30137e+07
12434,2.30023e+07
12456,2.2906e+07
12457,2.28345e+07
12524,2.28237e+07
12607,2.28198e+07
12636,2.28033e+07
12667,2.27877e+07
12694,2.27534e+07
12703,2.272e+07
12787,2.26303e+07
12825,2.25593e+07
12877,2.25585e+07
12905,2.25388e+07
12907,2.25175e+07
12935,2.24956e+07
12936,2.24891e+07
12937,2.24304e+07
12967,2.24205e+07
12970,2.24108e+07
13057,2.22636e+07
13087,2.2234e+07
13116,2.21978e+07
13144,2.21234e+07
13145,2.21137e+07
13146,2.20735e+07
13147,2.20476e+07
13175,2.20336e+07
13178,2.20118e+07
13180,2.19247e+07
13266,2.17512e+07
13297,2.16828e+07
13442,2.12616e+07
13501,2.12093e+07
13621,2.10454e+07
13681,2.10202e+07
13683,2.09217e+07
13713,2.08686e+07
13716,2.06871e+07
13811,2.05145e+07
13873,2.04736e+07
13926,2.04731e+07
14018,2.04578e+07
14052,2.0377e+07
14112,2.02718e+07
14142,1.9711e+07
14172,1.95404e+07
14292,1.92543e+07
14322,1.92461e+07
14323,1.92277e+07
14352,1.89957e+07
14385,1.88791e+07
14413,1.88006e+07
14442,1.87992e+07
14472,1.86229e+07
14537,1.79343e+07
14897,1.78613e+07
