Evaluations,Fitness
1,-0.508050
3,-0.720592
5,-1.240077
7,-3.127258
31,-3.217777
43,-3.626791
74,-3.786798
184,-3.808614
304,-3.813632
310,-3.857028
372,-3.859743
647,-3.860327
685,-3.862539
854,-3.862543
879,-3.862654
990,-3.862701
1050,-3.862709
1098,-3.862742
1130,-3.862753
1182,-3.862772
1318,-3.862773
1347,-3.862776
1392,-3.862778
1408,-3.862782
1571,-3.862782
1601,-3.862782
1662,-3.862782
1901,-3.862782
1908,-3.862782
1931,-3.862782
1961,-3.862782
2081,-3.862782
2262,-3.862782
2265,-3.862782
2411,-3.862782
2626,-3.862782
2712,-3.862782
3133,-3.862782
3193,-3.862782
3401,-3.862782
3461,-3.862782
3495,-3.862782
3551,-3.862782
3570,-3.862782
3582,-3.862782
3617,-3.862782
3646,-3.862782
3677,-3.862782
3841,-3.862782
3872,-3.862782
4016,-3.862782
4052,-3.862782
4201,-3.862782
4382,-3.862782
4410,-3.862782
4481,-3.862782
4500,-3.862782
4530,-3.862782
4571,-3.862782
4619,-3.862782
4621,-3.862782
4892,-3.862782
7952,-3.862782
