Evaluations,Fitness
1,9641385.164442
3,9019947.407811
6,6369816.853504
28,5957046.524731
30,5695728.498486
46,5497996.858729
50,5454638.034175
95,4989703.265848
105,4538128.523537
107,3977290.749930
198,3919291.343655
238,3677470.732214
279,3068791.622214
338,3048743.259924
505,2960209.910831
533,2920159.016687
578,2829386.302257
597,2764200.580345
608,2598099.204067
637,2595050.701832
706,2550873.792181
716,2507669.867061
735,2474869.349067
739,2182542.904148
742,2155563.767348
771,2137519.945522
780,1944659.550067
890,1844978.947834
951,1723816.794431
985,1597820.030793
1013,1539031.553316
1041,1438460.635044
1042,1304010.026596
1133,1286128.001691
1168,1229040.104024
1228,1207220.877725
1311,1128994.719304
1350,1037108.257159
1403,1024401.774169
1433,1014497.477004
1436,993867.148280
1532,989956.378634
1581,987006.028407
1613,921130.268867
1614,902492.600488
1757,892453.417390
1761,816208.382740
1764,809142.154736
1845,809085.561011
1882,808403.463643
1885,804007.375326
1903,786119.775349
2005,779950.832014
2027,717055.998787
2057,690500.070467
2176,673033.964739
2177,589892.448764
2207,575282.242023
2282,554957.832118
2310,545804.318974
2342,511467.921859
2369,499725.777708
2432,495271.207225
2475,478662.336842
2485,414652.367385
2547,411547.966089
2594,398602.502037
2624,384777.219656
2659,378884.912487
2702,375745.739278
2803,371591.162103
2805,369638.387457
2896,344768.226507
2899,336611.174417
2905,312007.485943
2907,305950.292672
2995,299279.433987
3026,276720.673979
3143,259524.197516
3171,252295.590896
3289,251265.208800
3293,245319.620541
3294,240688.343304
3349,238626.495825
3353,228644.901432
3417,216234.631980
3522,200546.229122
3557,199470.179054
3586,198380.746651
3597,197299.349775
3659,174585.097307
3749,173728.611486
3802,161920.096688
3820,157745.027951
3911,157600.214543
3914,154494.806791
3929,150011.872271
3932,149685.234123
3957,142232.379609
4076,124559.493764
4213,114403.830050
4266,110560.794843
4384,106644.877481
4511,99618.662381
4604,95281.818750
4606,92770.744474
4693,92489.743664
4720,86451.417485
4754,79538.955526
4806,75209.582748
4955,73511.347264
4985,73290.674687
5052,71340.636490
5075,69956.390725
5108,67548.872937
5167,65887.339749
5197,65415.154063
5228,64344.272918
5258,63486.027813
5260,62353.755203
5262,60428.812296
5293,60094.673388
5350,60010.162543
5379,59568.289296
5407,58577.460530
5503,57010.776956
5533,56888.381374
5682,56152.557442
5699,55365.565484
5743,55043.257208
5762,54061.294727
5768,52009.544792
5817,49320.316531
5915,48050.442177
5974,45499.874528
6007,45116.949273
6035,44579.626163
6036,44137.056563
6124,44123.346365
6159,44031.988662
6182,43665.217367
6219,43584.925810
6243,43441.091238
6246,43389.708471
6273,43358.026197
6306,42497.567639
6309,41736.558208
6340,40522.902781
6397,39138.766414
6437,37783.161209
6587,37649.767976
6647,37416.392635
6661,37299.993956
6663,35374.004635
6721,35128.467149
6727,34903.888559
6749,34903.515053
6798,34384.419510
6822,33224.740261
6826,33128.469449
6854,32609.337274
6882,31583.751481
7030,30275.220792
7058,30073.738758
7208,29860.257434
7209,29789.258541
7290,29781.611459
7332,28932.445357
7380,28442.954979
7382,28321.946859
7410,27926.470496
7441,27276.184502
7442,26088.008459
7472,25743.503781
7473,23799.823446
7501,23158.460799
7585,21304.093008
7629,18047.833521
7721,17014.343054
7755,16931.172844
7758,16102.466407
7782,15915.566260
7809,15623.096615
7815,12856.200986
7992,12198.614768
8084,11110.957625
8176,9363.163701
8298,8840.306986
8447,8834.126787
8534,8718.136103
8561,8278.257780
8653,8107.169282
8715,7142.514416
8743,6645.138208
8964,6263.222792
9082,5722.417688
9265,4999.041685
9326,4743.060725
9416,4695.991850
9444,4253.642766
9533,4183.068271
9596,4166.954015
9628,3899.522642
9746,3846.168421
9778,3778.726591
9860,3747.649667
9892,3744.710483
9920,3553.768190
9987,3439.981334
10046,3421.649682
10135,3400.931309
10168,3395.682976
10182,3386.532183
10191,3357.975122
10220,3343.016659
10221,3309.256351
10248,3041.340649
10309,2987.149166
10337,2758.632994
10339,2757.488030
10429,2637.857873
10461,2596.221644
10472,2452.517835
10474,2386.791582
10528,2259.201782
10530,2153.449012
10535,2056.828724
10596,2053.120906
10620,1988.265832
10649,1902.109473
10677,1901.501756
10706,1768.483691
10735,1734.389747
10737,1700.905745
10744,1670.280146
10826,1413.575941
10957,1384.475775
10986,1366.962758
11047,1354.746615
11077,1280.212130
11195,1224.506973
11343,1181.373942
11436,1179.714726
11463,1173.294458
11491,1161.455222
11526,1154.250992
11586,1143.019758
11640,1056.089586
11730,1014.695296
11783,1009.146113
11827,960.607442
11865,941.102992
11994,929.718608
11998,830.840743
12146,825.695203
12174,820.074096
12178,774.791145
12179,731.934906
12298,724.962140
12360,717.993556
12389,603.728621
12420,601.193176
12478,578.078052
12515,568.888235
12573,553.908832
12695,531.083954
12779,530.386535
12782,523.328030
12849,519.141394
12867,505.975436
12898,504.858826
12908,480.379538
12938,477.503686
12962,466.761327
12968,447.302262
13000,444.165513
13029,429.131071
13035,422.475877
13056,416.210686
13058,388.663620
13121,361.935805
13259,357.295910
13281,314.685682
13371,297.874164
13430,297.550841
13467,284.793696
13490,278.211610
13519,276.630483
13558,267.281989
13580,262.244925
13640,261.540300
13714,247.616502
13769,244.604001
13776,228.616956
13804,219.638283
13832,207.869540
13895,206.006182
13950,184.680211
13980,181.687022
14010,178.189285
14038,169.261464
14100,139.183293
14159,128.596434
14280,125.100718
14400,119.284178
14432,118.992402
14489,117.908328
14519,117.640059
14607,114.306871
14632,111.391273
14669,107.472241
14790,104.857830
14913,102.975275
