Evaluations,Fitness
1,3478.705145
2,2873.562130
4,2792.195218
6,2626.169122
7,2302.857489
32,2214.609155
46,2197.903216
47,2133.966443
48,1966.119280
49,1914.641666
51,1776.000066
80,1656.962725
96,1638.344751
108,1370.864074
112,1331.615429
224,1167.353725
227,1148.397070
253,1070.292236
310,919.658890
423,913.487152
428,852.668170
466,833.691361
469,818.399255
471,817.005387
518,810.389949
558,798.279582
561,775.165687
592,747.721062
593,745.319902
594,665.060549
654,614.062494
711,567.521637
838,566.461032
843,540.580245
860,540.150712
928,507.808963
934,455.549396
1053,439.615476
1073,421.305982
1091,413.198656
1109,408.927647
1117,407.445980
1166,331.866844
1194,327.794391
1286,314.334666
1312,277.774195
1341,239.905532
1401,222.904631
1462,209.166924
1609,209.104818
1638,208.426509
1667,177.427301
1733,177.365397
1789,172.695516
1817,171.239816
1819,165.584085
1937,164.058994
1971,156.060620
2000,152.443711
2031,151.673206
2087,150.404232
2096,147.821184
2118,144.798966
2120,143.256070
2174,122.388818
2205,122.023677
2235,119.190117
2325,107.834414
2327,98.370624
2445,92.474184
2505,87.847593
2624,84.307398
2713,81.877175
2725,80.222660
2743,80.196276
2805,79.561138
2925,77.119514
2960,75.991931
2961,75.304527
3020,72.955234
3079,69.580269
3131,65.777349
3132,46.619231
3253,45.798181
3255,42.345986
3297,41.052933
3314,38.652243
3432,37.151586
3464,36.035094
3567,34.677757
3705,34.547210
3735,34.247037
3737,33.938928
3765,33.782325
3793,33.740849
3795,33.681241
3797,32.665266
3857,32.093924
3861,30.133781
3900,29.403112
3920,29.390091
3929,29.193433
3960,28.372663
4019,27.080726
4038,26.007337
4139,25.985318
4156,25.833611
4198,25.204739
4202,23.736589
4275,23.561919
4325,21.207208
4436,19.745034
4444,19.683885
4469,19.491668
4532,19.232930
4561,18.504011
4562,15.828359
4709,15.592590
4738,14.205504
4916,13.848150
4918,13.252810
4963,12.857393
5055,11.958750
5142,11.811580
5207,11.800423
5245,11.099734
5247,11.057859
5249,10.957707
5295,10.889750
5305,10.458191
5307,9.875478
5308,9.754066
5337,9.116252
5398,8.684386
5458,8.582394
5486,8.380470
5578,8.250061
5636,8.069621
5727,7.976545
5772,7.912246
5776,7.704922
5837,7.383815
5900,7.187669
5981,7.100195
5984,6.899988
5986,6.265742
6047,6.155691
6077,5.804216
6079,5.292171
6173,5.201201
6318,5.158603
6320,4.977241
6350,4.806935
6438,4.799509
6440,4.787155
6466,4.773629
6496,4.651124
6555,4.625704
6558,4.410614
6559,4.401044
6589,4.247586
6706,4.125405
6824,4.072523
6855,4.034238
6919,3.892328
6982,3.874825
7005,3.872712
7014,3.699938
7044,3.628069
7195,3.606651
7246,3.581051
7332,3.491655
7353,3.479286
7368,3.376064
7377,3.336102
7378,3.275359
7405,3.258987
7472,3.194195
7523,3.179209
7562,2.821945
7780,2.628418
7808,2.599431
7959,2.592838
8008,2.530516
8043,2.510960
8096,2.466431
8100,2.360429
8354,2.358841
8431,2.325337
8432,2.266793
8502,2.230700
8556,2.211439
8560,2.127690
8681,2.119085
8732,2.106287
8743,2.055412
8827,1.997868
8888,1.926283
8890,1.838065
9008,1.830939
9037,1.767008
9098,1.693539
9193,1.689635
9278,1.688158
9315,1.678210
9340,1.674954
9343,1.652857
9345,1.644033
9405,1.633690
9455,1.612291
9552,1.608490
9555,1.573092
9618,1.562064
9646,1.551438
9695,1.491431
9930,1.480684
9949,1.468666
10037,1.441312
10038,1.419725
10125,1.414205
10129,1.407580
10130,1.401824
10187,1.401593
10222,1.396033
10280,1.395517
10285,1.381068
10286,1.362674
10376,1.362631
10388,1.356543
10502,1.340911
10543,1.321801
10661,1.321510
10662,1.318311
10665,1.300315
10759,1.288703
10769,1.285099
10857,1.284787
10859,1.269145
10915,1.238327
10920,1.222924
11038,1.222768
11069,1.220987
11098,1.214731
11158,1.213957
11278,1.210858
11312,1.205004
11314,1.185527
11373,1.181325
11374,1.157918
11464,1.156268
11517,1.136879
11698,1.134280
11715,1.133836
11725,1.132430
11845,1.129815
11846,1.116693
11908,1.116312
11967,1.113034
12096,1.107460
12110,1.100711
12231,1.098844
12307,1.085744
12335,1.082282
12607,1.082250
12678,1.080343
12784,1.080237
12798,1.078713
12816,1.074619
12818,1.069550
12860,1.050067
13008,1.045411
13128,1.044763
13131,1.043732
13188,1.038937
13339,1.037419
13369,1.031330
13460,1.030227
13587,1.029011
13636,1.025700
13656,1.021396
13759,1.014292
13790,1.012962
13804,0.994200
13851,0.981208
13879,0.977123
13911,0.976622
13970,0.967389
14059,0.966374
14149,0.964755
14151,0.964426
14178,0.952870
14182,0.951086
14269,0.950287
14271,0.943686
14318,0.942115
14358,0.936361
14446,0.934949
14455,0.921750
14485,0.915527
14488,0.891329
14588,0.857705
14676,0.837336
14736,0.825131
14855,0.818199
14857,0.803938
14948,0.802111
14976,0.781979
