Evaluations,Fitness
1,778570279.295404
8,623888879.720220
82,543523785.977814
95,291530710.301505
155,194489002.539109
192,164413198.662336
310,151575012.755281
401,92358119.311824
520,86952905.125293
542,56915786.929447
659,52426484.523033
677,50550073.927335
813,48219396.973933
884,47467608.541665
897,39980478.104259
1022,34756634.591585
1054,30029187.218043
1143,27177479.152270
1148,23506885.561380
1263,22990809.574089
1265,22453501.176593
1326,20987227.311224
1354,19463536.344940
1653,18482897.630167
1663,16146796.033340
1753,14275334.803846
1905,14185069.996588
1907,13409139.904706
1965,12599333.604304
2022,10547385.584827
2141,9582845.772395
2262,8564057.988925
2328,8493410.716788
2353,8250645.779543
2354,7913845.986189
2401,7887165.640003
2414,7506910.747793
2443,7290608.679511
2449,6931776.534046
2481,5736325.768588
2659,5720140.343721
2689,5668862.956671
2809,5648986.623196
2869,5544607.723077
2957,5379358.744466
2961,5276801.910087
2998,5251928.893236
3051,5154664.233726
3052,5117257.922674
3053,4714592.694919
3179,4558377.745227
3181,4542318.509520
3183,3686931.582829
3273,3119985.262757
3329,3071470.987083
3362,3009502.776477
3423,2928080.804439
3511,2680151.072147
3541,2580360.643696
3605,2573073.882382
3606,2540474.946340
3607,2412229.085487
3609,2206104.530516
3721,2093724.292870
3755,1948941.857638
3756,1813463.622647
3898,1811744.131650
3971,1668680.281495
3981,1482340.359876
4007,1126964.023235
4278,1083867.916798
4308,1083825.478055
4403,783389.219651
4702,775844.533591
4732,735017.167359
4852,717820.094100
4970,708939.529747
4972,707356.180765
4998,687785.923001
4999,599325.682070
5026,562561.769798
5027,539304.430960
5055,531540.374357
5063,484212.465381
5151,478600.020385
5295,437801.964870
5329,398955.110699
5331,386586.966749
5389,370792.237506
5421,366837.031346
5481,339946.422992
5543,319217.374202
5601,302287.107137
5631,289631.397321
5689,285272.616604
5690,279200.453162
5692,271394.020417
5693,267466.068872
5752,262010.377658
5813,260012.756868
5841,255585.014640
5842,244075.639770
5843,241846.087046
5872,238846.268996
5895,201317.515670
5955,199210.945697
5957,196563.266887
6048,178499.602714
6090,175177.772405
6117,161051.858344
6177,156980.090376
6180,153753.282880
6240,146334.457318
6328,129164.872004
6447,123123.296054
6567,109700.913469
6597,102684.928936
6717,98718.166280
6719,98541.937859
6809,93957.033335
6898,90667.691593
6928,86475.175083
6988,85015.754557
7020,80736.586411
7048,80236.771306
7107,79913.754993
7109,79309.740271
7138,77378.324802
7202,74051.933058
7230,73837.154595
7259,72764.277554
7262,70707.155336
7279,68065.981484
7373,63815.342016
7463,63040.355294
7493,60823.854063
7541,51408.723469
7543,42757.612003
7815,41908.721691
7906,41508.746926
7938,38437.096805
7946,38121.939818
8006,36902.480327
8008,36370.160945
8037,32899.271635
8076,32642.409464
8156,32491.062632
8209,32428.880137
8216,31772.370013
8246,31176.491733
8249,29854.329457
8278,28193.844452
8309,27622.783996
8312,25878.392473
8343,23654.834812
8544,23160.304021
8546,22767.298913
8576,22289.326023
8588,18810.991652
8650,18153.262688
8680,16700.822245
8742,13890.208051
8890,13683.488025
8951,13084.262564
8954,12614.436889
9046,12360.084075
9098,12004.699761
9100,11646.888015
9194,11247.037245
9280,8567.121934
9432,8225.742594
9462,8128.700174
9491,8047.111579
9551,7929.883716
9552,7789.705073
9698,7586.540289
9876,7375.672049
9966,7242.173645
10172,6556.590269
10174,6410.962316
10322,6322.462550
10342,5699.739507
10403,5487.632321
10432,5430.619067
10463,5394.008379
10524,5106.260947
10525,5040.798471
10556,4876.052698
10584,4582.620481
10585,4515.846991
10644,4499.504511
10764,4324.835842
10823,4271.331564
10825,4265.952397
10883,4213.411954
10914,4184.230356
11002,4151.688419
11003,4073.057870
11032,4035.852715
11184,4010.777973
11185,3999.280862
11186,3957.388788
11187,3893.445265
11222,3580.442935
11376,3536.022440
11422,3471.023900
11423,3450.695058
11424,3387.982466
11484,3362.391972
11517,3336.604379
11519,3017.141139
11728,3005.198883
11758,2921.363926
11814,2908.890339
11845,2891.725541
11852,2807.256859
11874,2763.764698
11940,2508.260706
12127,2302.152996
12219,2120.114981
12362,2108.286470
12395,2071.164301
12398,2067.749558
12429,2055.845666
12516,1967.595929
12517,1959.240770
12577,1931.228650
12697,1921.509585
12699,1920.385036
12728,1820.002895
12789,1795.375972
12850,1788.794027
12910,1780.088158
12936,1772.448892
12965,1704.858845
13027,1662.762081
13057,1643.506604
13085,1643.112039
13117,1628.026538
13209,1605.806731
13210,1553.593543
13233,1437.569926
13235,1425.425855
13295,1348.137058
13325,1301.636627
13417,1237.246882
13505,1236.293502
13565,1233.436993
13626,1224.989418
13657,1213.505355
13685,1202.005580
13688,1200.998120
13716,1187.486261
13746,1171.030249
13775,1165.339199
13776,1156.233167
13808,1148.297870
13835,1142.130283
13836,1141.013465
13838,1134.727736
13866,1118.766869
13956,1108.431978
14016,1089.604810
14046,1070.438220
14048,1065.050474
14078,1060.925694
14079,1060.724375
14106,1060.654035
14111,1050.434485
14140,1047.735862
14197,1040.748826
14229,1024.722794
14336,1003.493367
14426,989.307519
14430,897.689614
14432,873.867941
14548,856.919476
14560,856.287911
14640,793.763358
14701,751.283123
14859,750.970745
14979,741.247537
