Evaluations,Fitness
1,2708.664445
2,2455.233544
14,2437.620242
18,2343.191859
27,2109.581271
30,1891.864886
48,1747.669700
79,1742.565365
90,1731.798884
105,1608.611275
123,1580.854891
126,1523.648574
140,1505.250603
141,1360.510439
177,1358.829225
200,1222.454378
228,1143.982131
229,1130.637725
262,1039.465136
316,966.288019
345,803.242599
437,773.723766
461,726.264516
517,665.574497
523,585.162505
609,543.199193
665,501.167662
761,478.063313
791,447.309908
908,426.358532
910,390.498768
911,364.009466
970,326.138020
1031,317.681117
1181,302.896180
1183,296.314557
1241,296.249214
1243,293.383696
1252,285.097023
1253,283.977424
1363,282.216996
1364,263.882790
1372,257.482561
1412,253.902091
1432,249.697972
1572,245.539533
1600,243.820064
1638,213.284482
1671,199.539079
1676,199.442795
1735,181.732399
1740,165.352461
1832,154.601330
1923,153.001143
2008,151.416681
2011,149.865735
2038,144.716994
2052,143.396428
2142,138.739859
2144,138.141333
2168,137.257048
2171,126.391035
2191,120.752793
2249,116.780655
2264,109.512362
2284,93.122703
2357,88.807715
2410,88.784193
2412,77.075983
2499,75.044730
2531,74.389013
2647,65.211444
2769,65.142499
2798,64.927018
2827,59.354745
2829,55.207227
3008,52.043539
3126,51.988217
3128,50.802919
3159,47.048846
3221,44.453828
3248,41.418925
3339,41.411672
3343,39.510050
3456,39.412209
3488,39.338138
3517,39.096535
3521,39.069089
3522,38.894906
3523,38.220979
3577,37.839281
3613,36.433116
3701,35.738002
3732,33.048430
3829,31.986898
3939,30.980100
3941,30.136381
4009,29.784938
4063,29.509268
4081,27.267277
4234,26.711990
4235,26.262785
4294,24.316553
4387,24.111613
4417,21.523312
4501,19.488678
4735,19.321786
4738,19.024123
4795,16.941702
4916,16.700260
4946,15.674636
5035,15.272312
5087,14.684122
5096,14.601970
5124,13.131350
5215,12.684642
5217,12.551427
5366,12.337263
5398,12.296586
5426,11.575442
5544,11.511119
5547,11.428323
5574,11.283144
5609,11.220053
5627,10.460574
5689,10.215737
5776,10.011463
5809,9.741680
5839,9.496957
5840,9.050587
5870,8.945723
5900,8.918114
5964,6.882075
6112,6.664561
6115,6.623101
6202,6.130736
6262,6.090721
6297,5.637074
6317,5.375937
6510,4.741490
6710,4.707621
6712,4.205408
6802,4.100728
6948,3.892958
7035,3.692927
7071,3.417100
7184,3.301689
7235,3.148306
7358,2.940625
7453,2.836191
7456,2.789410
7512,2.703269
7592,2.698073
7607,2.656227
7627,2.655490
7630,2.639951
7679,2.619128
7695,2.567673
7773,2.566285
7788,2.538605
7831,2.413635
7949,2.340885
7971,2.227791
8000,2.223877
8088,2.138605
8117,2.094894
8235,2.065367
8256,1.987385
8319,1.940079
8382,1.866609
8510,1.719190
8616,1.670962
8737,1.664354
8827,1.635930
8854,1.630933
8895,1.625832
8903,1.623800
8931,1.621258
8974,1.598528
9039,1.559096
9069,1.521593
9210,1.428018
9314,1.424222
9541,1.422681
9567,1.419670
9572,1.397725
9613,1.389067
9623,1.383091
9624,1.320429
9858,1.269410
9947,1.258395
9977,1.254335
10157,1.253996
10217,1.252717
10277,1.225653
10279,1.225187
10428,1.221815
10454,1.203025
10603,1.198964
10664,1.196654
10665,1.193146
10666,1.191388
10693,1.189159
10721,1.183235
10752,1.181716
10753,1.175606
10754,1.171652
10843,1.171333
10902,1.169887
10903,1.155687
10995,1.152204
10997,1.148138
11054,1.143087
11074,1.141886
11088,1.140651
11136,1.120227
11164,1.118255
11226,1.105160
11408,1.102267
11436,1.100796
11528,1.095624
11588,1.095054
11707,1.093727
11736,1.093011
11794,1.091345
11823,1.078330
11944,1.072465
12066,1.071666
12126,1.071464
12127,1.067265
12151,1.060524
12272,1.058294
12274,1.056515
12304,1.055610
12417,1.050857
12658,1.045671
12716,1.043157
12747,1.042727
12750,1.037136
12778,1.035736
12807,1.034355
12863,1.024882
12899,1.024306
12985,1.022143
13021,1.016732
13079,1.012536
13198,1.007001
13318,1.003206
13342,1.000652
13344,0.992368
13381,0.987224
13464,0.969430
13582,0.907974
13704,0.884307
13851,0.874527
13885,0.758329
13945,0.748859
14063,0.741594
14093,0.719832
14241,0.710962
14273,0.706917
14365,0.701991
14391,0.696207
14421,0.691425
14515,0.690963
14541,0.682979
14543,0.674244
14545,0.663231
14575,0.659952
14632,0.655341
14633,0.653099
14634,0.648686
14635,0.638703
14663,0.638237
14694,0.637055
14695,0.633890
14724,0.623168
14784,0.621248
14845,0.609400
14901,0.609332
14905,0.606494
14906,0.602059
14941,0.575358
