Evaluations,Fitness
1,7240922.590427
2,5727308.529231
7,5248159.080663
14,4526295.118838
16,4219103.141318
32,3926472.966267
36,3879809.414672
50,3433565.095994
56,2974247.901349
84,2371470.714739
192,2369095.572255
203,1421847.451475
446,1402649.265058
534,1268680.941014
537,1206820.336579
595,1162024.591973
687,1160708.473958
712,1109112.983447
718,1067027.978264
776,1052224.201167
807,1037751.228845
808,978260.597794
864,925705.300012
925,909454.869299
957,881424.696075
985,867385.485590
1021,781426.338943
1050,752101.100731
1109,743618.365406
1171,712478.845647
1231,660578.436565
1263,581070.887155
1323,576697.818386
1413,568919.735249
1554,562060.932506
1594,517077.530013
1625,482094.961893
1743,479779.353284
1798,460037.519024
1801,446330.181438
1803,435713.754216
1833,432177.956327
1857,372003.855000
2008,362096.063243
2012,360165.878289
2014,352575.940746
2072,284108.988987
2133,272872.810275
2195,270175.186503
2247,267370.193956
2250,266505.771323
2312,258380.995577
2348,247432.163570
2489,239904.539813
2496,225665.530590
2523,207325.819899
2584,202658.614769
2673,202331.170362
2674,196805.154121
2676,184550.858479
2766,169685.373232
2854,169275.019999
2856,168522.511731
2884,167712.063603
2916,167691.171139
2974,165543.019834
2975,164234.776322
3035,163791.059895
3036,160835.196338
3064,158688.420199
3066,157685.191898
3121,150415.026739
3123,144946.994524
3124,142269.405480
3154,141759.484304
3179,141404.018531
3187,136658.761944
3246,134939.652420
3273,131802.743752
3306,127131.953430
3309,127012.051197
3333,126589.748362
3334,125814.246019
3337,117894.638622
3365,111598.219394
3394,111468.239210
3397,108163.724337
3398,101646.206773
3515,95112.478760
3637,94984.832917
3690,94332.374401
3696,93601.306213
3718,84041.426413
3782,80714.567141
3845,79819.476052
3870,77148.927717
3905,72271.001648
3926,69217.642372
3936,68411.138875
4015,64771.756888
4105,60474.326437
4138,59383.292989
4166,56388.809866
4171,54967.947662
4195,52490.103828
4228,51060.773642
4261,50429.760459
4318,47786.840012
4409,46259.974053
4435,45622.541855
4470,41824.319211
4474,39584.077008
4590,39531.961888
4626,38355.060382
4795,36483.848600
4832,36192.864789
4867,35349.435715
4913,34234.473494
5001,30707.407497
5124,26884.041035
5306,26042.800596
5370,24125.601895
5428,23705.659395
5491,23638.648657
5560,23038.238740
5612,22619.563954
5651,21491.209033
5760,20414.725685
5852,20360.619850
5881,20196.020856
5882,19816.137337
5941,19688.640335
6002,19519.222660
6016,18876.566175
6191,18477.006980
6219,17281.720131
6311,16605.500882
6372,16481.154862
6373,15488.854518
6401,14560.681336
6433,14478.569496
6461,14199.333556
6493,14099.387276
6523,13891.759572
6595,13345.184797
6685,12808.622811
6733,12797.901858
6760,12519.747960
6763,12425.771532
6789,12341.609361
6825,11926.728973
6882,11859.914942
6885,11674.603241
6934,11536.608139
6964,11535.925306
6975,11494.467651
7000,11296.114369
7061,11221.118854
7091,11185.552169
7113,11160.598051
7176,11035.523504
7261,10410.365568
7296,10229.896799
7353,9911.952966
7502,9735.541197
7590,9649.494030
7620,9637.720973
7653,9612.141821
7683,9367.985060
7744,9056.024621
7806,8978.551315
7835,8919.461516
7862,8898.269128
7979,8494.673508
8134,8457.398777
8162,8228.914944
8340,8166.078088
8425,8146.951771
8458,8105.233077
8466,7880.770007
8616,7823.205906
8679,7704.910178
8681,7392.095604
8739,7325.723585
8769,7230.161380
8859,7183.352800
8888,7180.053776
8891,7115.636947
9039,7048.113324
9040,6865.185510
9257,6775.777704
9399,6766.913348
9422,6681.643977
9598,6680.505340
9599,6677.818884
9614,6640.230670
9633,6590.285717
9643,6410.723453
9663,5957.708177
9667,5913.498808
9698,5734.673336
9728,5268.218416
9758,4946.356814
9786,4670.574917
9799,4186.301977
9824,3557.115654
9826,3389.729645
9827,3354.663653
9829,3292.796165
9854,2832.451949
9855,2744.733749
9915,2701.077162
9920,2234.523383
10066,2212.101114
10072,2189.249593
10091,1794.657395
10092,1712.261489
10126,1678.766250
10216,1603.964976
10244,1571.951353
10365,1560.531277
10392,1473.015639
10427,1338.306035
10545,1262.976206
10721,1209.295784
10725,1193.178235
10847,1184.340530
10868,1151.458435
11021,1104.904026
11051,1093.443093
11105,1069.530403
11106,1019.290993
11133,939.856958
11193,935.871715
11256,890.088284
11431,885.001431
11498,873.653955
11522,820.400837
11585,815.467893
11587,763.011104
11591,672.524536
11711,605.243954
11741,601.955851
11769,559.063978
11861,556.305121
11921,555.584235
11952,531.396045
11981,526.448504
12103,505.203047
12106,469.245190
12217,465.990616
12272,410.408561
12364,401.643272
12365,359.065306
12483,352.642607
12576,344.412642
12633,343.096780
12689,326.023311
12748,323.817252
12808,320.996393
12895,319.122216
12909,299.522665
12999,292.561498
13045,287.424063
13103,287.292177
13117,286.173782
13178,284.637717
13207,266.892561
13241,252.851517
13242,241.115360
13391,230.208960
13481,227.181696
13509,217.466515
13588,217.030184
13597,209.636826
13598,208.782899
13631,208.043992
13721,207.457890
13777,199.828495
13805,198.123876
13807,193.335856
13894,185.944726
13895,177.020140
13985,176.010518
14106,175.716401
14107,171.171066
14113,164.118348
14167,160.598461
14177,152.424238
14263,138.417052
14505,133.508659
14565,130.190257
14658,129.737293
14660,127.016677
14665,113.758477
14666,112.982219
14725,110.952026
14758,109.672153
14785,106.397709
14934,100.861214
14960,94.901836
14995,89.593591
