Evaluations,Fitness
1,6.568268
2,4.847014
6,2.174519
11,0.678685
143,0.635662
166,0.446259
286,0.444991
312,0.432243
329,0.424357
353,0.399026
742,0.398826
777,0.398371
884,0.398291
899,0.398110
959,0.398078
1034,0.397962
1049,0.397915
1060,0.397909
1108,0.397897
1166,0.397893
1439,0.397891
1589,0.397891
1672,0.397887
2066,0.397887
2216,0.397887
2256,0.397887
2408,0.397887
2426,0.397887
2485,0.397887
2620,0.397887
2708,0.397887
2770,0.397887
2938,0.397887
3040,0.397887
3042,0.397887
3068,0.397887
3086,0.397887
3988,0.397887
4018,0.397887
4138,0.397887
4139,0.397887
4168,0.397887
4200,0.397887
