Evaluations,Fitness
1,2676.829147
2,2673.110839
3,2669.870791
6,2511.277456
10,2305.375254
22,2142.194380
45,1720.310894
51,1674.354946
95,1502.696253
96,1267.410171
229,1189.968801
288,1130.928267
316,867.462064
438,863.925780
497,780.801540
554,775.843114
582,719.063276
639,718.076258
681,699.782674
692,666.586369
720,606.065494
755,583.761565
784,511.059601
848,499.794778
903,486.446468
962,479.409411
995,462.119221
996,443.686811
1056,435.942916
1086,426.620061
1174,354.716334
1266,343.481381
1353,341.383725
1413,338.529136
1437,320.891907
1536,317.368487
1537,312.179759
1558,305.207320
1563,268.884291
1626,237.870634
1719,220.099870
1868,214.069862
1931,198.148474
2017,194.574625
2018,191.382132
2049,188.696312
2112,185.381707
2126,177.505690
2250,165.698054
2290,163.181727
2340,159.657897
2381,159.641764
2435,153.737580
2479,152.686200
2480,151.061490
2519,147.594217
2529,144.821360
2560,135.999715
2647,134.377268
2654,132.186355
2712,129.825775
2763,125.915598
2858,118.001330
2918,116.538507
2947,114.335607
2977,113.863103
2985,113.202236
3005,103.549351
3007,96.815728
3090,83.874723
3194,77.967921
3300,69.084397
3451,68.664447
3477,68.326137
3478,68.136284
3511,67.903240
3539,64.572956
3541,63.524757
3567,62.914653
3629,60.507529
3723,60.084327
3783,58.591774
3839,55.525458
3959,55.069210
3961,50.147244
4079,48.984181
4082,48.682451
4112,48.085584
4172,46.259096
4230,44.681050
4305,44.569622
4320,43.767550
4352,43.087512
4382,42.625287
4413,40.803483
4441,40.239694
4533,39.838075
4561,39.770786
4563,39.324302
4595,38.985136
4623,38.933442
4683,38.701255
4685,38.025959
4729,36.351128
4790,33.302062
4967,32.890288
5100,32.422670
5102,30.206942
5103,29.839040
5189,29.100204
5192,28.514086
5344,28.482376
5370,27.822397
5374,27.438831
5401,27.325413
5428,26.659058
5492,26.584148
5518,26.258692
5551,26.252404
5583,26.110159
5613,25.852667
5635,24.706202
5688,24.392032
5705,24.356752
5716,24.231478
5738,23.908652
5754,23.017436
5828,22.708934
5830,21.611910
5888,21.404613
5928,21.046082
5988,20.641054
5993,19.672441
5995,16.638376
6236,16.079870
6306,14.179240
6307,13.903981
6368,13.255060
6456,13.035280
6486,12.819474
6500,12.554641
6579,12.067586
6637,11.398866
6640,11.216894
6669,11.191575
6670,11.156537
6700,10.940761
6787,10.830213
6790,10.828274
6827,10.451760
6832,9.860463
6891,8.957976
6924,8.850403
6982,8.764966
7041,8.764464
7104,8.071758
7193,7.641176
7255,7.429977
7343,7.230301
7392,7.177599
7398,7.043741
7404,6.560222
7408,5.897409
7523,5.810971
7614,5.699605
7617,5.283562
7735,5.050361
7794,4.562884
8010,4.436600
8044,4.380290
8045,4.337240
8197,4.297509
8227,4.262044
8254,4.198994
8277,4.185724
8320,4.160156
8351,3.894053
8377,3.885876
8412,3.795969
8417,3.559431
8420,3.442178
8423,3.327905
8453,3.209452
8456,2.986379
8663,2.937341
8668,2.835452
8875,2.813949
8895,2.784530
8967,2.780508
8969,2.698357
9016,2.637709
9182,2.604706
9210,2.599263
9226,2.576034
9233,2.561112
9264,2.547731
9292,2.534303
9321,2.519164
9323,2.507716
9353,2.503320
9384,2.478080
9412,2.431910
9413,2.391280
9472,2.378269
9501,2.365971
9545,2.347484
9771,2.340792
9780,2.338323
9786,2.257925
9801,2.231287
9861,2.217788
9924,2.167309
10011,2.133580
10085,2.128564
10147,2.125884
10175,2.115771
10201,2.000813
10292,1.981418
10350,1.939616
10360,1.903834
10451,1.837093
10538,1.817115
10542,1.813295
10641,1.791790
10673,1.773403
10731,1.740813
10821,1.685968
10939,1.679241
10953,1.672134
10969,1.591094
11031,1.571154
11059,1.566386
11089,1.541197
11125,1.523553
11213,1.505557
11241,1.504731
11390,1.502723
11391,1.496416
11397,1.478534
11455,1.434474
11665,1.415169
11699,1.400072
11758,1.388515
11759,1.376835
11818,1.368592
11876,1.367298
11877,1.366282
11879,1.361030
11931,1.351287
11967,1.342388
11995,1.323322
12055,1.317623
12080,1.316173
12299,1.300536
12322,1.300123
12330,1.299311
12407,1.298768
12414,1.298109
12509,1.295367
12568,1.294386
12586,1.288532
12587,1.272162
12648,1.271541
12807,1.264545
12809,1.221195
12870,1.199074
12874,1.188047
12894,1.186078
12932,1.175023
12950,1.161401
12961,1.140686
12993,1.138910
13021,1.119918
13142,1.117040
13144,1.115398
13172,1.111984
13202,1.109793
13289,1.109622
13381,1.104701
13401,1.100464
13411,1.099421
13429,1.097988
13458,1.096467
13491,1.094705
13495,1.090798
13497,1.085576
13498,1.076568
13732,1.072856
13767,1.072430
13796,1.067492
13973,1.066765
14008,1.064403
14062,1.061133
14104,1.059989
14192,1.058635
14221,1.056077
14310,1.053210
14344,1.050926
14406,1.048647
14436,1.047687
14495,1.046117
14556,1.045996
14613,1.041100
14673,1.040260
14749,1.038652
14754,1.036572
14764,1.028585
14779,1.019075
14968,1.019027
14987,1.017301
14989,1.012216
14991,1.009661
