Evaluations,Fitness
1,1463.93
2,1367.59
10,1353.54
16,1278.5
26,1274.64
43,1256.96
44,1204.61
91,1071.31
107,1065.37
110,997.982
170,969.176
267,961.303
324,928.416
386,912.684
447,817.359
625,806.684
825,779.607
949,772.132
1010,748.82
1072,736.146
1132,725.991
1252,702.884
1480,696.505
1581,682.826
1670,650.185
1816,647.643
1881,640.879
2179,636.346
2239,610.22
2511,593.085
2573,586.642
2656,580.041
2685,536.132
2956,515.266
3285,511.498
3376,503.115
3405,492.198
3524,490.289
3556,489.524
3614,488.913
3734,485.043
3793,482.7
3824,482.384
3826,480.686
3827,478.581
3852,471.657
3854,466.74
4003,466.224
4006,465.105
4034,462.953
4098,453.261
4217,449.266
4247,444.688
4366,440.746
4454,437.619
4515,433.95
4545,431.535
4575,430.761
4665,429.152
4695,427.225
4756,425.553
4757,424.956
4906,424.683
4938,424.099
5027,421.536
5088,420.507
5118,420.174
5205,419.367
5208,419.254
5237,418.448
5298,417.178
5386,416.751
5387,416.53
5388,416.5
5415,416.315
5416,416.22
5417,414.391
5445,413.564
5447,412.738
5475,412.661
5478,412.525
5505,411.653
5536,410.34
5538,409.165
5566,408.755
5568,408.238
5625,406.593
5656,406.073
5715,405.498
5747,405.482
5775,404.512
5777,404.479
5802,403.698
5806,403.694
5807,403.171
5835,402.417
5863,400.024
5895,399.53
5897,396.218
5955,395.173
5958,393.929
5985,393.253
5988,392.208
6013,390.826
6014,390.78
6042,390.124
6044,388.356
6046,388.241
6076,386.216
6197,385.079
6198,384.736
6223,382.7
6225,381.288
6253,380.365
6258,379.886
6282,376.53
6284,375.721
6312,375.62
6313,372.759
6373,371.285
6402,365.9
6432,365.799
6434,364.772
6435,359.955
6463,359.622
6523,358.375
6557,356.116
6583,355.892
6615,355.889
6618,355.419
6646,351.646
6705,351.59
6736,350.643
6792,349.428
6824,348.446
6883,347.607
6884,347.1
6917,346.784
7007,346.121
7096,345.288
7184,344.772
7212,344.547
7365,342.908
7366,342.033
7394,341.445
7395,341.281
7423,340.546
7425,340.11
7456,340.11
7483,339.485
7513,336.131
7517,334.891
7546,334.331
7547,332.113
7606,332.06
7636,331.818
7695,331.122
7754,330.704
7758,330.433
7786,329.503
7818,329.017
7904,328.097
7905,327.93
7934,327.434
7966,327.267
8025,327.048
8114,326.575
8118,326.418
8177,325.78
8387,325.505
8415,325.289
8418,325.123
8444,324.774
8445,324.68
8504,324.486
8505,324.349
8562,324.238
8566,323.862
8626,323.821
8628,323.734
8652,323.716
8687,323.632
8717,323.538
8742,323.533
8747,323.497
8804,323.36
8805,323.017
8807,322.81
8836,322.746
8838,322.478
8868,322.457
8927,322.327
9072,322.091
9132,321.99
9135,321.788
9223,321.706
9252,321.512
9313,321.166
9402,321.101
9403,321.051
9433,320.934
9462,320.865
9495,320.658
9526,320.619
9584,320.614
9585,320.378
9615,320.362
9705,320.261
9735,320.257
9737,319.867
9767,319.601
9823,319.516
9825,319.356
9853,318.927
9855,318.861
9883,318.597
9885,318.465
9913,318.378
9914,317.763
9915,317.714
9916,317.24
9944,316.986
9946,316.779
9947,316.497
9974,315.845
10033,315.532
10064,315.385
10065,313.975
10094,313.872
10122,313.782
10124,313.437
10158,313.238
10185,312.981
10186,312.873
10214,312.753
10245,312.612
10272,312.305
10302,312.028
10362,311.964
10392,311.933
10484,311.886
10512,311.86
10601,311.825
10631,311.764
10633,311.71
10634,311.575
10664,311.492
10752,311.491
10754,311.433
10782,311.257
10811,311.205
10812,311.01
10841,310.793
10844,310.715
10873,310.591
10874,310.439
10903,310.353
10933,310.288
10961,310.1
10991,309.973
10994,309.862
10996,309.81
11024,309.581
11025,309.573
11054,309.481
11082,309.257
11115,308.949
11117,308.899
11171,308.798
11175,308.536
11203,307.997
11205,307.937
11233,307.654
11294,307.595
11298,307.561
11355,307.555
11382,307.505
11412,306.968
11442,306.403
11445,306.302
11474,306.056
11475,305.323
11505,305.309
11506,305.082
11564,304.478
11594,304.122
11652,303.544
11653,303.182
11654,302.959
11713,302.848
11745,302.807
11805,302.688
11866,302.605
11896,302.603
11923,302.495
11925,302.201
11986,302.14
12047,302.134
12108,302.127
12136,302.121
12137,302.106
12165,301.992
12167,301.853
12314,301.764
12315,301.701
12318,301.64
12344,301.564
12377,301.489
12407,301.475
12464,301.386
12466,301.32
12528,301.317
12582,301.313
12588,301.279
12647,301.269
12663,300.967
12693,300.787
12695,300.544
12697,299.998
12726,299.219
12754,297.425
12756,296.061
12786,296.001
12787,295.844
12842,295.562
12843,295.534
12872,292.964
12878,292.764
12903,292.323
12933,291.682
12967,290.679
12968,290.251
12997,290.064
13053,288.054
13055,287.753
13058,287.609
13143,286.767
13176,285.668
13294,285.58
13297,285.572
13326,285.323
13327,285.071
13352,284.782
13385,284.252
13507,284.107
13537,283.895
13564,283.836
13597,283.206
13654,283.03
13773,283.01
13778,282.612
13802,282.538
13804,282.489
13834,282.409
13866,282.248
13867,282.08
13896,281.743
13927,281.639
13952,280.982
13957,280.305
14017,280.155
14048,280.072
14137,280.045
14225,279.996
14255,279.852
14347,279.691
14375,279.584
14406,279.445
14435,279.43
14465,279.399
14469,278.903
14499,278.786
14587,278.75
14618,278.628
14679,278.516
14736,278.488
14764,278.323
14766,278.29
14795,278.154
14796,278.074
14797,278.07
14826,277.783
14886,277.517
14914,277.461
14916,277.302
14944,277.217
14946,277.078
14974,277.048
