Evaluations,Fitness
1,210262.369408
2,184031.068511
5,180016.697049
9,166631.986055
14,155042.522233
33,136282.470581
55,132358.860539
61,103183.563516
89,79140.221787
98,70651.603442
177,67280.652749
235,63073.586757
236,62390.042885
325,61331.519071
549,60935.658734
604,58182.890872
656,57317.147897
664,55071.766785
692,54862.973613
693,54752.210813
714,47857.260427
806,47206.396291
833,45347.842420
898,44984.937937
970,44724.364864
983,44117.710632
989,43845.488496
1005,41590.379212
1039,40583.568565
1041,38544.155634
1043,37978.317315
1044,33699.447939
1069,33197.331625
1105,32678.798062
1135,32199.169226
1159,27789.254770
1342,27601.748065
1368,27497.564780
1428,26624.860498
1485,25994.699445
1554,25402.753824
1575,24047.929755
1643,23562.002807
1749,22791.598957
1754,20916.446511
1760,18999.980990
1788,18571.672959
1906,17917.650818
2024,17034.440451
2025,16987.744792
2036,16954.030338
2114,16486.836058
2237,14866.867466
2330,14691.675598
2385,14637.469174
2411,13402.109066
2420,13210.869494
2440,10378.579743
2562,10334.551535
2589,10286.043628
2603,9912.616291
2633,9878.529059
2680,9796.369289
2758,9164.792078
2814,9031.166053
2820,8399.432158
2881,8111.448684
2911,7665.400645
2968,7479.745821
3120,6687.663525
3126,6437.853694
3185,6133.952116
3245,5893.053021
3303,5599.298476
3362,4748.274036
3451,4728.052142
3453,4594.284075
3508,4471.958857
3517,4430.389337
3600,3706.246974
3965,3424.458418
3994,3372.241759
4136,3279.806539
4178,3252.066766
4189,3237.435154
4255,3236.829425
4256,3112.147546
4258,3031.351929
4262,2848.422408
4295,2023.267600
4475,1847.353409
4627,1807.320752
4629,1667.119036
4720,1589.511108
4750,1582.572278
4840,1560.175973
4898,1440.407042
5017,1436.876935
5023,1429.278023
5047,1423.227833
5049,1370.383097
5079,1332.820173
5171,1308.846760
5285,1297.539471
5289,1294.507952
5317,1257.749757
5319,1237.936618
5349,1206.570714
5439,1200.173143
5440,1198.335770
5447,1143.636044
5519,1078.864701
5611,1033.554637
5702,1013.382150
5731,991.734019
5784,943.491923
5844,889.140059
5922,871.728701
6024,835.056810
6097,814.472849
6125,778.154227
6192,728.792535
6220,633.920659
6445,554.451579
6536,530.224496
6548,529.256857
6549,504.000774
6731,497.381084
6760,496.600168
6784,492.256111
6791,491.554055
6845,487.606548
6864,484.961409
6877,482.602831
6882,473.601258
6914,415.736278
6974,410.434996
7087,392.316893
7091,390.566705
7092,373.289112
7183,368.260241
7209,358.400618
7297,354.780641
7299,335.910257
7300,322.786364
7329,315.431368
7390,307.580141
7450,304.653631
7479,288.751633
7712,258.423695
7798,254.892762
7856,248.990055
7861,245.162617
7886,228.745187
7975,227.252861
7987,221.062825
8085,210.945032
8108,202.387641
8170,196.939451
8248,191.119091
8293,173.125835
8386,166.548591
8401,150.051177
8697,141.709502
8699,140.635430
8788,125.052065
8850,118.140481
8906,115.282702
8944,108.606286
8945,78.596543
9188,78.217697
9218,71.850362
9225,71.200259
9245,70.259361
9393,66.128723
9427,65.871197
9513,64.821560
9543,63.598120
9551,60.226505
9625,58.698516
9644,57.434339
9659,56.422110
9688,50.731921
9753,50.139128
9776,49.829236
9777,47.579560
9778,45.145824
9896,44.153207
9926,44.044589
10007,42.962495
10035,39.846051
10123,39.559555
10176,38.091563
10210,37.869678
10324,37.091518
10330,32.832698
10381,31.372961
10428,30.936871
10456,30.740250
10457,29.480117
10530,28.972850
10616,28.555560
10618,26.998072
10620,24.938198
10678,23.673368
10769,23.155712
10861,23.118936
10916,22.876957
10949,22.351887
10984,21.853576
10987,19.938040
11122,19.804273
11226,19.406367
11231,18.308526
11233,17.246744
11321,17.169366
11350,16.829573
11378,15.995094
11406,15.897937
11440,15.826621
11501,14.824160
11588,14.530999
11651,13.483238
11738,12.900691
11771,12.845006
11834,11.583145
11952,11.329425
12045,10.519428
12183,10.451771
12188,10.227436
12216,10.143879
12273,9.493189
12278,9.487234
12306,9.159051
12315,9.108869
12318,8.581950
12348,8.559244
12406,7.432619
12585,7.345138
12586,6.343982
12588,6.039677
12646,5.857095
12766,5.762375
12767,5.633133
12856,5.594627
12889,5.416218
12951,5.371348
12973,5.247331
12977,4.929677
13000,4.529003
13154,4.517836
13155,4.438496
13188,4.311632
13275,4.256049
13276,4.247842
13278,4.125881
13305,3.844435
13335,3.804638
13398,3.798314
13399,3.584003
13569,3.553398
13629,3.356769
13658,3.138538
13719,2.948143
13896,2.911088
13905,2.829877
14023,2.802328
14029,2.781385
14044,2.655537
14116,2.635984
14122,2.514698
14123,2.509252
14148,2.485618
14205,2.367011
14299,2.275073
14440,2.260445
14450,2.231118
14529,2.126132
14557,2.106869
14566,2.089785
14594,2.086230
14657,1.946317
14721,1.867615
14780,1.846488
14856,1.822245
14857,1.796706
14948,1.791478
14966,1.791091
14968,1.772109
