Evaluations,Fitness
1,1076.018546
2,628.979360
5,82.875514
35,38.645616
42,31.685795
71,17.789570
173,4.189866
177,3.599359
189,3.555257
274,3.421082
300,3.358430
334,3.163955
574,3.155520
583,3.112074
587,3.077516
617,3.040603
664,3.024793
708,3.024682
737,3.001057
1097,3.000692
1187,3.000397
1278,3.000191
1367,3.000078
1458,3.000068
1516,3.000032
1542,3.000016
1577,3.000015
1578,3.000013
1602,3.000002
1752,3.000001
1878,3.000000
2082,3.000000
2105,3.000000
2142,3.000000
2620,3.000000
3102,3.000000
3160,3.000000
3190,3.000000
3220,3.000000
3702,3.000000
3854,3.000000
4150,3.000000
4574,3.000000
5922,3.000000
7464,3.000000
9847,3.000000
