Evaluations,Fitness
1,13.4598
4,-0.806629
110,-0.970929
221,-1.0127
280,-1.01873
381,-1.0283
615,-1.02944
675,-1.0296
705,-1.03119
976,-1.03127
1006,-1.03154
1096,-1.03161
1281,-1.03163
1612,-1.03163
1792,-1.03163
1852,-1.03163
2032,-1.03163
2356,-1.03163
2421,-1.03163
2481,-1.03163
2504,-1.03163
2511,-1.03163
3297,-1.03163
3505,-1.03163
3590,-1.03163
3651,-1.03163
3652,-1.03163
3819,-1.03163
3880,-1.03163
3891,-1.03163
3959,-1.03163
4079,-1.03163
4222,-1.03163
4252,-1.03163
4405,-1.03163
4720,-1.03163
4829,-1.03163
4859,-1.03163
4886,-1.03163
4990,-1.03163
5000,-1.03163
5054,-1.03163
5477,-1.03163
6547,-1.03163
