Evaluations,Fitness
1,8379051.557627
4,8228909.908433
6,7340143.646569
12,6996599.477419
15,5555533.287322
39,5228183.167178
50,4940197.385138
53,4189981.814325
108,4048351.353247
110,3923038.455024
167,3656929.169803
191,3271188.876605
199,2574114.615229
299,2560229.021693
352,2537806.241885
380,2273501.558348
416,2259573.716351
494,2067246.419914
495,1826666.655563
496,1777217.659940
585,1744689.617848
656,1485763.661383
780,1358260.261865
904,1186171.243974
1029,1166610.284370
1052,1156116.349899
1120,1153694.278852
1149,1114446.764771
1182,987156.040884
1210,977968.161547
1233,972085.583408
1261,927499.895411
1376,910434.773880
1413,901424.068508
1504,894626.760929
1526,894220.360185
1541,871091.115613
1543,864430.991820
1545,737740.738736
1603,719559.453684
1658,716955.095426
1663,710544.410624
1694,657225.686211
1783,641272.140657
1785,596251.849661
1786,587956.628649
1844,538457.099655
1995,523826.351570
2023,518163.297480
2055,482790.045408
2115,476850.568147
2176,468261.267715
2206,467173.258503
2262,466389.229187
2277,455152.796369
2290,443230.116803
2296,440603.673617
2381,368274.788876
2441,357578.134923
2532,343465.114238
2654,316346.706066
2745,276221.779561
2835,265136.820946
2883,254457.338372
2997,246188.473704
3001,219870.042707
3031,211765.287352
3212,207130.601362
3300,203035.732920
3364,202100.101384
3393,199422.812331
3434,187145.699984
3463,168513.271127
3632,166480.750792
3645,162249.221413
3705,160229.878015
3732,146193.966211
3911,145041.689314
3941,144596.259333
3944,144034.534945
3969,141631.520349
3973,140838.925955
3996,137451.885985
3997,136138.640180
4024,126898.553911
4086,110589.526621
4114,103960.846874
4237,87816.485122
4354,72327.643275
4445,72103.270727
4505,71447.244309
4596,71446.447551
4625,69119.443576
4686,68725.950010
4716,68499.766876
4779,68369.980753
4831,64464.196272
4863,62543.616102
4904,55446.146326
4992,52549.861912
5022,50327.902884
5073,49811.662417
5140,40459.979139
5258,35696.677832
5417,35288.138952
5591,35002.536193
5647,34904.852879
5688,33708.253647
5710,33151.359590
5776,32634.494064
5855,31388.413975
5857,29535.580360
5887,28843.397253
5977,28812.523217
6007,27426.953965
6111,26663.176273
6215,26371.702921
6216,25699.540171
6233,23929.154989
6322,21723.637059
6505,21395.108380
6569,20263.102621
6648,20119.532223
6650,19988.897613
6684,19678.674741
6759,18706.192923
6850,18628.868110
6873,17192.230466
6874,16391.773584
6900,15034.442040
7082,14263.899491
7261,14053.932597
7338,13203.936453
7398,13098.397933
7441,12805.254575
7460,12780.006056
7473,12309.502221
7540,12296.898883
7542,12246.489402
7591,11994.491121
7618,11906.421363
7630,11674.654593
7677,11441.578675
7683,11340.273628
7738,11219.245115
7747,11208.447918
7750,10729.094248
7768,10422.951903
7798,10228.011416
7800,10212.190038
7833,10032.283415
7859,10027.969569
7860,10013.562275
7949,9550.277719
7951,9548.177091
8037,9354.808050
8041,9276.015066
8098,9221.832640
8128,9199.662613
8210,9178.456283
8218,9058.065165
8291,9026.274008
8298,8534.802929
8301,8139.079961
8360,8068.507158
8389,6783.516056
8481,6689.054011
8652,6364.936785
8670,6159.025217
8729,5983.834625
8761,5779.788254
8798,5644.845239
8894,5173.023458
8929,5150.270714
8953,4960.403378
8984,4754.847640
9013,4703.585463
9103,4425.733560
9193,4275.696172
9194,4173.073930
9314,4031.960162
9350,3712.772239
9388,3316.317521
9508,2885.027642
9620,2580.683349
9658,2580.402354
9711,2473.411072
9742,2470.995882
9771,2401.806208
9864,2365.318956
9898,2230.814665
9949,2221.330781
9952,2120.371268
9962,2082.292242
9963,1819.424247
10220,1772.486601
10221,1695.406979
10313,1606.780372
10523,1519.960453
10527,1418.800886
10589,1391.826231
10619,1318.708544
10643,1256.072675
10703,1185.743473
10705,1160.278022
10794,1143.131042
10853,1092.219380
10860,1059.812742
10888,1058.484010
10889,1057.770277
10918,1018.045098
10922,1000.291810
10951,997.156516
10952,991.420266
11039,831.802662
11129,724.363976
11278,706.509852
11308,667.540477
11310,579.367946
11370,576.263158
11398,574.675428
11427,573.495450
11461,565.208553
11490,554.000694
11518,538.668272
11547,518.112205
11578,511.344457
11580,493.062545
11669,470.392707
11730,467.599251
11816,442.894840
11871,429.318350
11982,407.760902
12031,375.357800
12092,367.738012
12120,362.282771
12170,359.644529
12177,346.045425
12206,278.071213
12235,275.235407
12325,266.999259
12386,248.495455
12388,244.304550
12481,239.032392
12507,238.657957
12565,236.058058
12573,222.867620
12596,222.683384
12655,222.263448
12662,215.690091
12740,205.919533
12776,204.942126
12779,203.773583
12804,191.020754
12812,179.580168
12838,176.329854
12866,174.465171
12896,165.762775
12987,164.720504
13015,164.540309
13017,163.301295
13048,162.752704
13084,154.593086
13112,142.782516
13230,137.986094
13260,129.277205
13321,122.477158
13439,121.641988
13445,120.463340
13467,120.194733
13473,115.332398
13563,107.544101
13589,99.281144
13629,93.937294
13858,92.547481
13886,88.587017
14008,86.699171
14022,80.610415
14024,78.981631
14114,72.371093
14289,70.297091
14370,65.503061
14427,64.355112
14432,55.873122
14558,54.333290
14650,49.755335
14801,45.532794
14981,44.328264
