Evaluations,Fitness
1,10446285.500899
2,7118733.954482
18,6645254.061309
20,6560451.168769
39,6338189.875047
47,5325958.879230
50,5202736.153962
62,5024298.961228
90,4958452.543885
91,4235933.127842
118,3589930.409496
119,3281292.288401
206,3162590.047235
297,3157085.691557
327,2959229.775212
387,2770829.213660
413,2555551.351227
564,2511726.696115
567,2436033.928899
600,2312881.008709
629,2188407.972622
719,1835499.596008
753,1764027.310332
803,1545447.880061
826,1544471.157367
863,1444060.173840
864,1404692.307703
891,1401137.108155
965,1371515.115344
984,1244770.236293
1079,1108601.300261
1106,1025824.682304
1136,990201.810477
1232,936779.509128
1260,917569.595818
1289,825455.205125
1317,778682.518257
1320,767486.872310
1345,729525.176081
1374,705517.491813
1466,566579.090513
1613,547591.304323
1647,536260.866638
1736,528043.374388
1737,483119.326244
1763,459098.657306
1829,432808.028090
1833,425137.638146
1857,413925.232076
1905,407378.560105
1948,391735.121401
1977,365718.225823
1995,291490.997795
2223,285805.847370
2248,282284.309434
2250,281141.169320
2256,268443.887520
2275,266133.674713
2293,237439.003512
2438,214764.717958
2526,194114.894197
2648,194054.103639
2708,190853.567677
2722,155247.640488
2812,148387.516878
2844,142735.862359
2964,142115.119070
3015,136860.121359
3111,134324.749649
3115,134244.800228
3194,132626.880035
3221,127684.292203
3235,117851.881108
3278,117413.234706
3293,112232.407542
3410,111264.605682
3411,110333.756620
3412,109720.346767
3414,102923.985938
3503,100796.511840
3525,98393.396934
3545,93351.746709
3588,92745.669791
3606,90315.459263
3709,89511.158447
3711,87857.795981
3712,82413.952089
3713,82181.014507
3775,80963.377115
3776,78145.041173
3827,74452.633452
3868,71222.233440
3922,67616.719294
3955,64513.724078
3988,63315.367188
3989,55425.258616
4075,51674.947068
4197,48979.184918
4198,43548.974006
4390,42827.473035
4436,42479.849541
4495,42138.502850
4571,41550.213539
4600,39576.100567
4601,38919.596276
4660,37705.704541
4724,34307.928812
4841,29841.209096
4842,28904.183377
4872,27338.995686
4931,26973.996932
4961,26292.260845
5051,25994.309294
5109,25661.355083
5193,25620.618448
5202,25341.576021
5229,24796.743611
5231,23313.670917
5233,23299.992267
5284,21904.251071
5374,19438.749914
5559,18904.408615
5561,18209.299058
5638,17962.179923
5714,17896.624768
5726,16823.253080
5817,16545.682079
5820,16167.010280
5882,15485.839600
6029,12917.274573
6236,12454.802766
6350,11928.377434
6385,11302.564909
6406,11216.746848
6434,10546.064473
6448,10485.835781
6530,9800.852938
6624,9663.095097
6640,9361.473842
6642,9056.557870
6771,8718.286648
6817,8330.255659
6862,7917.080637
7105,7748.552055
7145,7052.619013
7147,6654.258037
7214,6016.102742
7285,5931.439955
7298,5895.802984
7306,5796.942206
7389,5604.356942
7409,5175.186583
7412,5060.050389
7501,4756.629075
7615,4619.532056
7664,4600.884361
7711,3829.057748
7833,3734.418457
7923,3551.003124
8044,3463.281312
8079,3201.754915
8171,3051.901548
8227,3035.381696
8261,2690.812592
8372,2507.933419
8377,2483.424949
8564,2333.225191
8570,1675.308460
8766,1630.292427
8786,1629.507719
8809,1562.536381
8847,1508.686841
8858,1311.698671
8939,1237.206978
9059,964.300591
9089,962.706079
9388,895.262170
9600,885.494162
9631,837.538094
9718,836.159340
9733,793.014345
9807,765.626720
9846,758.024705
9928,757.756196
9929,700.197493
9934,675.921628
10043,627.615435
10076,615.283339
10102,610.670118
10168,606.102413
10173,592.231556
10253,572.326060
10261,560.541011
10289,525.457375
10305,481.882576
10377,419.451053
10501,393.520733
10535,382.917821
10536,382.677157
10595,350.930149
10685,329.424711
10714,313.755909
10746,311.969300
10774,284.727329
10805,275.544905
10866,274.238731
10896,272.903187
11016,269.026367
11106,268.187246
11282,259.987551
11374,259.633239
11375,255.985652
11377,249.592916
11405,248.343529
11414,225.320552
11437,223.837732
11467,209.714540
11528,200.909505
11614,199.283166
11615,189.060084
11645,188.302423
11646,187.806647
11668,183.689015
11735,172.599152
11766,169.264343
11795,166.428425
11826,165.393612
11883,161.243377
11884,155.398969
11885,152.178859
11915,149.979524
11945,148.406882
11946,146.563053
12005,146.502040
12006,142.397999
12034,142.072400
12036,136.631431
12096,133.792751
12126,132.676430
12155,131.711082
12185,131.545913
12188,131.460899
12216,129.791837
12217,126.707974
12218,125.647971
12246,124.619027
12277,124.527479
12327,113.790184
12367,113.478957
12396,112.479834
12397,111.255379
12476,103.295762
12567,99.336494
12634,99.086051
12635,95.419905
12638,94.644225
12639,91.465660
12671,88.383409
12695,81.925240
12761,80.917175
12787,80.531717
12789,77.686301
12817,76.765918
12818,65.815212
12851,64.512763
13027,64.238895
13057,63.175804
13089,62.169011
13096,61.268713
13150,58.898983
13210,58.759188
13218,55.910816
13428,51.023716
13430,50.666589
13518,47.349973
13673,45.544501
13761,44.664991
13789,43.462072
13809,39.923906
13872,39.676129
13901,39.652500
13929,39.317707
13961,38.779649
13989,37.618044
13991,34.990651
14171,34.958621
14218,34.737982
14223,34.240440
14261,34.134331
14306,33.117505
14315,32.730046
14319,31.908461
14324,31.852633
14351,31.485948
14374,31.124765
14375,29.744823
14409,29.045302
14500,27.565084
14581,26.907666
14671,25.499987
14672,25.336323
14732,25.312339
14758,24.964306
14760,24.913824
14764,23.532201
14914,22.904189
