3.222032816360217
3.2335766074014427
3.3186557688319316
3.1958309886948766
3.261301691051483
3.150899755145494
3.1621033352775774
3.0112533868290634
3.0890490490637967
3.0044709512881296
3.000986778993998
3.4011153009156967
3.008110062922135
3.051537685836059
3.022687450716627
3.3869396642112966
3.1432706194178177
3.1556974203254637
3.2298393025586516
3.3384967925095728
3.0696713704260907
3.008888888357986
3.0752414583279677
3.018595298666384
3.0519898201556335
3.0989468633932957
3.1084793064259792
3.0569739532412203
3.119838345346662
3.011074770179558
3.5467609566632237
3.0369232399311223
3.326329257107611
3.0717553309364907
3.0165816900504847
3.1862738321259094
3.0977019497190192
3.5229055554301603
3.07434008905218
3.1348701975351974
3.096131869805592
3.10925269776554
3.047693755912364
3.0119470829262944
3.1157008494191523
3.114739794528093
3.0351240037530323
3.2168604569528307
3.116725076949866
3.014622899794354
3.001536363033483
3.0041144585189428
3.083468153562185
3.1367449103433462
3.0078668456123063
3.144453750203147
3.0169395940864354
3.1048332681305317
3.008873834539275
3.14613836027772
3.1047671928449834
3.1518491124774854
3.0432195308980456
3.0202151395321457
3.000839290351401
3.0018350663999946
3.0438857251302855
3.0162694700758172
3.0178146983425362
3.1089757188873683
3.0454860861923936
3.29985514819305
3.086047136922568
3.4564109731714368
3.048806755706956
3.0302405128391765
3.3554586682580094
3.099264283663649
3.2136599057075643
3.0433275570099743
3.02199178512832
3.0281815717323157
3.130263576968671
3.13118018206669
3.2927303611738203
3.0833066256842416
3.0492279878373028
3.086933233751996
3.1463325746609287
3.01761604812759
3.0076826056299915
3.2254696440881716
3.036558356440435
3.060738444800827
3.0722495797125937
3.0490276351299084
3.0199687724799142
3.007732176340414
3.019034320607436
3.0805259284056707