46917.04929515747
53862.35538937451
49753.82157438133
47485.03835967104
43591.48354067019
53826.958212777135
41782.153547322916
52559.74201884644
41980.059183545985
40870.06424706157
53142.50035869205
45429.29665264349
43288.23540436853
37748.55902854817
43192.071048660204
44306.19787095817
56515.68367290786
47175.56545994376
48825.08245557166
36152.454865173204
33319.34035706544
44910.98677734151
60932.56404283433
49945.05805046027
45031.719177023544
44001.96503495578
43274.675583685734
43153.79495163161
49160.576182267476
41447.30514099212
45863.11565341075
54394.85705520886
49396.074910066076
52677.17935664076
42186.67837857515
46428.705020882815
53480.43035437858
53118.55442910973
46176.96285315134
42692.484753858305
54549.5306120511
45581.49103677441
53479.59160185201
59825.2165122472
51846.38437456032
45349.406164704254
46158.58936980101
41111.969619177835
57234.24268853213
43236.80358221985
43095.76165041525
39101.59260839138
54750.748763426156
37708.69107061344
50502.24394211961
45963.38572255329
43068.69159969704
52601.30123072346
36261.740296351534
36673.2889163988
59360.8802306892
46653.985265358795
44021.59478460271
54810.43093115084
50524.55344364491
45082.31563817354
43053.734455061836
53999.83700561735
49071.43381970555
47923.58417325952
58212.98726814659
45986.03165704832
48896.80328395692
55995.66613433286
63843.69763963444
53403.30421809303
29763.963297690163
46735.09104350468
52799.208323198916
61842.69824605575
55026.218446659565
54221.95477933905
48879.93867824258
50114.56669786329
46559.97483056706
47843.42172943641
47538.66370246269
57563.59718207465
45698.00633604805
53946.90234901939
41414.01825385767
52953.19235663698
52048.26007134442
46355.884092912725
46513.970222806856
47039.03146273649
48609.33584885416
46369.44150403703
49647.791687308476
44798.672632335205