42457.13839358849
40704.393885831334
40598.72411945991
43944.188993073934
50076.71800774551
48629.06107381347
45676.54796091286
44462.06519174567
49993.379522407646
44303.72003034744
47022.335606725595
41842.47956557303
42251.305515978325
41737.15971154719
39240.5002965821
46900.33517806557
43198.84432350028
48658.820318267746
43841.68946432078
40909.84598302436
43451.24435805222
47310.1373954488
47648.770504399596
48492.21957465141
38608.912332431006
39565.285470555056
39075.92821787904
47814.85957696151
43125.79759621177
45286.637940453664
45159.44727052368
49359.13606247539
47874.347173553004
44712.872505522515
44689.13655509309
51263.89075681832
40099.60140482845
42469.93472758096
46994.43642551469
46549.70043699804
45468.704156881846
41260.193231973375
46826.78948261716
49838.55314932147
40182.3104905559
40377.99933195566
48417.29399170612
49387.3513467948
37979.15187368656
43909.80334907432
40665.174296394296
44383.58407731475
48259.920121633884
44389.11873583913
42506.44151995884
34844.68486132996
37282.424853680335
45387.00029583105
43503.90536312681
45292.70469855136
43701.829362092314
44373.00529522089
43370.10475666674
46612.96096690286
45917.19114732473
45391.259854365286
46737.304243335726
44814.06005877738
49224.47143694488
44062.17821634122
49781.580392703414
48529.18443138508
42089.43219971461
43447.780388695406
51022.237171234956
44248.76307006764
50709.82438401908
44451.2975107516
51323.04042845732
44375.36446627293
43909.38010595943
45378.1329954532
45062.55642073322
46428.16873203595
41336.87228356395
40363.79882044344
43576.75605783752
42680.23415572925
44107.14722474315
47715.109983854025
45867.92768172593
42668.49252684005
38517.27432531233
45949.10191531484
44608.335007466005
40613.22862146057
40942.84952102951
48467.45802049633
49124.236639071125
43505.150907679075