528.125949391706
343.0887689451534
309.617052767789
205.2350172411022
417.99606150001216
280.7731020837008
223.353936807839
505.44399659433157
213.13541157638895
218.45379414705963
423.4851184731871
379.27610968174105
459.5419911155457
460.86032684111024
157.08226822911328
396.5994497048093
55.37463832277854
122.97015748810789
303.3264309584977
111.39432677387006
346.8468562257052
285.70969686313805
293.232724712866
430.297527600535
118.57087736437363
56.6150196259508
368.47633552708936
365.2328612539642
349.3863072532378
361.88421743973316
565.7440143754662
370.97893984181934
320.1363963248245
508.0334250805142
427.74014509911956
404.1494011574666
355.7530531017275
235.91156493168472
484.2477233614728
592.3486335321106
327.50017879260787
305.8992108547825
313.9510759653609
377.75875476075817
302.538686545242
385.39745020080625
399.13691654154155
248.04509293113867
283.46838008464204
275.3077768624796