3.779648e+02
5.249681e+02
3.442184e+02
4.932803e+02
5.757864e+02
4.600212e+02
4.574141e+02
3.333086e+02
5.296400e+02
5.575343e+02
6.439334e+02
4.982519e+02
4.472735e+02
4.790804e+02
4.460601e+02
4.865849e+02
4.332158e+02
3.819327e+02
4.886207e+02
5.403854e+02
5.304239e+02
4.159810e+02
5.159363e+02
5.191941e+02
4.490085e+02
5.465121e+02
4.868395e+02
4.623002e+02
4.897860e+02
4.376442e+02
5.021050e+02
5.377224e+02
5.213140e+02
4.500271e+02
5.112496e+02
5.101859e+02
4.921240e+02
5.718978e+02
4.852934e+02
4.413941e+02
5.723778e+02
4.709370e+02
4.997583e+02
4.701528e+02
4.546979e+02
3.929039e+02
5.446949e+02
3.978692e+02
5.321327e+02
4.404753e+02
3.779648e+02
5.249681e+02
3.442184e+02
4.932803e+02
5.757864e+02
4.600212e+02
4.574141e+02
3.333086e+02
5.296400e+02
5.575343e+02
6.439334e+02
4.982519e+02
4.472735e+02
4.790804e+02
4.460601e+02
4.865849e+02
4.332158e+02
3.819327e+02
4.886207e+02
5.403854e+02
5.304239e+02
4.159810e+02
5.159363e+02
5.191941e+02
4.490085e+02
5.465121e+02
4.868395e+02
4.623002e+02
4.897860e+02
4.376442e+02
5.021050e+02
5.377224e+02
5.213140e+02
4.500271e+02
5.112496e+02
5.101859e+02
4.921240e+02
5.718978e+02
4.852934e+02
4.413941e+02
5.723778e+02
4.709370e+02
4.997583e+02
4.701528e+02
4.546979e+02
3.929039e+02
5.446949e+02
3.978692e+02
5.321327e+02
4.404753e+02
