871832.7605
724883.3854
1286727.4165
1412348.7944
1153652.2231
220679.6506
448229.8138
529626.6097
1000984.0634
866196.3023
1165674.215
503704.4759
651797.1429
669800.8941
1141689.7341
567006.1685
1271791.5077
1185554.77
581739.2625
842948.2437
1249784.7373
813751.8181
1009715.5317
1128129.3412
323630.0004
1272949.4577
515352.3837
631689.1499
1387047.9302
931928.6011
1199357.8401
859594.7012
1177477.3794
1022599.5232
438881.6004
1256557.6961
945245.9644
660687.0903
660193.5253
619282.7169
686859.6621
893048.8631
1321253.6804
1208179.2362
1440643.1861
972872.6463
818714.325
806045.1481
713092.5324
1119058.1551
