-3.862782147820754
-3.862782147820715
-3.8627821478207496
-3.862782147820748
-3.8627821478203277
-3.8627821478204623
-3.862782147814345
-3.8627821478207536
-3.862782147820722
-3.8627821478207505
-3.8627821478207163
-3.8627821478206674
-3.8627821478205857
-3.8627821478207505
-3.8627821478206283
-3.8627821478207487
-3.8627821478207114
-3.862782147820743
-3.86278214782075
-3.8627821478202145
-3.862782147820755
-3.8627821478207536
-3.8627821478206945
-3.862782147820753
-3.862782147820675
-3.86278214782066
-3.8627821478207447
-3.862782147820753
-3.8627821478206243
-3.862782147819919
-3.86278214782074
-3.8627821478186406
-3.862782147820754
-3.862782147820712
-3.8627821478204654
-3.8627821478207474
-3.862782147820755
-3.8627821478201536
-3.862782147820755
-3.862782147820755
-3.8627821478207527
-3.862782147820755
-3.8627821478207425
-3.862782147816337
-3.862782147820748
-3.862782147820699
-3.862782147820755
-3.8627821478205737
-3.8627821478207554
-3.8627821478207545
-3.8627821478207505
-3.862782147818455
-3.8627821478145257
-3.8627821478207496
-3.86278214782069
-3.862782147817726
-3.8627821478205795
-3.862782147820755
-3.8627821477987525
-3.8627821478207265
-3.862782147820755
-3.8627821478201905
-3.8627821478207367
-3.862782147817482
-3.8627821478206923
-3.862782147819458
-3.8627821478206426
-3.862782147820738
-3.8627821478206967
-3.862782147820712
-3.862782147820755
-3.862782147820745
-3.862782147820755
-3.8627821478207487
-3.8627821478206483
-3.8627821478207203
-3.8627821478207554
-3.8627821478207296
-3.8627821478207554
-3.862782147820754
-3.8627821478207505
-3.862782147820695
-3.8627821478207482
-3.8627821478207327
-3.862782147820755
-3.862782147820732
-3.8627821478207345
-3.8627821478207545
-3.8627821478207487
-3.862782147808955
-3.8627821478207496
-3.86278214782075
-3.8627821478201114
-3.8627821478207545
-3.8627821478207465
-3.8627821478207425
-3.862782147820752
-3.862782147820662
-3.8627821478205755
-3.862782147820712
