4.8387e-06
4.0853e-07
8.2801e-09
2.236e-06
5.0345e-08
2.8188e-08
1.9159e-06
9.2538e-07
5.8537e-07
7.5552e-06
6.1094e-07
1.2119e-08
4.292e-06
5.4406e-06
5.4599e-07
2.1436e-08
2.1431e-10
2.6538e-07
5.3535e-06
2.4094e-07
4.2168e-06
8.021e-07
2.8837e-05
1.7968e-06
5.8221e-07
2.3343e-08
5.9863e-07
5.5273e-08
3.0067e-07
1.533e-06
8.5243e-06
1.0584e-06
5.1404e-06
4.3969e-07
5.9205e-06
9.3568e-06
4.2108e-06
1.5873e-08
5.0855e-07
2.0193e-06
7.9345e-06
5.7098e-07
1.1042e-08
2.6925e-07
2.0955e-07
6.0874e-07
6.5651e-08
5.1463e-09
6.2543e-07
1.4594e-06
1.0927e-07
3.8705e-06
3.29e-07
1.5802e-08
2.7093e-06
1.7477e-05
1.0395e-06
2.0782e-05
2.5152e-07
4.4784e-07
1.2206e-07
6.1457e-06
1.1031e-06
3.9294e-07
3.1765e-07
1.4877e-07
2.6447e-06
6.1622e-06
1.1674e-05
9.5773e-07
1.0068e-08
9.6236e-08
2.4178e-07
6.8385e-06
7.0047e-06
2.0355e-06
6.9092e-07
7.8872e-11
6.352e-06
4.7744e-06
2.6877e-05
2.592e-06
2.0408e-06
2.7844e-09
1.23e-09
3.4773e-07
2.3346e-05
2.0438e-07
4.8535e-08
8.6764e-07
2.8012e-07
6.1645e-07
4.7013e-06
2.8487e-06
7.528e-08
2.1249e-06
5.6825e-06
9.4069e-07
3.6526e-05
7.287e-06
