0.3978873583
0.3978873715
0.3978873632
0.3978873655
0.3978873578
0.3978873666
0.3978873617
0.3978873752
0.3978873580
0.3978873661
0.3978874744
0.3978873644
0.3978873579
0.3978873761
0.3978873664
0.3978873754
0.3978873657
0.3978873578
0.3978873771
0.3978873591
0.3978873624
0.3978873581
0.3978873606
0.3978873615
0.3978873614
0.3978873599
0.3978873585
0.3978873766
0.3978878154
0.3978874178
0.3978873904
0.3978873633
0.3978875425
0.3978873600
0.3978873612
0.3978873578
0.3978873591
0.3978873951
0.3978873650
0.3978873714
0.3978873580
0.3978874588
0.3978873619
0.3978873654
0.3978873585
0.3978873750
0.3978873625
0.3978873584
0.3978874435
0.3978873735
0.3978873702
0.3978873989
0.3978873691
0.3978873634
0.3978873816
0.3978873581
0.3978873578
0.3978873594
0.3978873599
0.3978873866
0.3978873609
0.3978874943
0.3978874656
0.3978873592
0.3978873791
0.3978873582
0.3978873626
0.3978873580
0.3978873769
0.3978873994
0.3978873608
0.3978873804
0.3978873616
0.3978873658
0.3978873583
0.3978873582
0.3978873787
0.3978873579
0.3978873589
0.3978873630
0.3978874373
0.3978873731
0.3978873577
0.3978873606
0.3978873865
0.3978873594
0.3978873586
0.3978873977
0.3978873581
0.3978873599
0.3978874150
0.3978874683
0.3978873581
0.3978875387
0.3978873621
0.3978873719
0.3978873583
0.3978873703
0.3978873582
0.3978873675
