617.284
610.92
631.094
624.483
711.041
696.127
668.92
688.45
709.3
663.712
698.91
639.39
662.703
686.658
577.315
641.9
665.25
598.242
684.561
581.392
720.934
593.061
623.286
629.569
552.425
677.512
740.715
718.474
614.084
714.727
565.946
583.822
656.694
638.929
665.353
731.885
661.005
518.949
708.279
690.216
611.467
691.886
707.965
622.783
665.588
624.131
685.353
682.285
726.163
703.749
725.412
711.164
657.43
554.989
571.783
650.219
664.694
667.985
699.049
619.183
682.879
640.001
670.803
691.551
658.341
667.046
680.361
670.581
750.949
657.187
702.426
671.729
645.846
662.043
756.579
595.633
755.428
532.613
708.788
692.325
632.304
613.444
606.358
715.949
643.501
661.597
691.785
562.314
670.408
747.342
705.972
708.665
644.855
678.072
760.127
774.126
626.406
598.791
693.615
731.59
