3.00000000000178
3.000000000035568
3.000000000300953
3.0000000000408393
3.0000000000037867
3.0000000000930536
3.000000010486661
3.000000401798734
3.0000000039152286
3.000000000393444
3.000000000001758
3.000000020854449
3.0000000003585967
3.000000000000137
3.00000000000073
3.00000000000248
3.0000000030642977
3.000000000000274
3.000000000247643
3.0000000000828897
3.0000000000335376
3.000008178798485
3.000000000001313
3.0000000000079723
3.0000000000050258
3.000000000000056
3.0000000000012244
3.000000000014554
3.000000000000089
3.000005990431083
3.0000000000291145
3.0000000000053504
3.0000000000018985
3.000000000158864
3.0000000000105156
3.0000000000001545
3.0000000020708035
3.0000000000000395
3.0000000458524547
3.0000000000512563
3.000000099183666
3.0000000000006444
2.9999999999999662
3.000000000105814
3.00000000018333
3.0000000020850655
3.0000000000000484
3.0000000000000275
3.000000000008059
3.0000000000001177