225309.199511669
209721.742316912
240910.963367708
275113.181358317
273850.402391896
247317.347827884
275406.256862986
252882.381565519
297255.765464577
253674.299412698
291518.310681342
306098.523448815
218019.403509502
215661.74194339
282494.581718131
225791.068335586
329882.625451187
315267.602713804
242666.072404373
189975.876770766
215727.415239374
232841.767845631
250986.779411069
230064.161143177
248201.453128033
265027.202740316
241820.936720854
266659.079138416
299708.051691616
256562.901157694
276377.905656757
243429.610301943
280209.955249254
215061.118628439
203596.248895182
271870.339975887
269390.478760067
248401.144452111
287729.302530585
311397.991122198
239577.467120956
278872.456548787
200151.767313956
302594.897806375
208168.210545517
275202.525175562
274799.342642435
280391.122948017
298052.329895382
289531.584999158
