1.21471e+08
9.39501e+07
8.26495e+07
8.77266e+07
1.11196e+08
1.06088e+08
1.06946e+08
1.0844e+08
1.10905e+08
1.20301e+08
9.64471e+07
1.24513e+08
1.00522e+08
1.15466e+08
1.12937e+08
1.08607e+08
9.91652e+07
1.06693e+08
9.2749e+07
1.05617e+08
1.06485e+08
1.41699e+08
1.06105e+08
1.17318e+08
9.52231e+07
1.1654e+08
9.15283e+07
8.81853e+07
1.24375e+08
5.79249e+07
9.31406e+07
1.06407e+08
1.06799e+08
1.38072e+08
1.24427e+08
1.0736e+08
1.11393e+08
1.23224e+08
8.58714e+07
1.23658e+08
1.13398e+08
1.13421e+08
9.66955e+07
8.82793e+07
1.07146e+08
1.24466e+08
1.01184e+08
1.3119e+08
8.01772e+07
9.67869e+07
