2.039071e+01
2.044035e+01
2.026731e+01
2.054114e+01
2.018158e+01
2.030482e+01
2.022961e+01
2.045034e+01
2.006828e+01
2.037841e+01
2.013443e+01
2.030562e+01
2.032713e+01
2.055634e+01
2.054933e+01
2.027231e+01
2.022225e+01
2.028584e+01
2.032758e+01
2.013898e+01
2.029166e+01
2.028883e+01
2.020991e+01
2.052033e+01
2.018192e+01
2.020028e+01
2.010014e+01
2.035406e+01
2.036954e+01
2.017038e+01
2.018809e+01
2.031487e+01
2.024642e+01
2.051907e+01
2.026405e+01
2.025208e+01
2.022870e+01
1.993015e+01
2.008492e+01
2.030299e+01
2.040760e+01
2.029842e+01
2.034627e+01
2.019275e+01
2.035233e+01
2.034731e+01
2.019970e+01
2.036262e+01
2.001662e+01
2.036114e+01
1.992769e+01
2.023938e+01
2.029705e+01
2.040406e+01
2.028876e+01
2.026257e+01
1.981801e+01
2.026054e+01
2.030078e+01
2.044256e+01
2.044099e+01
2.029565e+01
2.035684e+01
2.043172e+01
2.018252e+01
2.005754e+01
2.047018e+01
2.032807e+01
2.028848e+01
2.039655e+01
2.014231e+01
2.038466e+01
2.025712e+01
2.021899e+01
2.042773e+01
2.049754e+01
2.026756e+01
2.045750e+01
2.019893e+01
2.023553e+01
2.030930e+01
2.041456e+01
2.053747e+01
2.031742e+01
2.035175e+01
2.058505e+01
2.030125e+01
2.011901e+01
1.999063e+01
2.032060e+01
2.030469e+01
2.020759e+01
2.036789e+01
2.047281e+01
2.017134e+01
2.032631e+01
2.016096e+01
2.033893e+01
2.027105e+01
2.034920e+01
