881.0641524619
600.7531843734
608.1806998754
631.7955768618
681.1507829796
843.1409891343
500.9335073952
633.7486595508
739.0816870793
691.9247791394
722.6141011505
760.7117051037
883.9412616042
738.6728972926
501.2252317791
556.2632885256
743.0359337362
912.1027903889
799.0073608202
652.7793584748
850.4276986652
829.8065894301
549.1046623378
714.4154167939
853.5707160841
667.8591633272
758.8792553403
831.0287411085
577.8490256174
677.3108398345
673.2087740228
856.3721343893
917.9454604399
899.8851105293
704.3185466048
855.6496257850
902.0078813635
789.8276496431
679.4752372535
826.4999389879
596.5204638588
481.4803641121
605.1893667092
934.9506619504
689.4885021551
637.1053508421
826.9667297176
783.9598832494
870.1347476604
804.8227613749
690.3695716675
599.6503628688
512.4699551490
776.6972326588
751.8533219081
656.6289399057
653.1028519232
775.5569349524
955.1470964728
741.9586579850
729.5055490844
786.5832809433
729.8669554291
818.8633099568
634.1077930525
619.0455992863
698.5523262094
543.2021651156
724.2286245375
768.0275689304
464.8952956326
714.2200885117
780.5816794195
857.5775803172
514.1507843914
840.1078514104
695.0357247522
670.0103038164
780.0328337047
775.4259427728
659.5979078417
501.9656476340
607.4769513144
870.7351405598
788.6390125983
612.1988001444
724.3775708993
738.3703110078
736.1258429798
649.7258774165
773.0003379824
744.8602168397
742.2457823827
707.4648689939
785.8009342373
829.4444466164
865.3088645747
682.2974327360
764.0370875835
782.7515796325
