189182.3203523892
252716.5407449826
273612.8118357109
226816.9095636261
254495.3044335161
244174.9278531112
248943.0438812988
251389.0176927965
233057.9858025338
211705.9507727642
258000.4115277582
249996.6064312853
251528.6865114827
210383.4894713491
262242.6564712194
225060.8461549291
255779.9370089640
242736.5297267470
237142.9698355285
234623.4703327669
250762.2345412413
262985.9844016797
233674.0587534676
230855.5266179611
218994.2166188437
232974.1635427782
274212.7952524478
268982.6835764314
247134.9254114369
258681.5930668665
222838.3183032217
217445.5007853780
226833.5579544238
275308.1504090445
267717.4254228236
219638.8579281428
281842.4184058242
242583.6127623012
239840.4813163923
251030.7575038484
248086.9381055569
251274.7445640281
229129.3194335509
293645.5371063566
201797.9625997150
237414.6289904114
294090.0393790600
271676.5879157919
235099.4626625765
254519.2136769476
