3.170350e+08
3.391930e+08
2.575355e+08
2.979423e+08
3.187640e+08
2.606705e+08
3.266870e+08
3.143329e+08
3.202715e+08
2.735111e+08
2.970492e+08
3.070391e+08
3.515477e+08
3.158270e+08
3.230509e+08
3.115549e+08
3.012395e+08
2.922774e+08
3.726373e+08
2.813634e+08
2.911462e+08
2.089385e+08
3.821388e+08
3.249093e+08
2.436552e+08
3.810256e+08
3.116053e+08
3.465056e+08
3.247107e+08
3.524221e+08
3.384226e+08
3.153587e+08
3.291178e+08
3.683605e+08
3.453441e+08
2.528772e+08
1.493232e+08
3.050554e+08
2.630548e+08
3.129441e+08
3.133186e+08
2.587145e+08
3.233201e+08
3.021081e+08
3.148337e+08
2.107958e+08
2.760044e+08
2.411882e+08
2.272690e+08
2.978354e+08
