13568.947037235072
25059.781547947892
31977.237348079463
17025.988650500738
17057.75843869572
19802.682481810796
17969.796015836055
8184.886276870189
13809.676442933112
21132.159766919678
14793.583936440353
18374.063864804062
17983.999962481248
16560.95621789785
21820.73184464176
33121.216057419115
21874.150536187746
5583.244911735454
12433.269791534083
23357.979102540456
25115.251985101317
21012.904994523815
20765.15100403504
16349.960119748199
29842.040120785034
16530.75863987837
25707.148082952033
18636.155928832806
25226.494819237065
24459.35278649048
16325.158765127464
25709.455436577504
10079.023101337638
32518.635009623587
15491.79524236826
23962.831241527227
23940.52809595419
12567.662887194962
20462.4452326061
29080.90326345887
24886.688716512293
14016.9134858741
15798.56565184509
26326.795471049867
14025.831799065221
21675.72388283136
16939.80489395294
19823.21233114736
18786.36488211138
21428.89687243608
27452.997645820746
26586.46944573315
25610.926405088583
18223.065389364645
10044.689544312456
23791.631858446057
24765.21131654851
28299.67980179818
11025.44013559918
19918.264556319864
14173.32560201458
10399.847279873567
25560.642592253425
26697.42599430142
23899.986390381695
11710.482061208604
29460.79571212035
16128.240568965546
10709.078537029256
20944.002202248506
7339.94774922738
11268.759149439138
26225.353450325765
18810.0031426307
17429.09836635524
13828.483109072187
14022.751389031451
21338.962310198105
12877.5645168615
13641.644268214259
26211.775233662895
21978.612204539837
13478.88288243393
23025.91531062207
24321.1504217507
8924.623859552386
18914.431682310424
24484.510609646182
5943.593240187992
30128.840774757737
24857.6553888231
27534.898185578633
25721.419011220838
25314.829354407695
20970.75673142944
18286.350497012252
13382.059052929208
28787.11550726331
16190.244371027942
7121.278546098867
