289.0913576209821
312.5941519597628
324.75930120415694
333.49937148373033
314.0043283606194
324.8928931493621
328.37020171969107
288.42720533805044
329.53405847714725
348.85448238055164
289.5500775445938
310.2054928631437
280.6670956776573
317.25034622041704
315.09733153828665
330.7832042639467
323.9575720104113
325.2235675535706
320.3234835969294
270.45384794347154
283.2244187554343
271.3430498305922
352.3242633288078
329.6186263608457
291.2546491409052
274.7747143565722
337.89735718632954
305.2258547170396
351.00347149773063
278.66224322006383
339.4695308273694
295.56572225777177
320.3574094401471
307.8363970444194
317.9764690489166
305.07365037916423
348.4508698611374
298.1941952963112
303.4202229334111
329.11379589047215
339.79316089181856
339.91605935608044
312.277986965005
269.0609048827711
348.40543135153837
266.7501275686111
308.50068815771385
289.4456168839923
280.3259212253181
325.0746319165803
303.9266700355176
320.1989366750062
304.511416013816
299.5539074760541
284.42313105672025
322.41473748641414
360.4106972598845
336.37002476024037
316.1346282705761
341.3448204741772
225.56279938815038
342.13878031564
359.9511515296712
345.64420774851044
352.2485569785355
355.1951211190957
304.2184521970736
330.5495393325642
343.745776595885
371.4856981992558
275.166563900309
288.0309890592265
286.4606980018019
326.36457616645305
307.61242402543274
361.2866359155041
283.7057045439782
342.72907644168663
302.9282243592236
313.2366508695186
247.75281708454105
301.9189597528279
244.39796404245305
335.9152960685703
369.0200412768303
333.442497778348
305.61362574141845
331.6369915346487
310.53685720969946
311.0363021657781
330.0173325732861
302.6265196622566
307.31726516355286
307.4037218606908
329.78151470162027
315.4053472022132
284.03938643542193
274.28366111123916
343.1130490939045
329.6083413160112
