2.869795e+02
2.978085e+02
2.747874e+02
3.104534e+02
2.917144e+02
2.789696e+02
2.385539e+02
3.188746e+02
2.674612e+02
2.494245e+02
2.471847e+02
2.680455e+02
2.197887e+02
2.345670e+02
3.271008e+02
2.599086e+02
2.478976e+02
2.557031e+02
2.509551e+02
1.846144e+02
2.559168e+02
1.954077e+02
2.781152e+02
2.285556e+02
2.729163e+02
3.039999e+02
2.896198e+02
2.494146e+02
2.886755e+02
2.522736e+02
2.709644e+02
2.606935e+02
2.478604e+02
2.811795e+02
2.514277e+02
2.398971e+02
2.676150e+02
2.469378e+02
2.661766e+02
2.378784e+02
2.790059e+02
2.949450e+02
3.107241e+02
2.628347e+02
2.835780e+02
2.694520e+02
3.131961e+02
2.443791e+02
2.628377e+02
2.816473e+02
