18204.8
8025.07
2384.8
2720.66
1066.57
9576.93
2134.36
10585.1
1170.97
2678.53
2354.17
3037.69
1108.17
23239.7
8424.87
1628.31
693.771
5579.33
14651.1
4674.95
8765.94
16546.7
1119.26
39528
86428.8
20870.5
594.945
454.223
9528.72
15091.8
18419.3
8527.89
52573
7831.81
34825.1
64577.3
9425.12
1402.02
15488.8
1960.53
13411.2
121912
438.766
5938.85
4598.08
6838.11
10403.6
2115.74
47267.3
36308.9
2458.68
37126.5
15499.8
13610.1
7408.85
7395.36
79361.9
1351.79
12692.5
1006.35
786.341
4944.97
2350.9
8094.95
15468.7
6071.32
67122.2
13177.3
23848.6
7570.24
16378.2
1467.17
9726.68
12542.2
6074.69
24765.8
8809.13
5820.12
91051.8
9339.26
4136.74
5252.48
884.304
1216.98
14883.6
1288.41
1910.42
6889.79
2726.83
33552.9
3237.15
3050.83
8607.28
1532.28
10557.7
3153.22
2318.2
3033.62
4739.99
19242.1
