62.9045
71.9436
55.7301
53.219
73.7756
68.4215
55.492
69.063
73.3114
66.5689
80.8756
67.0752
52.3738
61.6497
58.8091
78.2229
63.1755
51.5221
56.2432
63.5845
34.4695
66.2409
50.2569
53.883
40.5164
70.4574
61.5802
60.4265
60.3395
66.9672
48.0222
62.1151
71.9563
71.7885
61.3772
77.0095
65.4481
67.4228
70.8574
73.1611
48.8038
63.9567
67.9666
76.3994
56.4161
54.5734
64.5433
57.9809
53.8686
44.7829
67.9819
50.0196
76.9339
62.1002
61.5083
72.806
74.6761
67.4884
51.2586
63.9744
54.224
62.0971
56.7978
52.4131
40.0783
67.0492
51.502
51.9794
67.3614
56.339
66.8773
61.084
54.6549
58.9858
59.9169
77.0335
82.5358
63.9708
40.9466
66.1951
66.8348
64.2388
46.3693
47.2555
78.161
55.4671
69.081
79.9867
56.2422
48.0538
63.5115
40.995
58.796
52.2809
64.5677
72.0741
68.7488
63.5571
73.9266
34.3639
