1.146478683327549
1.1688404926221856
1.6293967148117372
2.9248612945974424
1.7768291269039058
1.0751007481056232
1.8467876728025439
9.518353210738649
1.1639574662356156
1.1644336140157494
1.221072028312214
9.61058721501527
1.129104787211651
4.064051728584908
1.8782051562100914
3.4424924796828793
1.7060851493283473
2.49748517443639
1.707950651438591
2.6689215779666506
3.498106858150006
1.1781638908919179
1.6205933639263637
1.402395144207877
3.114699856883403
1.3286031197535033
1.401740178881771
2.940250544854757
2.724077875748562
3.602313192543525
2.437063075592682
1.5197629752410162
6.384876253091393
1.5780216941592582
2.210037591643781
1.4811388206188485
1.9741935477267327
3.6546620465956288
1.0946998304844833
1.141914965817501
1.2807022129925092
3.7630626719837643
1.8169297072609738
1.9965877745549512
1.3491174086728877
1.669457975875023
1.9536104025147631
2.7774627826629708
1.1382408246239892
1.1038514217305058
1.9372089332588431
1.3878285483970612
1.618631583126725
1.8271655438323715
1.125002065401879
1.8364064082810687
12.306207120615642
1.3447401634643525
5.7942982684911986
3.460296702658387
1.4191084411842587
1.1628522345449825
1.3400467630452275
5.643010590647006
1.798605115881827
3.04403962387326
2.7724068190252837
1.479780628426877
1.2126076635009206
1.6918135558173906
1.8757106616939343
1.1411488018502185
4.046243283564046
1.860215150544918
2.645445131018789
1.0981363416225423
2.4662642357213898
3.8047399416840193
8.609756408154952
1.4417075170919715
2.9144553888889995
7.166460681255061
1.7713289434447579
1.8380278626848425
2.5545878973608263
4.569690913995185
7.801268544721177
1.4626103388301002
1.2299746928058959
8.818183313621834
1.082513133335392
1.5958017793646417
2.6247087131166618
2.381727840501335
1.856491285782388
1.3498955421063843
1.9801914625333783
1.3071410417521037
1.5856917877502985
1.1396082220643022
