46.1862
56.8752
62.7203
46.3588
2.31578
17.0144
39.9182
49.1101
1.81673
34.8067
46.7998
26.3539
7.28924
60.1873
8.67653
2.6509
52.1098
57.0896
26.0795
46.8662
26.3802
18.8244
1.05369
68.5693
15.0163
43.772
38.4734
28.5499
36.541
55.9495
1.58627
32.4688
59.2721
4.56101
63.184
58.2508
37.5658
60.0607
34.5801
11.4587
46.7556
36.3409
30.8383
12.6941
1.1953
17.9473
18.5477
1.66395
65.0675
47.2369
9.46064
44.0915
9.2126
6.53437
9.66267
71.5847
73.0141
35.6482
44.8885
53.7481
5.01003
16.5433
39.9378
14.5795
8.45387
65.1066
39.9275
1.18662
44.5895
16.9452
59.7593
29.4119
44.1938
18.2186
1.14941
63.5598
82.5317
81.3476
43.5716
43.0168
17.785
12.0174
63.0983
45.2908
17.3347
3.09705
34.4215
80.6721
23.0393
11.7218
54.1801
34.5295
6.07085
44.8931
41.5783
30.021
57.5565
40.1014
42.6135
45.037
