13849.2
38839.7
71800.6
33588
129064
44577.1
93.8782
470.191
8273.98
24080.8
27976.8
46437.1
66204.5
30942.9
94.3467
45855.1
24190.3
13.9821
100.963
22.7644
377.91
15144.7
35183.7
8619.63
26.3798
28927.9
30.4239
50825.9
97454.6
8686.13
30960.9
306.841
30563.8
26574.6
41.635
24952.1
90060.4
26940.6
49171.9
47849.2
49239.5
1701.67
34066.7
29.4657
5539.29
12686.7
19474.6
26787.9
6186.08
2.56312
89.9826
8294.63
28130.1
86422.9
31009.7
11.5785
105048
52.5211
103111
24408.5
768.055
98609.3
30.3272
103325
1649.64
66.0558
31624.8
992.758
53.6548
104.948
77553.5
5582.29
7537.48
25358.3
19921.4
16366.2
324.183
1884.57
23.826
55330.4
88296.7
1347.87
46557.1
51428.6
1204.91
18.4313
410.483
11688.4
76426.5
18282.3
28859.6
8980.31
8095.1
6274.94
18320
12735.7
7422.19
42334.8
34365.9
229.978
