17.0611
15.5591
16.8517
15.6967
16.936
14.3815
16.2508
15.1442
14.6993
16.1989
17.1593
16.0557
15.2582
16.1844
14.2771
15.1949
16.1035
16.1826
16.1293
14.5742
16.3948
15.5988
16.8208
16.6931
16.3023
15.9671
15.5918
16.1258
16.3321
17.4009
15.8539
14.6299
16.9094
16.6705
15.8931
16.3957
15.6017
16.2474
16.4052
14.3427
16.7827
15.5682
16.6456
15.8265
16.7484
17.0731
15.6282
16.2444
15.4114
17.2767
16.8568
15.6152
16.2196
16.3112
16.9365
16.6003
15.6302
16.4115
16.9767
17.1526
15.3394
17.1396
15.3738
14.3791
14.4654
16.3963
16.5197
16.1776
16.0867
16.8019
16.1226
16.2299
14.6084
16.3631
16.6733
16.6985
16.5034
15.5985
16.7694
15.3498
15.6975
17.0617
17.1915
16.4918
16.6658
16.9302
16.8094
16.0033
15.3382
16.234
16.4672
16.2658
16.1904
15.6432
15.7344
16.1594
15.4608
15.3863
15.4133
15.1831
