7.532717e+02
7.469214e+02
7.695389e+02
7.749580e+02
7.514930e+02
7.679904e+02
7.606493e+02
7.674289e+02
7.503080e+02
7.234458e+02
7.798297e+02
7.785003e+02
7.425248e+02
7.609143e+02
7.494228e+02
7.409308e+02
7.313107e+02
7.930564e+02
7.363881e+02
7.464033e+02
7.185896e+02
7.832315e+02
7.434241e+02
7.386012e+02
7.190015e+02
8.003207e+02
7.826430e+02
7.564457e+02
7.515622e+02
7.710911e+02
7.451591e+02
7.095330e+02
7.520481e+02
7.424093e+02
7.245546e+02
7.111400e+02
7.450516e+02
7.063131e+02
7.407574e+02
7.502306e+02
7.571743e+02
7.604541e+02
7.287296e+02
7.579675e+02
7.829521e+02
7.687628e+02
7.133375e+02
7.501393e+02
5.845785e+02
7.470710e+02
