176425.9084622957
168441.2212653647
194995.0057302629
183850.1473990270
191197.2693948410
135263.2978114746
190268.1747629503
172129.7740593061
185478.6578941557
158455.5128526935
198600.5151936240
196415.0563028541
177595.8693931153
215702.3911294595
186795.3242025484
207317.7129469570
181082.0549995576
239522.7133473370
152474.5420382559
202777.4328865133
232730.0363238618
211927.4727940507
209116.4372532925
170732.2104782160
210656.4717180813
166083.9530093375
142435.0691730375
171401.4302096843
175986.8887049770
193323.2125697635
186122.9791023938
179485.1416185781
184455.7986605092
193352.0767836231
172669.0561489708
187703.2583469082
163255.1648760839
155023.3596759138
205763.1410905962
197186.5849694899
206913.8522464627
158859.8834014900
172295.8463678623
173544.5043444332
193166.3423374949
190241.0224053302
186049.3607510136
194732.1963253313
167802.9149687825
175110.4407203065
