244.297
162.698
278.394
220.182
186.627
257.926
3253.08
2922.7
513.529
214.103
119.484
159.49
792.22
350.804
119.087
191.255
175.88
550.152
132.188
297.876
120.355
468.696
81.4745
140.241
2136.49
119.808
155.095
313.414
512.211
1072.96
279.373
2815.54
8553.03
227.882
163.314
221.456
207.452
3105.9
1934.76
184.509
262.819
496.666
221.544
2557.04
262
398.602
410.053
120.593
209.609
274.113
721.92
191.417
233.337
153.311
565.507
952.718
128.31
1531.56
204.195
224.666
290.028
173.79
6974.42
481.93
160.209
98.1392
177.645
95.216
3059.12
250.815
251.852
106.003
198.962
299.555
352.746
84.4894
129.254
154.31
143.161
92728
239.949
119.769
2786.55
111.387
320.536
274.193
3269.16
247.891
96.072
259.836
2538.37
544.1
222.896
107.066
504.555
519.954
174.682
407.004
354.373
147.741
