1.617869e+06
2.065484e+06
1.310884e+06
1.484870e+06
1.737914e+06
1.802975e+06
1.832984e+06
1.529971e+06
1.832141e+06
1.707609e+06
1.807343e+06
1.763280e+06
1.524399e+06
1.624768e+06
1.529222e+06
1.575303e+06
1.768180e+06
1.700289e+06
1.523927e+06
1.632751e+06
1.639430e+06
1.836846e+06
1.668622e+06
1.347447e+06
1.644591e+06
1.795636e+06
2.160169e+06
1.511267e+06
1.478345e+06
1.759811e+06
1.923017e+06
1.704859e+06
1.662260e+06
1.829154e+06
1.779386e+06
1.644025e+06
1.652287e+06
1.657328e+06
2.073495e+06
1.606008e+06
1.524145e+06
1.857055e+06
1.500668e+06
1.980691e+06
1.775065e+06
1.676932e+06
1.700625e+06
1.862341e+06
1.855552e+06
1.816868e+06
1.835314e+06
1.632689e+06
1.680562e+06
1.719496e+06
1.698767e+06
1.586713e+06
1.482221e+06
1.728706e+06
1.980219e+06
1.925091e+06
1.377181e+06
1.935058e+06
1.867916e+06
1.614828e+06
1.895876e+06
1.673324e+06
1.585362e+06
1.852289e+06
1.883619e+06
1.812114e+06
1.844921e+06
1.942934e+06
1.665045e+06
1.794004e+06
1.626317e+06
1.799833e+06
1.979010e+06
1.941513e+06
1.744902e+06
1.976256e+06
1.849919e+06
1.602377e+06
1.897195e+06
1.605928e+06
1.741295e+06
1.864018e+06
1.926979e+06
1.550884e+06
1.924672e+06
1.703129e+06
1.824148e+06
1.912690e+06
1.828867e+06
1.922418e+06
1.742047e+06
1.608096e+06
1.854103e+06
1.629301e+06
1.690783e+06
1.563703e+06
