18.935
19.3389
19.0369
19.2506
19.3396
19.361
18.7347
19.3029
17.8107
19.3981
19.2422
19.0246
19.2419
18.6678
19.5077
18.7124
19.0694
19.2454
18.6499
19.3665
18.7174
18.9292
18.955
19.1054
19.2021
19.3832
19.2501
18.5855
18.4145
19.2378
19.4
18.2612
19.1149
19.2983
18.9159
19.5039
18.9447
19.194
18.9112
18.8776
18.8415
19.1921
18.2023
18.9592
19.3016
18.4518
19.3048
18.9587
18.8741
19.1229
19.5297
19.3377
18.0396
19.2996
18.8851
18.9166
18.1878
19.037
18.7586
18.8995
18.2005
18.8394
18.8967
19.468
19.0291
18.859
18.5379
19.1056
18.1091
18.0569
18.3743
19.3422
18.071
18.8484
18.459
19.3607
19.5858
19.0494
19.1733
19.4184
19.6209
18.646
19.3811
18.3857
19.3887
19.169
19.3798
18.9946
19.164
18.695
18.918
18.7181
18.7969
18.8283
19.4631
18.3598
18.19
19.2917
18.8436
18.9925
