0.3978873577461446
0.3978873577447768
0.3978873577298234
0.3978873577297808
0.3978873577297577
0.3978873578190001
0.3978873579422011
0.39788735920454954
0.3978873577591049
0.3978873577451978
0.39788735837687383
0.3978873578026878
0.3978873577462725
0.39788736953089554
0.3978873577316371
0.39788735773018935
0.39788736044410733
0.39788735772987316
0.39788735772974526
0.3978873615815761
0.39788735775323936
0.3978873577305908
0.39788735772973993
0.3978873579365807
0.397887358064537
0.3978873577543194
0.39788735773172057
0.3978873578006574
0.39788735781476703
0.3978873577396236
0.39788735772974704
0.3978873577301645
0.3978873577309354
0.3978873577434925
0.39788735774551043
0.3978873577339215
0.3978873577298163
0.3978873578934383
0.39788735789965024
0.3978873577311397
0.3978873577507578
0.3978873577352591
0.39788735847899837
0.3978873644471932
0.3978873578791724
0.3978873577565576
0.39788735773564454
0.39788735772986783
0.3978873577298305
0.39788735784087237
0.39788735773224637
0.3978873577302604
0.3978873577299762
0.39788735773142747
0.3978873577420483
0.39788735788528484
0.397887357776316
0.39788735778107664
0.39788735772985184
0.3978873579471127
0.3978873577297417
0.3978873577404478
0.3978873577298412
0.3978873577420643
0.39788735781305995
0.39788735777083595
0.39788735799996466
0.3978873591758525
0.397887358286674
0.3978873592335095
0.39788735809532483
0.39788735772981454
0.3978873577297417
0.3978873577579378
0.39788735773465156
0.3978873578602684
0.39788735773003303
0.3978873577323849
0.39788735772975237
0.3978873577695303
0.39788735883879944
0.3978873586138185
0.39788735775705497
0.3978873588506815
0.39788735772979145
0.39788735772973993
0.3978873577308679
0.39788735775158024
0.39788735774719086
0.39788735773001704
0.397887358123473
0.3978873577301343
0.39788735772993
0.3978873577427873
0.3978873578275888
0.39788735774132356
0.39788735796061836
0.3978873577355646
0.3978873577299673
0.39788735871716163
