3.166654559064641
1.4708951278421318
1.121620948416367
1.2759384611818587
2.2655228391567093
2.006828139117512
1.8642585861990044
1.3127426457332618
1.2625430975425895
1.2456933763377038
2.5930443562129994
1.5400343508024776
2.7621803698009644
2.532335571282451
2.1303078848599677
1.3102555149244763
3.8375130262174606
1.9680224513084241
1.273544462258049
1.1617025840562376
4.125075861505987
1.2575458049355333
2.590948267387006
1.9828578258847203
1.361350892207955
7.63744755853759
1.8875222921769177
1.3740851944480266
1.4663254097245837
2.747412282323303
4.103288936028292
1.750443083586572
1.2052057810034078
1.076600920034056
1.1505348615785616
1.9390492280861853
1.13934345545822
2.1551678990254906
3.1866968593961746
2.9687058287451142
10.8923902097954
3.5792489415668394
1.2481674925806425
1.4177461846938306
2.7575517045226343
5.749018099666531
3.635542469121708
1.1981952718844513
1.8769462696451762
1.7517347933547587
7.611948192417374
2.5663489132809225
1.1037318117626573
2.077320773364791
1.8595087813658744
1.1131232218523408
2.2011607360173224
2.4353740863266466
1.4867325162023017
1.1188269630513659
2.7659648487615645
1.2433285032669619
1.4952278871821503
4.22836721756669
2.033357063716185
1.5938597220969708
3.057405301785837
4.204478836802002
5.642896484638501
2.195901679376163
3.4405265161646676
1.5401749663114304
1.256230220824589
1.5535438830522483
1.602224964449483
6.562346411827652
5.218699616119404
1.8305933562932015
3.265198126963454
6.2595964911287
3.4381387683044515
2.5115175587543677
1.7296753909587532
1.0657663250459366
4.346118905697528
2.1094165551887274
2.071316954682457
1.4911857021786457
5.808392232506274
1.284485897956624
2.651076762398137
1.9689701090456477
2.0467388239923094
3.2128915808168554
1.9529129226533666
1.3245617514977024
2.2907643332460084
6.1145476075682454
6.7915049084479415
1.1224220583331685
