0.397887
0.397888
0.397887
0.397888
0.397887
0.397887
0.397887
0.397887
0.397887
0.397887
0.397887
0.397887
0.397888
0.397887
0.397888
0.397888
0.397887
0.397887
0.397888
0.397891
0.397887
0.397887
0.397887
0.397887
0.397887
0.397887
0.397887
0.397887
0.397888
0.397887
0.397887
0.397887
0.397887
0.397887
0.397887
0.397887
0.397887
0.397887
0.397887
0.397887
0.397887
0.397887
0.397887
0.397887
0.397887
0.397887
0.397887
0.397887
0.397888
0.397887
