324.6248244040142
271.8775250561161
197.59190046707565
218.97099497259603
81.48357304618533
1216.6195076242243
192.77889395030226
378.7611741032632
164.28280286861232
116.12144026781205
73.79315446087334
217.65997991277504
248.64775633198033
210.8081943623662
163.17358378620202
147.0065691852871
227.811375326463
430.5952470895472
353.254611174707
161.20643246821535
143.37493605208797
188.18416815623274
77.85061155140117
129.6759153096184
178.61960455876232
53.71073067779236
139.79938633435353
152.8293210392799
132.89537515268376
1071.1321401799125
89.92935076672218
180.0444513043991
108.61167898232496
190.01695607361998
2024.575695820064
275.16558519925206
221.2081977274692
47.773015634842146
176.5788564978427
98.58738712531736
153.43616912798603
134.78613934477738
168.78299894743478
230.63701892242815
102.65238545230143
119.41469854056382
131.97078233460178
141.39246914538697
105.42478714437767
1283.8359162341085
182.75666588395742
354.7512598499958
201.41336503090827
105.88021787084165
153.39879179814585
105.21485112996481
555.0633497684305
126.444145955888
56.889253400784725
53.1504715276047
141.73548381775504
274.273946839941
167.5621820201849
262.4110853067556
173.69794988673547
107.74045875618832
123.79810214081564
55.90215615883538
276.9438951355814
166.92513054324348
142.69897622343774
542.5210870616688
119.94332203706432
2583.743512928199
192.38118015110834
155.87393272944797
169.85320425543867
105.3381044831311
157.0204020663317
65.2951905300395
36.081855003826405
256.938058528509
156.67876594467424
209.4678585364656
55.54227398002028
86.8056983876113
145.40996820176204
110.63954975812463
115.74478934831933
132.0447374725508
273.63620347808376
67.96457967927027
222.62287628204732
170.38521425274809
88.50356426804053
1871.9888983732378
129.24536891042368
164.91006578152508
88.34062340214612
174.32775540000364