94488.7
101583
75167.5
85228.9
94859.9
107271
103404
88848
76927.2
96663
101284
88593.4
122057
90012.5
48498.9
123630
53179.3
108321
101815
70262
93493.2
79743.4
108766
93618
100457
78711.3
108231
102363
81599.7
86420.6
91618.8
74942.2
72584.8
102317
93173.3
93176.7
86889.5
92323
82840.6
105099
95698.5
81838.4
101409
95862.1
108270
80766.2
64311.1
94719.9
94637
112657
69625.7
90216.7
78920.1
77410.2
82962.5
71868.1
98247.7
109108
72495.5
80638.5
117947
58907.9
109333
102391
82543.5
104685
81928.9
87246.3
86453.2
99717.9
97976.1
71626.2
107340
108976
84303.4
81832.8
80188.2
65827.6
66744.4
83191.9
72742.6
64742.6
96137.2
87815.9
71521.6
85411.7
82515.1
95094.6
114060
87455
83764.5
105889
104195
93625.3
85698.7
67852.6
99391.8
94492
76407.8
92774.7
