1.51093e+06
1.43345e+06
1.22413e+06
1.09714e+06
1.63146e+06
1.43808e+06
1.76231e+06
1.66892e+06
1.60894e+06
1.5074e+06
1.03482e+06
1.06279e+06
1.5238e+06
1.7943e+06
1.70111e+06
1.95403e+06
1.46713e+06
1.27271e+06
2.01082e+06
1.43365e+06
1.73524e+06
1.5863e+06
1.70901e+06
1.81339e+06
1.18718e+06
1.6702e+06
1.1389e+06
1.31831e+06
1.43825e+06
1.86465e+06
1.93058e+06
1.4449e+06
1.71864e+06
1.87592e+06
1.49111e+06
1.90296e+06
1.17398e+06
1.56822e+06
1.29391e+06
1.74743e+06
1.5104e+06
1.48893e+06
1.18754e+06
1.2822e+06
1.2329e+06
1.53915e+06
1.37321e+06
1.63063e+06
1.96584e+06
1.68631e+06
