-3.862653571370754
-3.857429035522108
-3.852013308269733
-3.859422266106217
-3.862394845104786
-3.855069814905245
-3.859796888541448
-3.8613969612178844
-3.861265310673712
-3.8567304444098665
-3.862337246562659
-3.8565520072231987
-3.856933883912066
-3.8216400036941907
-3.859017083978123
-3.860278465885271
-3.852597691931199
-3.8604963124724687
-3.845936625764436
-3.8611108146663597
-3.860503307441004
-3.8626442672702446
-3.8621608665936877
-3.861664134168942
-3.854279315627493
-3.8619031586917743
-3.861291109161418
-3.857582747517759
-3.8609173176411002
-3.8617245166017145
-3.860042798289884
-3.8555385726816245
-3.8487713740148806
-3.8531657772305223
-3.8542331338381115
-3.8626048768548653
-3.8613961164781374
-3.8624132942986047
-3.8544130280055016
-3.8621441317014824
-3.854989620535251
-3.862668676011735
-3.8599113590011687
-3.8617468181871955
-3.861900330665643
-3.8627445490283394
-3.8619882834645294
-3.858570169044035
-3.8414829119357363
-3.8623799202302496
