0.39788735772973993
0.39788735772978967
0.3978873577297577
0.39788735772978967
0.3978873577297879
0.3978873577297506
0.39788735772975237
0.39788735772978967
0.3978873577297417
0.39788735772974704
0.3978873577297719
0.397887357729827
0.3978873577297559
0.3978873577297417
0.3978873577297666
0.3978873577298021
0.39788735772975947
0.39788735772977724
0.39788735772981987
0.3978873577297417
0.3978873577297506
0.39788735772980566
0.3978873577297417
0.39788735772979855
0.397887357729763
0.39788735772973993
0.3978873577297737
0.39788735772973993
0.3978873577297417
0.3978873577297506
0.39788735772978967
0.39788735772974704
0.39788735772973816
0.39788735772977013
0.39788735772974704
0.3978873577297417
0.39788735772975237
0.39788735772975947
0.3978873577297417
0.39788735772981987
0.3978873577298252
0.39788735772991934
0.39788735772975237
0.39788735772973993
0.39788735772976835
0.39788735772973816
0.3978873577298021
0.39788735772976125
0.39788735772979855
0.397887357729779
0.39788735772974526
0.39788735772979145
0.39788735772974526
0.3978873577297435
0.3978873577298856
0.39788735772974526
0.3978873577298234
0.3978873577297879
0.3978873577298252
0.3978873577297577
0.39788735772973816
0.3978873577297559
0.39788735772978967
0.39788735772981987
0.3978873577297435
0.397887357729827
0.39788735772975947
0.3978873577297435
0.39788735772978256
0.3978873577298092
0.39788735772973816
0.39788735772980033
0.39788735772975237
0.39788735773077555
0.39788735772973993
0.3978873577297435
0.39788735772973993
0.39788735772974526
0.39788735772973993
0.3978873577297506
0.39788735772985717
0.3978873577297861
0.39788735772974704
0.39788735772973993
0.3978873577297559
0.39788735772978967
0.3978873577298021
0.39788735772973816
0.39788735772978434
0.39788735772980743
0.3978873577297666
0.3978873577300437
0.3978873577298092
0.3978873577297559
0.3978873577297932
0.397887357729763
0.3978873577297506
0.3978873577297577
0.39788735772982164
0.3978873577297666
