-3.862782147820755
-3.862782147820755
-3.862782147820755
-3.862782147820754
-3.8627821478207536
-3.862782147820755
-3.862782147820755
-3.8627821478207536
-3.862782147820754
-3.862782147820751
-3.862782147820739
-3.862782147820755
-3.862782147820755
-3.862782147820755
-3.862782147820754
-3.862782147820755
-3.862782147820755
-3.862782147820755
-3.8627821478207554
-3.862782147820755
-3.862782147820754
-3.862782147820755
-3.8627821478207545
-3.8627821478207545
-3.862782147820755
-3.862782147820754
-3.8627821478207545
-3.8627821478207536
-3.8627821478207505
-3.8627821478207536
-3.862782147820754
-3.862782147820755
-3.862782147820755
-3.8627821478207527
-3.8627821478207554
-3.8627821478207554
-3.862782147820754
-3.8627821478207536
-3.862782147820755
-3.862782147820755
-3.8627821478207545
-3.862782147820755
-3.8627821478207554
-3.862782147820755
-3.862782147820753
-3.862782147820755
-3.8627821478207554
-3.862782147820755
-3.862782147820753
-3.862782147820755
