54.392819478604714
55.897613656846374
244.3010651420427
55.69889407040222
74.560619029577
58.243135248291644
56.13855668304546
123.10887808745731
54.697784488376115
245.42348256666745
58.545536044619155
55.03436255511569
54.9748332198287
55.72286745301814
74.51360728596067
273.5555097021675
54.23385510142554
125.9331108187151
54.2474384423704
131.3603203107018
54.74008107811985
54.02981480312373
58.373045657757785
59.08549015226557
55.161224475232544
56.83965838960657
57.20156459546791
55.43526534205133
129.35871555957476
54.74316979709932
54.30251209336541
55.46530194201195
56.64797631224993
55.66002936556409
54.35908983205531
55.15612445390773
55.36811261318743
146.92078676020336
55.839727725410654
54.68811358521103
52.320264038523355
58.316168655462285
54.703031824907356
56.61821503157688
55.69487226764539
55.76159374577031
271.6274738328483
54.94830247586572
56.96227316438697
253.3497262249772
244.6268018986906
56.57688870408237
54.98372769842249
59.08254450587371
204.83996885001318
53.434930944533384
53.834529707102554
203.9997135503643
55.59494030367179
133.9329398950534
55.21647550115814
56.1920788588025
97.35353602473994
54.16758634594619
53.51114691918894
56.24781681082589
58.80453751504632
156.39347655583038
53.66600611733984
57.09778370142742
54.739232343646734
146.2041600418209
54.91776006105336
55.185015776663136
54.14551439257262
53.09651160441691
54.232034043643374
56.543143573612504
165.01831900041188
55.45480943930906
55.16238923468801
127.25897362893669
54.86438833413045
57.0460535988586
54.09514908491534
55.936169568315535
54.374752775668206
54.68298716287246
58.13135619299935
56.24717858509352
55.16508718303987
53.83746192947669
55.87936410999831
57.16838730443699
62.768273407970554
58.679223885184854
54.30280669953496
55.32882327087391
53.95306619532049
144.97632315050222
