0.0241737874
0.0213188381
0.0480285849
0.0109885533
0.0344402254
0.1023694497
0.0539239430
0.0651828662
0.0540008791
0.2547235578
0.1541662585
0.0417317926
0.0215000421
0.0312680149
0.0347724315
0.0696729431
0.1006025821
0.0135017089
0.0157687912
0.2307695266
0.0114450365
0.1110392317
0.0167052295
0.1147639594
0.0030731073
0.0271021723
0.0067204219
0.1119817545
0.0405310790
0.0192434203
0.0280985607
0.0614698530
0.0587963279
0.0118430230
0.0425174336
0.0076515565
0.0663340863
0.1320776119
0.0463464056
0.0207180059
0.0575929399
0.0531465105
0.0236959886
0.0551361597
0.0621019677
0.1040052896
0.0070047607
0.0321281324
0.0211438564
0.0467052152
