46.76305682243469
62.68236069661327
62.68236527239094
59.69770524709713
88.55129649113888
63.67734214623397
59.69841524107403
55.72521764388955
58.70255477712317
55.71768352725212
48.75466942813512
79.59667245247533
79.5966523921096
74.6389648384262
75.617848969585
60.692439402972695
58.702519030900476
67.65728882046403
74.62220514188562
66.6621712206603
66.66219659385729
74.62186743552752
78.60163536594416
68.65211615731062
52.73280550241407
91.53616088866505
86.5613155654446
91.53677324983164
57.70759918258295
73.62692213773198
81.057194995857
57.707585406055614
64.67227361641915
61.68742967475407
242.8804023619286
69.65268361380299
82.58216869239857
42.799222049552895
73.6273140224755
60.69417963216267
65.66721711348055
95.51598119524289
68.65208502958808
55.71768324954655
65.67668211558646
64.67457436968562
68.65213976709447
65.66741993792868
54.72270545445781
68.6521518655527
