2.9999999999999427
2.999999999999955
2.999999999999943
2.9999999999999374
2.9999999999999387
2.9999999999999374
2.99999999999994
2.9999999999999374
2.9999999999999374
2.999999999999938
2.9999999999999387
2.9999999999999387
2.9999999999999454
2.9999999999999623
2.9999999999999423
2.999999999999954
2.9999999999999374
2.9999999999999374
2.999999999999943
2.9999999999999405
2.999999999999936
2.9999999999999556
2.9999999999999596
2.9999999999999485
2.9999999999999374
2.999999999999938
2.9999999999999583
2.9999999999999365
2.9999999999999374
2.9999999999999476
2.999999999999958
2.9999999999999427
2.9999999999999427
2.9999999999999414
2.999999999999938
2.9999999999999405
2.9999999999999365
2.999999999999957
2.999999999999958
2.999999999999938
2.99999999999994
2.999999999999946
2.9999999999999374
2.9999999999999436
2.999999999999938
2.9999999999999365
2.9999999999999365
2.9999999999999516
2.999999999999936
2.999999999999943
