7.0081560877843785e-06
3.649801306959688e-06
2.1094443192204437e-06
3.3792590622416796e-06
1.946051407131222e-06
1.8878817488188204e-06
1.960190513572435e-06
1.975129187092861e-06
8.966601962034915e-07
8.794316109783651e-07
5.656202700654589e-07
1.9756671959525463e-06
7.747303875094147e-07
1.5834222796273778e-06
2.381934607664782e-06
1.3999222435723269e-06
1.148194354927412e-06
1.2385416355842338e-06
1.3620572169026346e-06
9.25815483832082e-07
2.247397862475964e-06
1.6132780196187468e-06
1.2679890146749528e-06
4.0776044230028674e-07
6.28239753519555e-06
2.83892056884838e-06
1.287966166274579e-06
1.3745675022658332e-06
6.308516361519523e-07
3.279046857485035e-06
1.0676245857377253e-06
1.1856063979465148e-06
6.433257337956633e-07
1.842782203276272e-06
1.5239552350054808e-06
1.4886717019102491e-06
1.905346075581349e-06
9.923599265659888e-07
1.325703732679706e-06
1.818477241566363e-06
1.9676410403235423e-06
2.648289966211692e-06
1.7937240895937734e-06
1.4829109580283273e-06
1.4798547005590024e-06
0.007397179349213023
2.9271523662721677e-06
1.3083314039930016e-06
2.1334493646163466e-06
2.9706944066898444e-06
4.616759433417883e-06
1.3015465256671632e-06
1.0868408411024433e-06
1.5258612190427456e-06
2.9574114287500564e-06
1.9085397213736144e-06
3.0442181105927446e-06
3.817993646459961e-06
3.0759241503863777e-06
1.0963801688745889e-06
1.7059497037230642e-06
1.968214822789527e-06
7.673261998020209e-07
2.9116910060800194e-06
6.07169922117734e-07
1.2893976560901521e-06
1.7071475277852244e-06
9.61424893031193e-07
1.6999175682652634e-06
1.9993920572503043e-06
4.247812205648849e-06
0.007398064190603182
3.7298082395942345e-06
1.3814206968332243e-06
5.621071270334177e-06
9.161028603488219e-07
9.297955461118335e-07
1.4669777846920695e-06
8.837972635955538e-07
3.2362052110324058e-06
7.865848891119853e-07
1.2470177874757127e-06
8.077907465375844e-06
7.603927701937963e-07
4.766592091365318e-06
1.0867309030437866e-06
1.6850453805616894e-06
2.926467862263138e-06
4.272972310204182e-06
2.58325907476209e-06
1.0455892834881908e-06
8.775803831406748e-07
3.3603624376432606e-06
8.450777455593084e-07
1.5505711418173362e-06
5.8439703042312274e-06
1.1804174230301001e-06
1.5988498354158054e-06
2.0616091372938072e-06
2.6814133555763675e-06
