0.013080426498677859
0.04137225498933243
0.003863184426345711
0.017263887983100894
0.0009558619651088846
0.004124024517647499
0.0007602232874520811
0.004514010402547779
0.0059931606352166605
0.0016668601916295415
0.00065550689516199
0.0015343446776388344
0.006708961294817883
0.0036112646521580596
0.0054922078299628
0.009365872986026747
0.026561140929012163
0.005089969829070098
0.0023254690104837104
0.050802728078789446
0.0060328588538426705
0.010538146493341201
0.006284531704264202
0.0026512166689347185
0.010064606288680422
0.030063968980482293
0.01814656888265085
0.009843236537628426
0.01888176767765536
0.022488835344391497
0.01350296058813905
0.002445488263225533
0.010136655712527705
0.010603097810837578
0.0323525851302073
0.0015791985141127768
0.07133106514368619
0.03491485823443762
0.023800166568279966
0.009749711170589134
0.0352690829046214
0.040879288100742366
0.002444260990172126
0.017506424771367934
0.02663880853567469
0.010553798350413448
0.008362218182176659
0.0008142219024204013
0.002325036094169774
0.0014877572070173873
