-3.47583
-2.61336
-3.70837
-3.05979
-3.54151
-3.53594
-3.54739
-3.02096
-3.48993
-3.25983
-3.58787
-3.61574
-3.01007
-3.3524
-3.52423
-3.76377
-3.2272
-3.68911
-3.42403
-3.05086
-3.32636
-3.30568
-3.32353
-3.78243
-3.81518
-3.22707
-2.49818
-3.25836
-3.37382
-2.76126
-3.67156
-3.58971
-3.52985
-3.46939
-3.61811
-3.23729
-3.81243
-3.40285
-3.52036
-3.16851
-3.72043
-3.40208
-3.44355
-3.52835
-3.45286
-3.72332
-3.7526
-3.10939
-3.52738
-3.61587
-3.66409
-3.56406
-3.18724
-3.72959
-3.56002
-3.61312
-3.45322
-3.67807
-2.97508
-3.7418
-3.42354
-3.68669
-3.16432
-3.74253
-3.1691
-3.4176
-3.73178
-3.15059
-3.50862
-3.42045
-3.64432
-3.23338
-3.1008
-3.42945
-3.24206
-3.13195
-3.57636
-2.98251
-3.57562
-3.49129
-3.06884
-3.23984
-3.11727
-3.53611
-3.74786
-2.76653
-3.10843
-3.69804
-3.14113
-3.64002
-3.5156
-3.34505
-3.31196
-3.62811
-3.83003
-2.8992
-3.02477
-3.70921
-3.59918
-3.19942
