0.030939050375805837
0.014481217244841055
0.06434986132902355
0.015960660526470504
0.06871720221744736
0.07796541460706274
0.01299773662537987
0.05131091244433128
0.0564254617988865
0.015768153707572057
0.06533617362507818
0.02021226699978277
0.06099326418879554
0.04037882164733032
0.056434491828818066
0.0376416241692368
0.001094058199081908
0.0020923734837390213
0.014005795049920368
0.12317560787930282
0.09572032202693191
0.0033710044712103814
0.015096282928952393
0.09105307877989587
0.04946399632863785
0.014568500043406098
0.13934356128959735
0.18574335448554558
0.017434408361946978
0.05120709147079494
0.083995488841966
0.011748394563434865
0.04405125837415948
0.0325788820102644
0.053967433590332216
0.04464197772922513
0.03472947643428072
0.006369946242523296
0.25464260732308336
0.03953371822873977
0.017440979900588377
0.0030291406001846186
0.016271206984808165
0.03234902321542493
0.0027957160516988004
0.012951787345593482
0.07336750167802739
0.10811777957409316
0.022827581026665256
0.029325745568940152
0.5301415814513217
0.22098937774582103
0.025297579955026465
0.06418704454261921
0.04384425064785018
0.13522256183173886
0.012230231956668221
0.05050934908391119
0.048221586671310046
0.018901898075609016
0.03284887964673591
0.07561741454109129
0.11563066829855115
0.026139084515124276
0.001420399890875431
0.020211056023220333
0.042412175053246876
0.028574468314351464
0.034245614460968875
0.02887829818560301
0.14276661716409492
0.00215774527155971
0.011901303443090068
0.00907069233536016
0.01971299298698881
0.004529662262336405
0.05658236971129556
0.22702622835401526
0.1340518507976409
0.14698430480556898
0.0030720920751233977
0.023003419336838093
0.0014281216560086557
0.03436270274146762
0.04051058164298848
0.0060539687282582825
0.023713089936644484
0.037267603117295885
0.07274178228720506
0.04077824691288016
0.04558008982878532
0.01540919685431028
0.008043394390553014
0.013254857202423857
0.03887829626830977
0.05860744266684851
0.16719929703267433
0.14199092079092987
0.13424620265771836
0.08665683980734366
