1.2883549560527285E-7
2.615584731024967E-7
2.5767568745393987E-7
2.5829990990544616E-7
2.6461437530045373E-7
2.221626371756713E-7
1.8727809036889198E-7
1.917085765690274E-7
2.8025838050282914E-7
1.4016235683200762E-7
1.6521384482715007E-7
2.1671289518465642E-7
2.0665741518044456E-7
1.653991898997731E-7
1.6234232136369542E-7
1.6025837057398462E-7
1.6109570255551375E-7
9.948689383421083E-8
3.15801767403201E-7
1.73693916583062E-7
1.684565558157658E-7
1.7107878180766534E-7
3.179069953951341E-7
2.287238847209494E-7
1.1829816815023264E-7
2.425434293407136E-7
2.5083245036583435E-7
1.5751967241683928E-7
8.503407800120044E-8
1.3493355099924997E-7
1.756025054255872E-7
2.572634056896561E-7
2.3459558962102278E-7
1.5083493254408609E-7
1.63439886069483E-7
1.9482703494944076E-7
1.6522055590328932E-7
2.355990180724632E-7
2.1928653781699836E-7
3.2095728785819233E-7
2.199688862170035E-7
1.500778492591337E-7
1.7074742730827097E-7
1.3444876545420925E-7
2.2887386963432732E-7
1.187741500707773E-7
1.8984322069925952E-7
2.3846747554401304E-7
1.3537858167822492E-7
1.1644649022812814E-7
2.399866692037733E-7
1.0897801816511787E-7
2.506669045665433E-7
1.5507411577075914E-7
1.5271739828293107E-7
2.6752309212341174E-7
1.2687041861525472E-7
1.50634246853798E-7
1.5122217478236166E-7
1.7286529940818696E-7
1.8121861744546663E-7
1.8203956075879546E-7
1.666922035958862E-7
2.2148377754049875E-7
1.9182607902124005E-7
2.812424999554253E-7
3.206727154925204E-7
2.049930896141916E-7
2.4076727145327936E-7
3.236262142713997E-7
2.526848708050977E-7
1.2820559591730785E-7
1.686609256701388E-7
1.891466259174024E-7
1.1761154228295823E-7
1.2318057729387988E-7
1.4931702851939122E-7
2.2498985119412396E-7
1.0819284712582089E-7
1.8283034508570495E-7
1.1171036762291919E-7
1.8369997123457438E-7
1.8735883289267008E-7
2.3395959702909863E-7
2.4820860788921095E-7
1.376804950048438E-7
1.9284646812778306E-7
2.4938821896469676E-7
1.484663880724213E-7
2.4350854532784183E-7
1.6468286689885758E-7
1.7021885456713903E-7
2.2518568032481312E-7
1.4041672757869605E-7
3.3383198827507954E-7
2.3801034076953442E-7
1.3860022507472536E-7
1.0239341508011535E-7
1.9464279477077184E-7
1.9954051255766103E-7
