17.958435291919482
5.415888993955953E-4
1.42102695896984E-4
1.5535685933842913E-4
18.252301864467857
2.8289149690552406E-4
2.692076776544816E-4
4.8636811020630333E-4
18.267507403995886
1.881032781487768E-4
3.203510558020817E-4
4.393707804060121E-4
1.837865578164788E-4
6.891162199496037E-5
18.42316033238922
3.2107165017025707E-4
2.3968238661042918E-4
3.4993788426662675E-4
18.212714439398756
2.5664282998549837E-4
18.39104881360585
0.0019395789732290503
18.194573438649574
1.1948164272057582E-4
1.1687537707461004E-4
7.978635740362172E-4
5.25848613435631E-4
0.10034193004602843
4.218687749575345E-4
18.082769205537726
3.380916460185013E-4
1.1549600237659163E-4
0.0021359502461817392
1.0763100511868018E-4
2.1388117069109924E-4
1.944944235217072E-4
3.799523505461089E-4
1.306579536231034E-4
18.389344753650132
18.396781461629804
1.343801827329294E-4
18.44833123853706
2.3131714955626492E-4
1.1571641385588194E-4
3.207458354776982E-4
0.0013784139566976883
3.643911173907277E-4
1.1000410698303043E-4
18.206778849107106
0.00993945369813476
9.17242563414522E-4
1.6303448718035796E-4
0.14752664605252308
8.941601110348252E-4
6.373175750202797E-4
7.447395180730787E-4
1.2589873521351436E-4
3.215106537379775E-4
1.7623048756520987E-4
18.401009495092687
1.6668532513408607E-4
2.341896770166052E-4
9.44450229952043E-4
1.556105546538511E-4
2.1631303765845544E-4
2.548285646466475E-4
18.30242304310161
8.324611780752278E-5
0.0022587525866559766
4.815275249869799E-5
18.362606061201877
2.792389462915601E-4
2.787053541344342E-4
18.34524600217502
1.3827819184841772E-4
1.952219885983375E-4
0.00599401805016031
2.2897540972310892E-4
18.26821558245867
4.467056238555145E-5
0.002674408149488716
0.0015019758853900278
0.006131924264586974
4.8075777288447696E-4
2.494909439438864E-4
18.429351720333663
2.0162505833143385E-4
18.380571739908305
0.0017317220852324233
2.1250813223305798E-4
1.4121996417104654E-4
2.826337767705134E-4
2.189719937537582E-4
18.355824433402876
4.8625899182086485E-4
0.013605393712435632
17.41155354200124
0.003239528906718636
18.325152769216004
7.29167867458802E-4
