0.399683384415427
1.2389015962948755
0.9856361697417029
0.548731914480454
1.0483453441886357
1.1821029905887166
4.190874886165928
3.351001538072308
4.232406653830018
0.400344793120904
3.427432801829371
1.0882559087374029
1.6023019107986232
1.1493226481769538
3.8253714925950715
1.1851892547780023
0.17564163562898252
0.5448388812793614
1.994238823908593
1.507557360465144
0.9552681578622705
0.6960383277310191
0.9388362556254243
0.464827009892776
1.2524452281464098
2.1068896041588956
0.9060260786550294
4.273237312871095
0.5370634664626478
0.5473590275578535
1.6410072177108843
0.5176097524312844
0.1812376356775676
1.4630784533878303
0.7348254171354619
0.4458751060062699
0.584031988008915
0.22907056964007347
1.09387651114339
7.51820326094239
0.5182594843275404
2.5862794023761966
1.4943594991686244
0.7643161170202538
0.8094369222124029
1.3753536463249898
4.34841800228194
1.6499512804290055
3.7291123867388127
0.5725409817307121
2.9398584454576118
1.214833013524149
0.2820457125176663
2.43402862836159
1.0263037329147717
1.9206787372260918
0.3510344068275422
2.0641775698353912
3.003015686555311
0.5434458230692975
0.42508122198663956
3.12898856379225
0.34656389289969536
1.0380985875691922
2.1234033891454627
2.9543985403053274
3.6278748693750775
0.42838322069353607
0.9008918112350097
0.9824749194621717
3.098793205121866
1.6896497522848402
0.4959633149080323
2.8242054777286008
0.9832476711016211
1.3020227222462253
0.6821200384060291
1.5133155121107071
2.1393055870583018
1.0488153049337923
1.356615110257818
6.364933679351486
5.32215365587237
0.3979578475288879
0.8167986506501154
0.5761263775334207
1.1195364921826172
1.933631959434963
4.852527435417741
0.8024941603013166
1.0035225688210676
1.5379243996533918
2.367772556681895
1.806291303133904
0.9204779760711431
1.603715238859982
2.9384070541138754
0.32259173419415643
2.5166546139491857
2.8997490415142946
