20.744704536390394
19.712547514911467
19.78829496094345
19.72219030855337
20.90944576323815
20.91638295646327
20.975179929075153
19.792267463752648
19.76034376857161
19.799998815439157
19.705042962431847
19.933798418825457
20.70755371124891
19.822599411516695
19.749545946005806
0.16113336240711762
19.757433226719513
19.777529388077713
19.813583557214972
19.78917711400118
19.6885201484749
19.70765605157717
19.597166569574405
19.814586965575913
19.60109697103102
19.794720979327987
19.710961075553215
20.974416738184562
0.2868241443179369
19.718258505553226
19.610500244018326
19.76172920802689
19.777200859059096
1.4132042654943153
15.12860695155807
19.761567781185132
19.85885401400719
19.840525285704604
19.774267929215156
19.795806527601982
19.920727145905943
3.8915380501817194
19.83047030004379
19.851620223876278
19.82890531876018
19.58423201856861
19.891757264879825
19.66772574093104
19.78733030771497
19.723313536486803
15.692816288111768
19.835775713787342
19.846154336584295
19.78917711426042
19.755897787548346
0.01627297724886434
19.79461268952284
19.701187962042265
19.802315720431217
6.335538877342806
19.695530420162218
21.029716618922276
19.76662679986882
19.849298883752674
19.607984697812977
19.859545318315888
19.828750335686365
19.77581004346261
19.693430945054455
19.808146463869875
19.74687927516668
19.69147564849162
20.806427954339725
20.789189586576583
19.823547484576494
19.880689911198704
19.766265327558703
19.775641873158005
19.69682685151936
19.77652250964776
0.058557621843121854
19.786234729050456
20.809011423868775
19.79532387478028
19.839553509786494
19.61806735916431
19.676588036279295
19.73998910023674
20.976908299829287
19.838686565201165
19.72947599141595
19.74994581751179
2.5617344208095685
19.812128016810448
19.86055126261801
21.090462686469447
19.997618969994146
19.860501344889848
19.674574267915734
3.4641813649259636
