0.0003260754
0.0000001084
0.0000931687
0.9951371574
0.9949604428
0.0000079840
0.0000532229
0.0000289898
0.0000001033
0.0000100133
0.0000206383
0.0000890341
0.0000109587
0.0000015228
0.0000014718
0.0000040390
0.0000065253
0.0000384277
0.0000001300
0.0008640528
0.9949591944
0.0000000872
0.0000004120
0.0000019187
0.0015775025
0.0000111923
0.0013699235
0.0051451606
0.0002912905
0.0000175384
0.0000080926
0.0001173125
0.0002714536
0.0000044457
0.0000003844
0.0000251802
0.0000000653
0.9951440303
0.0000353799
0.0003898038
0.9949861131
0.0034412910
0.0041813006
0.0000926986
0.0000009938
0.9949592545
0.0000001552
0.0011652366
0.0000040292
0.0000055445
