1.2594872536271635e-09
1.5900985537953949e-09
1.0715468768181e-09
1.3513172257602913e-09
2.525063192029334e-09
1.4221573513576273e-09
1.483766802745907e-09
2.0009291777089046e-09
5.869285751226366e-10
6.527005153445447e-10
2.158647721440004e-09
4.3848873282493654e-10
1.0966699272599452e-09
8.977921491729501e-10
1.4345373127638492e-09
2.5612293289411046e-09
2.887258383318721e-09
1.6798329510188054e-09
1.5219880091051447e-09
6.243363002971924e-10
1.4517042516263555e-09
2.3401161167014916e-09
4.527932199998996e-10
5.688300387891103e-10
8.650782291868649e-10
1.6246368365670458e-09
4.732422679813113e-10
6.607860908673281e-10
3.50689375118602e-09
1.5884466707674303e-09
1.381000292891687e-09
1.006408990952117e-09
5.454780868269825e-10
2.6716125650129245e-09
6.95233465694897e-10
4.715814348298664e-10
1.2980521027725966e-09
3.200215501959332e-09
1.0688162498169473e-09
3.363995181193109e-09
1.1538799526193906e-09
6.118081148921569e-10
1.5531463561445584e-09
4.0678120613772826e-10
1.737289528564614e-09
9.825151180858964e-10
3.5274103993991865e-09
1.1949135383778513e-09
1.0581959527577032e-09
1.480062047524419e-09
