0.04002783855724559
0.042593491770091335
0.11466338065179477
0.09053870977167848
0.02843966728548862
0.036389086951872984
0.06275662165159213
0.02938678158135722
0.012712172803174172
0.015570870017370486
0.019778683586298362
0.0208801146283223
0.024856424386390213
0.01811964092844678
0.10536319752970454
0.009155051776337332
0.01347027099388247
0.008175164665064615
0.015563021474088709
0.016323993239085014
0.1436476591151834
0.021036104694388616
0.014763625049566246
0.013804127190029103
0.2146152755791872
0.02886477707477855
0.03570120967806902
0.02250312156406778
0.04876712643353625
0.023398641641137644
0.02489422811380429
0.02067929135148228
0.09311967263190486
0.010623196634627095
0.04295190794019383
0.03233653975071607
0.01299304908164309
0.006199192403121227
0.0356097269448529
0.01347573526636646
0.12024435960578914
0.008625286756615173
0.018077303698071222
0.006968478702523466
0.019120701172314077
0.08120964631026864
0.0465693099739465
0.01605700375501466
0.06581720273094226
0.019014341082162208
0.046643950355561375
0.009429849085398057
0.011526889679646558
0.03048563423211309
0.008397470740151942
0.035608141170242975
0.027885295314309666
0.009762709559175235
0.07379084642300118
0.03844682832605339
0.02024273230644491
0.011581719036397495
0.004960764653803094
0.05550378607268719
0.019615352427711206
0.11100979056049422
0.04221478067905304
0.012964779037960455
0.025880843291083918
0.039045997833726434
0.029086862378417695
0.019493621123703044
0.03160726365532202
0.008813892095907152
0.015653638346930263
0.03160469907877512
0.05179908639256048
0.018704540432185487
0.01274217048566825
0.03643274176783206
0.006190762233628776
0.01780101554727748
0.02147040592141567
0.070118045450951
0.018516126021400726
0.014246159411422387
0.014002570494022567
0.02125141721608402
0.05889223736591055
0.05144333554785854
0.02608471962041304
0.1934045168177457
0.020717345940221347
0.002723745260828289
0.013433665317795638
0.053091708525353894
0.03272762824704686
0.025148261136094755
0.018337873708990742
0.03698874786052509
