-1.0316284535
-1.0316284535
-1.0316284535
-1.0316284535
-1.0316284535
-1.0316284535
-1.0316284535
-1.0316284535
-1.0316284535
-1.0316284535
-1.0316284535
-1.0316284535
-1.0316284535
-1.0316284535
-1.0316284535
-1.0316284535
-1.0316284535
-1.0316284535
-1.0316284535
-1.0316284535
-1.0316284535
-1.0316284535
-1.0316284535
-1.0316284535
-1.0316284535
-1.0316284535
-1.0316284535
-1.0316284535
-1.0316284535
-1.0316284535
-1.0316284535
-1.0316284535
-1.0316284535
-1.0316284535
-1.0316284535
-1.0316284535
-1.0316284535
-1.0316284535
-1.0316284535
-1.0316284535
-1.0316284535
-1.0316284535
-1.0316284535
-1.0316284535
-0.2154638244
-1.0316284535
-1.0316284535
-1.0316284535
-1.0316284535
-1.0316284535
