19.8443740996
19.7898857596
2.3849660634
19.7551476588
21.0953420168
19.7947658022
19.8100615636
0.8816871890
19.6988074749
20.7772358378
19.7495268849
19.7759745530
21.0621801978
19.8685743140
19.6980637832
21.0407477641
19.8182430345
19.7759586227
19.8434520908
19.8958452695
19.8786424868
19.7390082806
19.7122799379
19.8029283099
19.8724955681
19.7704736190
20.8116023885
19.8214308610
19.6690913814
19.7592936651
21.0017376240
21.0763396064
19.5811734035
21.0856310907
19.8104417939
19.7875330173
19.8052996590
19.8558821237
19.6953363244
19.7218435686
21.1302311433
19.8411618883
19.7761242554
19.8204943770
19.8084489480
20.0792765189
19.8547470722
19.8070277090
21.0964528214
21.0460502403
