4.009525559424006
2.0162699183455803
11.71869956206306
23.809434471296306
0.9980339234144158
5.933573737717408
8.84421499970104
6.687614462215137
12.670505811135916
10.499158284095564
12.70062532199944
21.988407545965927
7.873992977132198
7.978498491852739
1.023926930675719
20.37832744180789
16.768347538569166
12.688101071631968
11.018107470524921
9.381194399913715
9.803897942835267
9.803897942835265
1.0212369984893355
23.809434471296303
18.731299816493472
1.1334016481007072
21.988407545965714
16.440907314171778
2.035674846934728
3.1444740779095066
11.719157622216294
8.841564835155921
6.903335694220141
7.601967981350695
13.42993573374817
13.618608923861382
23.809434471296306
9.803897942835263
18.096068662522242
12.974342818265006
2.7633607298822795
17.374406500489094
1.0991541590214253
4.500387360504529
8.840835962754234
0.9983356508242284
5.317988965496442
9.803897942835265
7.873992977132179
1.9944565870941733
