9.6874e-07
1.02077e-06
1.00864e-06
8.07528e-07
6.22937e-07
9.22011e-07
8.41932e-07
1.20373e-06
9.4104e-07
1.24732e-06
8.95833e-07
1.34125e-06
1.1702e-06
1.61197e-06
9.71106e-07
9.56647e-07
8.53107e-07
9.40571e-07
9.81491e-07
1.24558e-06
8.91088e-07
8.45795e-07
1.0204e-06
9.37765e-07
1.10536e-06
1.06874e-06
9.01961e-07
1.09747e-06
8.71625e-07
1.20541e-06
1.11008e-06
8.01677e-07
1.18746e-06
9.29079e-07
1.3892e-06
9.0381e-07
1.00997e-06
9.55014e-07
6.1218e-07
9.04094e-07
1.17205e-06
6.84535e-07
8.31743e-07
1.07887e-06
8.78695e-07
8.95777e-07
7.21442e-07
6.45115e-07
7.61893e-07
1.03978e-06
