0.2008299037
0.0094528566
0.0700044138
0.0094668764
0.0188682946
0.1545204914
0.4117940376
0.0593379919
0.1407101447
0.3453675695
0.1590791643
0.0221779426
0.0133093100
0.0843036633
0.1442876509
0.0223185188
0.6942538438
0.0353176880
0.0089863208
0.1499331009
0.0822474793
0.0131777733
0.0383136740
0.0187378141
0.2108516060
0.0273834174
0.0619152488
0.0297986130
0.0534324944
0.0022662321
0.0336740830
0.0242990648
0.0110415197
0.1551496915
0.0332058768
0.0276094990
0.0446927251
0.0294948073
0.0518810107
0.0120063768
0.0788445791
0.0721030364
0.0509299593
0.0374296298
0.0313878656
0.0248710907
0.0199114893
0.0257092751
0.0671623258
0.1930105988
