66.66244499247
59.69768297551059
56.74291195979936
63.67740588694562
54.25941495952088
95.17804947910713
50.581833416445875
58.70254131566901
76.78487047847068
93.90069015666421
66.02314098856789
80.59197318902125
85.56677579228494
67.07359076212163
83.62597381102455
75.61908982851037
65.2126045076576
99.60586913294969
52.385330860274166
60.045824679642806
97.56757257196574
77.00560650435045
71.72919637084306
59.816976662326624
60.692601330594925
67.66222372780055
75.62159276337559
94.87359185136165
71.52700629406115
66.66253551091427
58.7139872712562
40.79347825112836
72.63220771346539
63.67739328810637
104.42238719177959
67.66394489404706
98.66091785016584
54.16928733176212
58.241011555704745
52.7531908610498
69.6535264531409
55.72042359893544
48.75375218179079
61.721844251468156
79.94637353654537
71.63758380478885
78.01780248139755
65.75881688362028
81.5881574851029
66.66254339823593
