1606.7928959519238
535.7564707150437
2030.6605717655157
1734.1014406379581
1459.1754171730859
386.51676962454525
2489.0184844179016
434.4914388532698
1485.3714055960468
2827.905968535888
1359.2256200036911
5585.631305924385
2256.7694236659217
769.8810037725058
6059.978091488662
498.52179720259875
869.461079890596
473.58415842977666
817.5410762211089
148.77117493753695
2581.5319998352043
3688.081486539379
1784.7271344564901
2008.6195741932934
1551.601659482917
1655.4923733465237
234.06309151999397
3944.257790109766
1134.227255031891
3481.487897582498
3529.261023406877
289.4178659425772
7363.511990130791
3415.3802999739673
5755.628408198278
1658.3326719447916
661.330705992187
3584.883663895224
263.2177286613345
1528.6277308303454
2455.624308179848
5293.56420599049
358.08605450306163
505.57190280965483
2374.705081143418
795.0591733281143
766.1862268215428
63.513010957581905
1065.8730335665373
1424.6147057729888
