1277.31
1179.07
1275.06
1266.82
1169.29
1028.47
1252.8
1155.02
1203.25
1235.17
1223.9
1179.18
1297.12
1305.18
1277.71
1286.3
1177.21
1232.75
1180.65
1273.65
1159.1
1247.14
1273.8
1146.17
1171.83
1130.96
1068.37
1214.63
1229.24
1283.02
1308.93
1280.63
1322.62
1293.81
1277.97
1062.55
1210.34
1182.76
1215.96
1224.95
1204.22
1133.82
1163.44
1210.83
1236.83
1181.69
1255.74
1138.49
1244.43
1256.96
1242.72
1221.22
1209.85
1294.37
1236.83
1217.23
1247.18
1229.2
1301.76
1278.81
1148.59
1231.75
1287.78
1190.99
1264.53
1269.97
1266.29
1283.08
1217.36
1323.82
1158.79
1220.76
1141.81
1276.08
1143.4
1194.56
1264.29
1301.84
1232.74
1194.13
1194.65
1195.8
1296.9
1124.05
1215.04
1221.92
1286.68
1207.21
1235.2
1285.92
1212.93
1231.47
1255.55
1210.83
1222.11
1235.75
1175.06
1246.3
1234.1
1175.71
