2309.81
2375.67
2077.68
1807.26
2379.86
2347.86
1999.64
2244.9
2202.62
2261.6
2403.27
2160.7
2385.1
2125.98
2024.22
2182.96
1958.68
2163.95
2073.71
2211.03
2386.3
2157.41
2220.28
2235.91
1999.91
2060.88
2403.13
2104.95
2220.89
2286.01
1977.47
2256.54
2002.2
2479.99
2376.08
2186.82
1995.42
2106
2394.85
2103.94
2118.04
2120.5
2120.63
1846.85
2218.05
2452.94
2150.61
1967.29
2296.26
2227.36
2169.63
2211.64
1766.37
2063.03
2285.85
2409.17
2181.01
2473.33
2060.97
2539.36
2237.43
1875.44
1915.95
2265.88
1929.99
2074.62
2290.79
2291.4
2053.81
2256.31
2237.26
2406.46
2177.33
1663.92
2104.27
2053.84
2087.2
2231.55
1710.44
1811.62
2454.41
2149.25
2083.67
2127.47
2224.93
2415.91
1696.75
2410.07
2365.7
1883.4
2368.32
2195.03
1943.94
2122.35
2022.37
2140.93
1922.73
2320.76
2206.48
2198.12
