478.0056106084061
519.8159351244603
524.2505307451326
543.4855227817776
523.8515649284501
504.5520711361751
543.6185050050607
473.3609006029384
509.2514392954208
510.3659311247967
490.634925294474
529.9831870377079
482.9426812127916
501.8345966519427
512.4645564584577
536.3466452762632
496.30553875261694
498.8805535018435
505.8615508551659
543.3216001035041
502.0546777078117
499.6245487946378
489.0493676400179
493.3344330087003
542.6609787183291
526.214869528298
503.0944935348889
521.0899671742194
474.7336916093988
526.6167600802713
518.2202821255922
531.6381363582282
542.88488489436
487.80497960383394
534.759300982571
511.1731976855606
494.06162219518785
518.9395696261383
470.75532309334864
499.8019884871656
526.8101863660601
512.4535469382417
519.3371263819911
497.08277376452975
494.5649317554641
543.8815982988347
531.6617084281063
488.86409315519546
492.5536609054442
449.06908119366693
505.5844605017621
467.5933488939594
532.2415024722256
452.1994147156969
536.0700021922562
492.91618826200903
512.7958988829405
510.5500871045001
530.6055253608449
493.15866395900866
511.2162667623158
464.2535967140582
497.5797863189797
469.17383281535996
532.8762444651782
521.2592023441674
439.6060483459133
496.7647649917549
513.1097150886826
508.1649373958987
535.8836595868431
493.28642893581775
520.3729705849678
500.1666556355991
473.45881914963195
482.52323787848616
520.4009552724312
533.2028765638478
507.04512259579485
487.26574578285897
499.2002783005422
462.81870565880854
500.42200333538597
510.231448442751
471.5317998612244
519.6933438305917
520.0605003285091
544.3317376203141
537.8105050227234
494.96118444538865
531.1190068311648
453.88384062284905
511.36897468393795
476.99086048674855
523.4080704632028
535.5569910663038
461.5131101546432
519.5674604366145
506.28246889170236
474.62481032495793
