7.091729867470968
9.06821407555255
9.084946816728701
6.425347338968521
11.444219338486528
10.07213033655433
8.942842502382812
9.7226741312245
11.9552266275957
6.318480271824004
7.421266840480396
12.557595507873907
10.77651835134837
5.908747264657096
10.109589240837519
7.147932506819405
9.314402259760914
9.75129585896392
9.515394000496675
7.586527082528062
9.824784200577833
7.061042750945728
22.336799052753225
7.133725543422221
9.443355852257584
6.833820559737482
16.00842068169952
8.025812596033411
7.463247813410806
7.203662893092499
10.46176466323602
6.295673465860097
8.839548752714903
8.95845896398562
7.2172212102579865
6.553289576850621
15.136559095126009
4.904467250946366
6.3754383297232655
6.527799420035684
6.45053687138365
6.725290013461522
12.216896319126672
8.42194447414795
8.054570709858051
6.591326645963959
10.062945402959281
7.398581177232755
7.566914257532144
8.28105048875415
11.458974315056297
7.5969855491598315
8.019051355951325
11.555296828214278
13.838597385165075
9.03031971364548
8.309950975071978
9.852691350494865
12.285678521779445
5.9737318229597784
10.168444923704701
7.886026250721852
4.8114410762057425
13.465481242436086
7.504139013589069
15.936702805454887
7.932502042584423
10.197704608932007
13.27451853173837
14.982718079026462
7.107543796278586
7.619554829766228
6.067781896967729
8.83274914557949
5.447354533580744
16.384750231191077
9.43809174354084
12.455702326018503
9.852856473071123
8.465060228751021
13.039997498712701
10.11300209968234
9.76438113004853
11.254231533748243
7.583851585614412
15.383881341399409
6.583646943259831
9.12290911092358
12.877514359778674
7.656425222347607
16.044201296244875
6.534327481280848
6.78532674873234
8.009837037353268
3.9256344645131573
8.569999502429889
6.990490008795406
27.80465163918297
10.626750005930512
17.931970054195737
