19.899841059253767
32.9356879859028
16.403689442851825
37.4277306622282
13.820390201326342
5.986395539397128
11.80892993210809
9.082679148729227
10.328265397853794
15.409805145427846
7.472104436376563
25.22522198311664
12.877632785732885
20.195325843611
10.885150729966385
37.192926571444474
27.102462251712755
18.66281399069318
15.62425737291227
26.366223853046076
13.317966130884118
6.519387725631642
18.423201662421132
13.168347649949782
17.52533161891195
20.673777817729754
19.701198221573126
9.491480534422514
25.34955867859655
13.179434057546732
20.42479142273479
22.004786705375615
24.529066801780697
7.941379928935587
7.5733968446970765
24.55274800704097
23.2793134199735
5.841209607573753
12.338687958388013
2.3713088592811333
9.279535043415127
29.73635033173143
20.060781411940912
10.007442136651441
20.256712381636536
11.946978953115071
4.1322401088646
8.69779019461842
12.625635040375506
21.98006817424533
13.054800445043938
8.598982052697401
14.228307666308936
7.409937554684223
41.550637421434466
27.725608529346108
9.94538906731959
4.747716240029516
18.628685806807425
14.900581435139928
10.354442925824802
16.13723067847165
27.49486559088298
15.971414434870388
16.967339569137874
9.097063054588457
9.906077001581622
8.350156687577766
4.474743831206977
17.626861982742142
10.561346386342146
16.511150762696
6.254016188768559
14.658141880792899
27.80879649750613
17.91307692619287
27.55778640640782
7.519423338110629
10.0082435301836
29.074236649628908
12.739173723465864
40.348981914494274
27.91418446556707
13.647955651303034
22.638205201263258
13.522756337527154
27.983440693949923
9.042746382655924
36.48303306555578
11.308658706763497
18.19682540310786
12.379893340445296
17.732367531685536
26.00848429097387
20.421740122457127
13.071688094995723
43.588896168064565
27.914848165326475
16.741030216958332
12.029197952150556
