181.39625762330934
129.87959620686567
505.54086933199176
267.36807025971945
76.46298655913964
149.012988609563
206.30488070403837
597.7572596807472
577.5481139281464
179.95118446138682
950.6739362759101
358.0805109337824
240.34563551337203
108.77573286395153
1684.732311742131
2184.3832515477197
310.9437908490935
210.60048556259403
480.85302972393026
105.7490643794354
508.38252001934484
248.16711006775483
454.48382321427465
278.21299335479455
159.1154817536211
118.90973672281804
339.4625502183286
199.32092298627956
143.0048207672754
165.71121327808305
122.78970176278325
377.91472888124133
294.1603197888655
481.5164157669831
155.29984945811393
215.49066790842807
103.18973000379054
557.2845682448116
513.4984450285546
153.69610309939742
80.29660373049522
160.81715240540157
302.18417264503995
496.09161826210254
249.17384013651088
334.3809607857687
359.51710679274265
267.08191824877207
1202.3998631243091
397.5258821215606
816.9453773688855
156.29188232795144
156.3306413038571
205.01925254705316
175.71544137602655
365.9368897327917
83.67847766542494
148.18211565262177
129.76529777539346
396.041127726534
159.03857342904675
435.5231261507178
151.9623561019774
289.41746474357393
245.33940413454627
424.65961331997426
383.1224072999047
172.59639632355865
296.98856872318714
133.408245824289
212.05745020232555
215.01225564361556
60.877669677579014
162.49255200465512
313.3545087935719
117.24321599011799
255.20789588034546
148.54353226612585
132.03612027668743
81.61811060301962
195.3644162612606
175.43264633189753
359.262025982348
72.67720120475595
245.8280440336239
803.7654717358582
201.48329359171606
195.47592782932222
197.61072585357627
208.48889753394727
189.6652188184022
1255.8159925234322
374.6010324823968
470.281424653743
183.09698125975777
188.56904569070537
341.6316853392412
285.3172274637556
239.4339384869547
169.32793566713497
