468.1762006588251
421.1504493043354
244.46110357182505
130.18682612694136
315.47076528081857
386.05661378567277
362.55982401378014
486.3113588042962
672.48500695148
309.7042723995348
572.0819475675005
511.4463797642784
1088.1129511188344
324.09918486143215
697.8240858784425
295.2740690060508
776.9345732551358
744.2041933246936
349.21430146813225
452.737596856468
714.511193809548
585.4454763935482
611.3636672256027
426.83396347655145
469.27501019381515
604.8191244791578
348.6713329461579
352.7334237167527
416.5118329737869
548.8480856208428
747.0753743511559
880.7063002836093
515.3066635276824
424.51536337232636
284.0859822126465
471.1815148800768
491.50028208550344
624.5125309703986
524.3155512907584
299.41712979928934
437.09400670525133
700.0207746884838
376.59110136579187
392.06251942637954
357.4852202007168
490.5783497847964
642.4409201750216
404.41279576176686
525.8231782346619
700.154028531063
447.0104104191331
332.5094513591306
427.2606607243423
421.56433089695525
289.49238394632965
1054.4213326254735
455.4149471324558
825.376929424515
486.8932922525871
1016.2007337694764
357.2596222774934
631.8237782324816
469.3369818576341
477.0198227064363
562.4908862551795
500.3090828137882
451.6110723081117
1009.7041089214875
368.08907896620804
461.2778864206844
326.87479843415605
361.5586100720683
519.0146624326204
526.7873390991238
1001.429201719351
315.0410020539014
498.1539958084941
460.20780448292794
862.8970763839153
256.67029713772484
327.1726772478654
774.2970965965035
204.95245742667845
631.571341677861
613.4940130360344
461.4345216418652
479.8539156058839
215.607354667117
365.92310191570283
509.39329136860766
360.85048126391945
219.82065568686605
274.3582435148586
498.92437567522643
613.1733889722353
491.9623297960275
354.0490253220701
374.8551251479318
240.39205829886754
492.09508137034766
