4.386729195818635
5.156966968079953
5.2125110191937125
4.638995895622259
5.5276522261428624
4.43404203749067
6.505954282191524
4.610203171080698
5.912503671536022
5.236697287827919
5.401338946603282
4.9502750477102175
4.520678445882069
5.933890390037835
5.144722256572027
5.838083558855335
6.0020763083481405
4.994264236754919
4.17605864363728
4.666394267311162
5.185396667429085
4.648341716741232
5.994283585449583
5.293133443939659
4.862599402364996
5.324439691125857
6.244678279344381
5.360246685280188
4.230094336184912
6.198997855046191
5.419564098184615
4.11454352985028
5.153803920248496
4.644579028168238
4.30825362118583
4.590598585995689
4.797480134298489
5.4881152637322685
5.786055050900277
5.205730458248961
4.947349682893151
5.048379473949893
6.252057135677102
4.970614886058922
5.723056595879292
5.406302981263
5.179865415490582
5.249845903327266
5.671740175050509
6.34787789219299
4.958598656479371
5.439670400682449
4.607048631798072
4.398189920577202
5.218852017111217
4.826787018273041
5.752154010429972
5.182796606918952
5.595864870070635
5.4473237389061495
4.725598401268851
4.174723708281924
4.599351296626505
5.568995022672926
4.876639527700302
4.811026794928914
4.8190677143439835
4.573131748397692
5.122190710108693
5.6368919697298985
4.220879991004413
5.579207375934207
4.93002800982816
5.74269337706399
4.582343665042622
4.948238764190307
5.366504112888435
5.939095970241091
5.7304625852560065
4.513891739187059
5.457178642224328
5.111896492105508
4.601881096333461
4.903532462694283
4.828298724389946
5.524456332820673
4.800199601764838
4.512756787034512
5.104988558100814
5.431125796288743
5.246064983876916
5.844968973638142
4.876646043623548
6.099036264162507
4.793935470765486
5.8535997405328715
4.594255183536863
6.071894876762503
4.647985506920847
5.264970330867257
