0.5034470257
0.5976453096
0.2562272996
0.1921267653
0.1060081169
0.7073371877
0.0683608846
2.0838096866
0.1026217920
0.7985854458
0.0836196021
0.2237089930
0.8312137827
0.2492927339
2.9155551900
1.9731613623
0.7359337097
0.0317715946
2.8445187206
0.8393756165
0.7869807671
0.6612169998
0.1486622374
0.4542016877
0.7376826960
0.0593844558
0.2535728927
0.5028028307
0.8591679754
0.0469991131
0.8253967258
1.3664021426
0.1461766012
0.0298730245
0.5173959715
0.8008185956
0.1672993361
1.4719112982
0.5126817490
0.1640698177
3.3362971818
0.2478909022
0.2656377155
0.0103235002
0.1412154409
0.5644669940
0.4587623304
0.3490303556
1.1620753976
0.3264425592
0.1513362077
0.2419140401
0.5126388688
0.7274716281
0.1588801426
0.6375423896
0.4468378657
0.0121106615
0.6891699116
1.0262362861
0.2021365110
1.5422979394
2.0565987387
0.0926966925
0.5432937045
0.3822983402
0.9789750225
0.1016212613
0.2606894217
1.0646830179
2.1995028966
0.2360919005
0.1220095674
0.3700572463
0.0948340318
0.1430192294
0.7429964650
0.5077814945
6.6673004047
1.6091198957
0.6950290457
0.6981532173
0.2778977439
0.6784894080
0.4483179502
1.8346102187
0.1178979602
2.1133006772
0.2005899094
0.0691811301
0.3410692053
1.1206805308
1.0260135885
0.7530743924
0.4459970371
0.7120709876
3.5890803638
0.8868121432
0.5108689650
0.1171378446
