1533880.4828357431
1265111.4784471230
473808.3499268929
116243.6525816897
188248.7017702711
1171730.1851406435
2339685.9422223871
539523.2852849814
422405.6702602713
661967.8738690260
384685.7926744139
223633.0636355816
3059825.5731727937
335153.7263638876
196538.1859775187
180301.5400674219
457844.0637593491
150256.4065816191
234973.4874565353
100516.6873818668
3230023.2613445325
913081.3207233705
567575.9586333188
78092.4605061981
729685.1656267740
16978.3042779502
88791.2595725891
852135.6265099035
799114.6387015546
147550.8947206790
1714820.8556132815
552086.0568633389
336024.8347512871
63891.5316416788
1992376.0554400873
1969078.9205203124
71236.4111595876
437034.8237938856
1004715.3416335414
942287.7169965470
443483.8721437161
110897.4921725546
71027.1813426011
1207065.0999183159
101636.4909456800
58090.8924517781
37411.7243306742
47305.0182621373
681774.6212478792
593012.2259187736
