11.6277749443
11.1544752793
10.9096826136
7.3169760681
8.4164274639
9.3315796109
9.4797770225
9.2860413498
9.1853479938
10.8844784397
7.9511614745
14.3792571613
7.6466009738
6.6362284996
9.9328847128
9.6397024622
9.9078337430
11.1863094771
9.2040111796
11.1928468211
9.9992114466
8.7017364261
7.9335649333
10.7795653182
7.7900580123
9.0964119148
5.7377103399
10.1415114832
11.7934217547
8.7529989462
11.7804298810
6.5198202769
10.9075456283
10.5471092409
13.5314732417
10.7740677422
10.2495939788
12.3580509906
10.2986723747
11.8775223513
7.5660176210
13.9054776758
8.1420026860
12.0485270621
7.0196673335
7.4456027581
11.1413102842
8.2781645912
12.1616900370
8.4530646277
