5.5227484625
8.1740906397
6.1600211334
5.8135425820
5.9347688949
8.8445051436
5.4649870579
6.6390620258
5.5847560545
8.6540790225
8.3823013938
8.0588771071
8.1555023140
8.2330676873
6.1046263873
10.1057300031
7.9022280927
6.9656425404
5.2836144023
7.1813431579
7.5315270523
8.9509684334
5.9718420164
11.0303217876
7.9402418198
8.3875790192
5.5323714619
10.1791638263
7.4073454402
8.2417321297
7.0592149637
7.2515329073
4.4084607376
10.1885211848
7.5166506929
6.2111763189
6.1057793064
6.6976013763
5.3760134991
7.0298776724
8.7494864764
7.2181476777
8.5609438384
7.3324403851
7.3986462692
4.2100670303
9.4893882971
9.0530568796
8.9165682377
6.0875934432
