6.1525958439
16.4969327405
21.9761510038
3.7443402745
4.7122532684
6.5704739309
10.4130309055
15.9453966251
4.6921057348
6.4645859463
23.0648562892
4.6090432442
15.7963086108
12.9412103915
33.4159669941
4.0933632019
7.0822900131
2.0426927276
13.3445698314
2.5603353860
13.0557754756
11.7291565879
9.3097151704
6.1278251059
10.8736120990
18.3755927502
4.3645625595
4.7795315613
5.3166172383
15.4978269749
20.5079135190
2.8629634548
2.4207419924
7.9217507376
4.4454129722
13.8842852093
3.3912185287
13.7885279383
8.5492993330
6.4599827526
9.2363888533
10.0847747960
4.8118471671
8.7627935199
6.3725345342
5.8216977336
8.1475533361
3.3444729092
8.8795950457
4.3611272980
4.7103165718
2.9169776434
7.9542078793
8.8460285005
4.4020717718
3.9536346683
5.2565282367
7.5628985755
5.7607130715
2.6641614586
7.9944995748
27.3707222389
6.7944734756
7.9403329048
11.7813057644
9.2271196435
5.3062527311
6.2713633021
3.9307021924
3.0957003666
10.0275741751
5.5472373911
6.2363904449
8.8031609311
11.7845255856
3.7197267359
6.0761613343
4.4467312671
6.3672645920
3.3676223087
14.7772347178
1.6131768439
19.2057082837
8.8101038542
6.7276176060
5.4087216845
6.0314857120
15.8195798221
1.8639462600
8.2647234027
2.4944876967
2.5929013674
3.8114595684
3.1443027516
2.8067411910
18.3057934749
4.4678982875
7.0154825516
4.9166232036
9.7799147029
