11256.4345402235
15033.9631997773
11256.3322439306
9563.2501658047
8968.9115277800
9524.5218569842
7880.2255100202
13745.2109677255
7407.3217958399
6480.1573153244
8654.5181618610
8906.7312964653
15090.6906614575
9559.4838160618
12684.9154784843
7910.3483992501
8108.1485294325
11775.4517685621
8978.3918520812
8137.1569804373
8706.6591047256
9032.1028420538
10490.8174545444
8247.1101682296
10078.9034754395
10440.9906591569
10207.5701501039
7031.0614191946
11914.2119063842
9142.2553533277
8051.5791873583
8877.0568901197
11398.8194128145
9847.1176899411
12613.1939647803
5500.9700372566
7389.0318506238
11926.5128669106
7041.8389568447
9332.0783609432
7353.1348640762
8260.4969618487
6873.2925075480
16127.1009677766
7924.8004219034
9361.6125857390
6399.5089387004
10432.8522278058
10706.4887122372
7360.6862276598
6116.2952469348
12208.5468258606
4924.5670863138
11606.0269503950
15511.7589383058
12367.3356930160
6660.8261541117
7822.5552972824
5131.6603460531
5408.7179156045
10652.3945873922
10640.1314480037
10990.7494478080
13821.2422788424
8431.6806474423
6221.6628400827
9132.9051570716
12448.1869174651
4650.0615703255
12584.6141934644
4465.6096704605
10533.8762247620
11222.9193194112
6266.7076250681
7772.7902832284
7004.3036523198
7638.8741216719
11133.9394956108
10986.7249417582
10820.0650357340
14249.1884139074
7331.5792739583
4687.7033807078
4710.7914459015
5933.5615630819
5574.3359194154
11417.3272474540
11798.8937918840
12295.0647816289
6975.8250622440
8897.5006991554
10530.0095787506
8961.2742571568
16175.6903159866
8555.3518985490
7892.0134243872
9410.2127547548
8500.1182851368
11014.0082037026
10383.3790802182
