103.2242972511
143.6600311930
135.8775553530
95.8459533813
119.2506610229
131.7614096324
83.4333344853
114.5675216674
64.4952908511
67.5627530543
94.1409185486
122.9475626548
98.1465141186
83.9061684783
122.1741273748
85.5688017089
156.9459864034
84.8162912223
106.8195914629
78.6666295926
80.5488284918
105.2616394803
105.2399468557
163.2076709073
79.4213168541
88.8928141384
87.8725646325
87.6493821921
132.2140384199
133.8445210920
140.5426138608
119.2501549688
167.6641684440
114.9085502301
131.3023888134
87.6795159777
100.4801847285
129.4107393935
81.4334075931
64.7382820382
101.8229297194
117.7250401250
124.6615719669
157.7210639894
163.8335385855
87.1958829338
134.5944205387
80.9462094908
124.8519958369
98.7052716976
