232.6624282582
328.9446562696
702.1648633158
1539.4881654502
2195.1118369957
2303.9461103996
744.3616430846
99.3789292872
131.4898734757
570.0242758670
115.8647417019
439.7500548509
1241.2502097532
288.1396828896
492.0618308686
732.7263816148
93.1662219909
2028.0661555227
1210.4952832373
189.1078067522
44.0040528531
2986.8727796465
1921.1945011768
106.5507657134
409.3335304814
512.7841820714
1134.5522582217
474.5111843563
1609.2723734816
1135.9333191013
748.6200207864
415.4917235654
116.9437846147
1053.2591598490
1333.7973552752
583.3665485878
262.1500353260
1453.4917885588
168.4509438188
125.5174928208
757.4603970626
557.9994857363
272.9187097722
266.4843599633
438.9202712305
1205.7198797094
530.8075425985
680.6752469688
675.3447817149
220.0088580557
