0.7661192551529145
0.6681193511205665
0.7748223417854754
0.9185962322653535
0.7940930572859974
0.7732053200709302
0.9707155162586001
0.8076070162536709
1.0273446672480038
0.9340671171327576
0.9816952888307006
0.596215971650423
0.8236414575148816
0.9759171410822535
0.9998358305123782
0.9392473938658081
0.8746448330173402
0.738389674018725
0.8167376341236429
0.9105406730604105
0.7840771303107388
0.9197303349919017
0.8563545829836962
0.8694234574271212
0.8176307868325491
0.8622159419413118
0.7895130359878629
0.8584590943141793
1.0182887979273387
0.9348937365227022
0.8695595179766151
0.8344451459166948
0.8485640694943926
0.9329299542921543
0.9220616818589178
0.7887080783219543
0.6250135031667745
0.7746898602500089
0.7579410455140141
0.6756457404499533
0.9446506017243372
0.8297208704046145
1.0177775882534288
0.8705522666384815
0.7477263710880564
0.9572626114537403
0.974527128090098
0.9498095281016949
0.7121857858098246
0.8676890994527907
0.7572914418947989
0.8004577557895836
0.9500966698919368
0.9937056420691261
0.9168230703137401
0.9791252449942593
0.8928570301425388
0.7916170822183404
0.7795236018264264
0.8271079908076601
0.8754171088515639
0.773645910725522
1.0062477119042774
0.9790931404065444
0.9240849404796679
0.9586647039035228
0.7875616968519081
0.39009317887051553
0.9290341588333216
0.7586802101999227
0.9553920681832007
0.8614861420015753
0.9960815216590692
0.6763906606374103
0.8801854459740734
0.6803438842448815
0.6318850673069502
0.48251193567210215
0.8942017723514152
0.8213703201968915
0.7391731233328174
0.7448880905090098
0.56414511424275
0.9251019410404385
0.6096548126114395
0.8221673300046738
0.5027663725852619
0.7766858295160397
0.824947834969464
0.9220465065491376
1.002477641949825
0.7077696552020555
0.8297411089830528
0.8197718985334861
0.8122692333990966
0.7210237261754744
0.7321950711919816
0.6226676049791222
0.876902470695509
0.9549372992183625
