302.50521419964815
413.79435234634667
489.2025529918059
379.56599415481054
345.5290131880291
334.0759976446428
334.6125583444997
111.37734474010358
311.21456603558795
380.28795136108886
226.9584421288529
215.9795019752652
242.04525244684055
165.6148551791464
242.95407228100848
303.727380453174
501.9937910737157
176.50250179042794
187.01021754366369
230.7925620664774
862.4661053648023
381.54140458821627
318.64988526112984
279.018835116345
418.2061264267937
481.23333343559807
229.79937326534426
431.98325687728055
451.76920815363815
436.4019550446742
269.4301061967786
284.75177669661355
350.8376135624074
310.2991014028123
334.58306722899755
307.8799039024222
371.94500035137713
593.185438798143
437.695833891435
282.15954740421347
262.3198556327502
212.34432941065575
312.1808949864086
354.31135072369756
266.23686580421787
375.37685427834566
715.6919760130799
369.7331479402926
270.8624857430702
203.3139012958394
286.59864421548275
246.905174688495
230.45633359620155
587.4616562453945
609.8200079496346
265.9943666735254
348.4723311853512
128.3973914094517
536.4915483264871
879.8056383964733
348.32108770080936
290.93085202892047
262.2060837011019
407.76097116007463
266.49010118152404
297.48936006973616
229.44544463749878
239.17127954361263
265.98483623959106
757.2768616550743
211.71273726504253
493.3902161396424
349.81465058635706
545.5504523084712
306.40435042488957
340.92134537791344
289.3124728321762
328.55523840291306
313.5729685114035
434.6975453672378
445.1924700155165
224.67053160716432
289.27282513955095
179.39889092023932
307.56101493095554
247.62925534356552
353.3437026321281
262.2894089378404
399.4480811028314
302.78755755931513
166.23229623795453
258.2907247615548
261.84021356657183
340.0633671371227
293.33468381898587
322.8592380150093
562.9364123524689
148.1672385472268
372.78326396581275
283.0381798579403
