25.8959002285602
6.279235620172908
22.543832007634897
11.010326704248214
4.279164234876744
6.548076057383821
2.5322655461777215
15.111968008250209
16.660921100725115
18.61460013894127
20.010641301740726
4.6505471504711045
5.006002981519172
13.428833870406285
7.258245596793962
17.554584438739717
7.953497881007267
9.593299829873748
3.1702244538766005
6.62092939001409
6.358763870594775
9.253535826304299
18.674146860206648
13.31961538230203
7.402481595380593
7.945390866268351
6.550548772563926
5.613056081122755
12.342028852715307
5.226110776993137
8.582349226483599
14.285230963647264
9.116124926936779
16.405863185556097
12.992684514567875
3.2865483304348198
14.303943310773374
11.495312584943699
3.975010213164638
4.551137608791308
5.3081023014291615
9.9945492609134
7.504642399320185
13.129261689159382
16.44684431125261
3.6916345894012186
10.779708153607825
8.308897586275641
9.356561161174206
7.878312701398206
15.463336195241562
10.767360656249826
11.079180694270965
12.699530960354116
4.616130895818215
34.89799903611056
15.17513361406571
7.836748077672422
7.87996420477588
13.578169836658267
10.202812024465219
11.672620742686265
20.531474068417065
5.824440326464612
13.606001175611095
4.399515465033541
10.907268810453607
17.895496387989496
4.251065307888856
5.652133794804218
4.031657940090968
4.885895663551613
9.4698938587973
26.036910155795738
9.095437572529006
8.136476502412023
55.26716755565705
8.046090974259444
7.355310375377341
19.222112816516173
14.621796125743797
5.178543401037751
8.367934338638088
24.520508317360523
5.8340866919931695
14.670981903300428
9.114822783896017
8.761757313614881
7.241166902565055
6.89539678720738
8.778416748633262
9.66329424555389
14.266192184688208
10.745308168664582
13.354068432929642
11.695140248704499
13.814525322943119
6.738082349334129
17.13825541929474
4.114704463268563
