166698.47800086037
290174.3147662376
627327.3082993332
331153.52037722594
258196.96262869224
343287.54469512694
252575.62048245504
261179.93045968967
155521.3401024599
314633.9818296519
281748.96627096576
388431.50569198566
211319.41461569926
335005.406632815
267303.1923996471
213195.55394036605
194045.9588285898
244832.41086545074
508650.71066408016
401530.95712004544
159989.30309775498
511293.87518445
309218.0502312557
173386.95998608498
444522.3567507291
273888.5156907829
294486.17179840786
197004.390775816
493356.0819321155
134608.29265056533
168474.90505390865
121960.59306460079
265845.6937731192
183873.7998549063
640819.9735245942
395625.1357051097
430025.94428959175
642836.0172013275
358620.9525968243
294755.21281380043
255697.58632368306
115283.63111512805
341157.69283485133
319698.55684508965
185110.50017069431
507497.3296836478
256054.7602369322
254780.26483749424
264326.2473084218
448320.30980245484
