114635.58433200087
65167.006933812525
153088.4588930406
138221.0274845947
39064.82705151851
50667.23383913104
43344.32927736455
16588.030717445894
88464.56316340834
36588.245999388375
96866.18747288764
38098.16532880559
77603.95850751584
110274.21377929854
73815.34515852369
525836.3568583358
50368.946807085624
191913.74516780517
73317.94378733795
73934.9510319582
215452.70619543525
19137.848102365166
27367.11993053509
176500.5644483555
133619.1639377115
75832.06384282827
96576.94608588105
143268.61429458536
214262.40124992238
80391.68236836043
141203.07548991
133711.94990386235
30756.237663015752
206249.8275864542
188983.63788634294
127783.62273297357
65998.64639517858
52646.403401799966
55506.3961834866
123436.67562055239
82442.05186103687
55163.580304948606
98794.63067123656
48664.90218723465
36544.61157112489
137573.8099021827
167940.56749191537
93593.08644245932
644782.1012074661
231270.25413349908
28115.7511180552
153739.30441782606
38937.34863050313
185620.0863331225
33733.350209370976
26949.41712740636
106174.39989700573
31077.54173332977
40578.97857851876
78495.06633581311
80785.40962416332
128739.4099177355
34114.5222033952
73740.11386536423
62819.254208650535
95833.11235256141
159651.62378716105
84663.14381776848
52378.316688039
29290.143335812856
169097.0928516232
39204.59246488285
75269.75933900334
123391.83155516123
30771.067598857073
143757.4413971881
96205.36441704477
90790.17550755641
42358.07629538107
128386.86633054925
92523.44955852466
36972.163688514185
107906.06770173734
74761.73871131788
216911.72408328694
117450.56257521614
24472.309855891668
59164.54097771458
65115.01567315154
105198.36889068222
63920.15273848009
48329.595354235134
45913.529668909825
99143.88376513538
71546.66157459196
47258.94559823365
154375.48155086304
60411.13987338371
145108.8764847096
242584.45181185548
