222.07143501461758
206.86765863538517
204.23380834631823
205.05051265428062
216.47353432035652
216.6518396364387
216.02109719886877
204.37272909556498
195.9393768515397
203.8679535114756
191.0599990899181
219.35303006132608
153.87620929905552
214.55337916127377
224.81387103546524
193.17093959818914
205.3402637024385
192.13570096626208
194.39265530833558
198.5041694483931
223.51117689022135
210.3965749005588
197.8509596580776
203.78260187012245
206.9189919325321
206.2923083572776
199.9355893352596
187.95071865426385
205.92434909335225
197.9036450540491
190.84449500614454
198.91189637148312
195.44718743905787
178.96746168982213
222.70986705400935
202.83764554198535
210.23134250267805
213.6374671700836
197.7595304831188
225.23131945861695
202.44870062676
228.8947279464428
216.58511069581286
197.9439949759842
207.41681725036383
210.1594552538599
202.33655821698036
221.6664432558358
232.0470265151074
206.35553078279173
199.66554956701174
203.8418543475051
234.08314768945144
219.69265347281475
200.31371652669662
207.43230055480527
209.4071577053699
213.5155472749678
195.21632983437277
211.48800262516437
200.9181616496016
203.81476699057205
211.00565898744904
210.10825660348948
196.51383792181912
211.88092337254852
215.79276178239036
223.16249504350193
204.714955173593
227.29481466181392
213.86444505593903
198.0168726695952
217.60184371423435
193.86102097357707
204.47551914099836
202.11222531324253
178.91976429362805
197.02330506835597
222.69158669173794
229.64721619248382
220.90000598201593
208.11660838609544
197.28437938089007
213.66089702170603
206.53411040764286
196.263513873899
190.70669530002226
218.82268267914145
206.2994217079238
196.34828979051673
178.36162981920972
206.5391985662299
206.61816310473228
205.73186752571257
211.55667487132922
207.7011971442542
183.22646141492447
214.28524111933106
203.8442124533625
198.1215664591719
