5.766334206245254
4.707987673632786
7.0657460543769375
19.957516653879566
4.229382871181102
4.604201631104651
4.605464331145278
4.367166575900779
19.950808619364402
4.612034294779175
4.305932245692638
3.71175446032261
4.090357923418214
4.7083456503224745
19.293735628987942
4.993529351967819
4.959745357615898
4.118986853953487
19.949820711384174
19.9567707872203
19.95280000515996
19.947921834212163
18.733575018182165
4.399443889191865
4.0268549435205045
16.26699599127079
4.576999775129519
4.2442909754007445
19.94945566512969
19.95445654432182
7.350726410219014
19.96916443492102
5.941652287255309
4.48370091671514
4.18806084094615
19.948378727495896
4.774251105454965
5.415325910673772
4.507733814121437
4.060681079604876
19.95391574990114
5.368761736309207
4.000848333993943
4.145002354895922
3.866666425667877
4.507858806751958
3.9464778643368637
4.821937505682325
19.965204207272212
19.958745684584276
