436.5148753099655
380.5769563301015
455.64855742218623
747.5129807590911
741.5792147899568
514.8665738871388
764.7770594688049
301.3355424976699
337.483250955277
603.6424995302915
969.4281063855649
327.5562213845031
512.0599719659235
332.77791090722127
1553.0209322328103
621.5446333428035
405.2894711581369
589.8543235328149
474.11103200622284
557.7981634352634
507.72698652583574
519.0750608021493
829.4906259969247
315.46918429847415
224.68988351081225
553.3385321731392
351.0937844822848
291.2321866377247
333.91517751091556
245.79991535881138
457.9784448700281
390.872922718865
387.511128299622
446.3887862054476
784.107834125299
330.76996678786725
228.35533079756922
485.46137771492755
378.8931943548369
586.2148936431962
344.3625796116523
361.9986133408518
673.1802835441083
426.42774090574954
516.9260081592884
340.4957345202638
251.6931501972038
340.86762294188895
656.4577331022036
540.55524446143
349.55339235725114
459.10259250276454
502.387647512297
285.7871069985669
317.4031365245646
371.2538859359976
466.63693730666193
460.8499241748614
278.51036986223755
240.15115426980407
344.4495305391654
442.0552205621832
321.8934476502857
1271.4434935700801
757.8680082020356
308.47790257511826
378.57575246531724
364.7407106991317
640.3274757687166
353.5122611742388
344.3330961148651
470.4310507986313
374.27161034942793
379.77227364700286
449.79968388194686
344.5490076468662
735.5359589446219
180.17904395094342
862.8396120537967
478.8769447980483
621.8599783257731
412.69808406986766
435.9885466108097
431.94331710058776
493.7937361268075
408.8198338517436
502.5618161653708
256.6028810248483
355.1719449939539
302.3578046146045
332.6658347018812
1254.6830636187865
493.3390899685349
260.43617925584164
345.79783767278116
384.4437443681299
392.4495371392431
646.6850613955612
274.3352181775447
380.7963704211562
