70.46738598206218
772.2333391745608
252.08988309220132
595.7994540928408
607.4149500403016
112.6420199742012
214.04852211259333
211.15889119738634
211.54907397324604
564.07667355559
207.29409204846857
72.16565757870598
186.7486477167462
250.50255173384136
130.37140498413603
114.14969471360105
121.3247327521146
122.79710230691184
212.6194924652353
130.749224486286
198.3630854944469
82.08690048940043
211.42900492896314
173.8976997800898
146.48861060492337
322.223020144446
490.4793550543892
193.03004832338786
78.60292632089353
230.69391073322777
87.84089732090536
173.45185861828324
439.7850091494065
290.4821710433174
255.59513674241933
197.37848852457083
70.57451878501945
177.6190129172263
318.033843506592
466.68875919860926
117.85650213042481
187.7972143102845
799.5145410889667
199.768364714954
262.6254369306852
100.28229399882265
191.98176004246517
143.10966146895973
664.6779224997065
112.69562084248577
120.12143802276906
310.96081723111786
605.3542430878807
85.11262757026049
202.3758485704611
163.73965692215532
329.5125639765927
420.2886971512633
187.76163964796982
655.7461630610123
271.64650702564165
128.7708544786727
217.54535458115072
187.05066203787283
448.09239917418745
208.33430412963313
140.72337053871857
281.4124904655006
567.0571712824544
108.10757412573908
479.7166320537179
244.7862676542604
193.48365349634756
487.6633452405053
288.6443319882703
109.95395001547163
345.45309315904206
140.9482731317691
92.67402230119498
218.4494492462612
298.94293748580634
170.1537954021253
180.4885524557934
132.5449856304378
94.81266116293476
203.87239333917393
271.8757490049549
469.8924340341684
123.24874972027543
106.75626014246403
144.7425227046451
108.22850227594107
267.73913205770316
328.73524879385985
163.01397167924725
365.3825749857845
580.7771230264251
214.96944065614696
241.64754863583323
160.96967776650976
