1.5886913228910233
0.46107230863616416
1.7822752425171882
0.6690047830998446
1.0238325398589307
1.8677807357193632
1.5468520545397624
1.5061700266729827
0.9231646446522231
0.7285775414218889
0.5627551958145005
0.9011778109944886
1.3529790726359678
0.752393707552929
0.7978661763654997
1.0461297138960641
1.2710804737156252
0.818592368849474
1.5641674355986996
0.38151601086521886
1.0401767529390198
0.6342560020199277
0.6668520589236326
0.6141941659844106
2.8019407680779977
0.8315363352394214
1.6324011843325081
0.9817909158407595
0.4426716578304622
0.717899753050832
0.8752752761145954
0.44054036746614816
0.30699455472608994
0.792987471403091
1.5995015198771554
1.0714820036944595
1.3763962967495011
0.5202317245136014
1.2071143988936164
0.549602266251635
0.68467968441523
1.5903763032432168
2.5095882162582486
0.5342427102557821
0.9503347362498427
0.9734787755392538
0.4883002262639345
0.5006163589856794
1.8338715689886318
0.8740072967325726
1.5745806344883098
1.1491512011312033
1.2828773599514005
0.49593077560962445
1.440231689636795
1.44710062971289
0.8022053082723564
0.8869835414789392
0.5473773635785648
0.6707884847907788
0.6119976988270258
0.9651311135701808
0.3996667714096198
3.227338741736112
0.617746981126287
0.9655691746876652
0.926225820613312
0.8776734670214636
0.6592069052100339
1.1644267223208462
1.5346863813254445
1.0503199179690346
0.8892737693889045
0.5711089811079313
0.44962891846079844
1.037022324242888
1.3904412249429994
0.724458642031104
0.5817939514268123
0.6911881927780814
1.2192271124868617
0.6427555668530611
0.5930315261911843
0.869827179345486
0.3156273573393425
1.4124212170509687
0.7352006545479346
0.8688496099801651
0.60265910677085
1.0045434527627248
1.1902854995781091
1.0002543471821252
0.8904344176988103
0.5964655088800803
0.7848530278437672
0.41078805887621767
0.8949481357817092
0.9210671488100356
0.7614272537644582
1.3179340925816485
