7.308112015728342E-10
1.3967586776699378E-8
2.1073219323961907E-9
5.189935407707264E-10
2.188146538132963E-9
1.6391252091242873E-9
6.644104041787619E-10
2.2328201535961187E-9
1.1150828859327057E-9
1.730872734713627E-9
1.58649446773526E-9
5.31901533146887E-10
1.197410746110904E-9
2.02744645814573E-9
5.07698320304931E-9
3.1622263065716367E-10
9.477497105881398E-10
9.749288732261955E-10
2.3634980131041255E-9
8.121663821644948E-10
1.3917201559527371E-9
8.88107629303892E-10
2.0398503050497125E-9
1.091010605396179E-9
7.632095953356686E-10
1.074871372883038E-8
1.3692403377342369E-9
4.3238511856626715E-10
5.906584589300512E-10
5.930714794162193E-9
2.487637454166572E-10
1.5109464975891674E-9
1.2745132265062067E-9
5.1005568599987E-10
3.4610729002737534E-9
1.863975848299098E-9
1.0758513012757898E-9
2.8331168363346786E-9
1.5533086240236575E-9
1.9179457815281634E-9
6.522919670899246E-10
6.716381987032656E-10
2.682918970191515E-9
2.34352971307989E-10
3.2851747508910352E-9
5.145563575299557E-10
3.1826184425148313E-9
6.881098783130893E-10
5.01121915992576E-10
6.937407732091594E-10
4.2916359152865905E-10
1.1656675058822038E-9
3.1664533513028605E-10
3.175252441925303E-10
6.628159233561008E-10
7.702917504613223E-10
1.5798035890370963E-9
3.2151203933421406E-10
1.52681951941217E-9
3.815651256263527E-10
2.8912768829205763E-9
3.243818169843175E-10
1.6657174075416111E-9
1.4369921087455294E-9
3.1367252371478E-10
3.3566857405598033E-10
1.822638803160799E-10
2.3195601019544618E-9
1.5508482901500077E-9
3.5942435134751033E-10
1.61274635755075E-9
1.4976809473819221E-9
4.043227904987451E-9
3.343383139283142E-10
2.101366066849786E-9
5.044988421291953E-10
1.4346134338041237E-9
9.817406254650184E-10
9.847888861306996E-10
5.979646767653826E-9
2.529945555476447E-9
7.141829828653991E-10
1.4866968317026187E-9
9.190902495495735E-10
4.916020487569886E-10
2.368346318551785E-10
4.592008696975924E-10
1.0101104741118461E-9
7.237196332027219E-10
7.082322527916713E-10
5.898436710982901E-10
1.4731560452887305E-9
8.783831762656922E-10
7.49923626404979E-10
5.385532768021774E-10
1.1968440996662902E-9
6.910678596333535E-10
3.0315209612013322E-9
5.251256883677497E-10
1.400683075000869E-10
