531.3075241187025
507.22399468582046
518.2380403060116
498.17684864854465
526.0965618451969
540.998577432118
502.6781114224362
518.1471674927816
567.26469045847
541.5257636126702
524.5283804331974
526.509175590444
477.8144618371233
528.2822693002402
532.7096317374265
533.8563073673222
529.4069124842122
477.363290207342
470.32896354134147
545.8592749659218
539.8375685974677
540.109624215575
501.34576174521476
511.12815534806583
538.7259192899405
529.6463349685209
507.7597436598009
523.6715344348145
565.572425033022
449.7926543990634
518.1049791783461
479.663994028615
526.676592160683
492.7226485162991
534.5701424366815
524.1032185718936
539.5762506539882
602.2806727562144
488.85841014445793
520.9680409347045
507.34736126011575
516.0224556740055
476.20966145908847
513.3148957195441
518.7637046144383
509.34826997808375
505.6383986271898
452.347800236515
515.2936684480136
499.1922540943671
504.14281575005174
510.95362664918343
488.29384913067514
540.5276597620897
493.6892244502525
520.1362823185171
490.9228450705363
526.4079411820196
517.0558700963669
500.17417576838835
562.2017467964026
509.6876038075954
513.2490490522065
477.1799270883356
563.6157671349008
507.5113886287208
503.23296843618755
524.3995813813613
537.9769799608766
511.92875167867044
512.7150450687675
511.33063461101904
525.7825012248276
503.837962705467
516.2233638135754
560.256993402589
561.6147635227209
535.9441173545681
524.2372821908288
473.14795791430544
526.9984467715449
481.05924529741895
528.4909871254772
524.3713083067585
512.723730347567
554.4626903986141
493.86264136353316
484.42953490493295
491.6562247860282
559.5196776034763
577.1563559533552
529.4431959525189
537.3154034785712
532.0990027694104
497.4494098551206
512.2591276307154
514.8069992775729
521.4524705429002
525.6222105028634
511.75258726822307
