42397.86255214263
205537.37072184542
135539.03014621543
153012.7577115976
96023.58107322016
146757.34880501695
111919.28515358281
84191.21731100361
67355.68710591293
39425.11225957698
36576.8768982824
90854.15247019236
47574.619468056495
128663.65189078287
39935.51253399561
77170.32484079587
65202.67816240967
113239.9005321086
141480.80354416312
155391.34227906674
86477.16802221992
126477.19973754266
120702.74325821706
404110.9906740716
119416.33067851426
65204.81961232395
183338.92151102307
65830.39470664851
29934.064448780944
54273.83245593762
86650.21417978905
125442.03516821394
56787.63694914321
65950.36636572728
84055.26047516393
110550.51586917015
28709.446651876544
125742.23175502032
95925.45285719135
210835.09792525158
363109.8607410125
99464.00626418051
98125.88565319718
108201.12705066246
65687.74353251987
25858.052794604642
142617.91367902386
94111.95929253918
261204.94461903186
111322.3152264261
172107.90707799263
73333.31542809984
71205.3105775826
105125.17900894783
52733.58483069142
95214.1559322193
55234.82744535822
28944.08949678264
171810.6612580436
144364.77935600706
43399.695175350986
17356.413769724666
57077.15576826133
41471.86287879438
231358.416862318
34529.66159472426
45815.541289438566
211184.9960718534
182128.8568727112
112556.95043721444
56525.67370837976
197251.1419858146
207272.93610290394
185594.51391500433
40862.67245188575
57675.537907447164
244399.96920453326
58214.13692069513
15838.259164694531
91560.87027359933
42234.75216156354
102753.8966968006
118749.82106801517
75569.1618013439
21860.55820647342
73859.20936889714
80585.4601337131
100275.40556690727
146636.27325710343
222254.21314721735
176932.2426604484
135565.4608839696
81180.20086992449
164715.21794424622
56180.132295259944
67241.02109596384
117926.48480654333
216136.48915109358
102812.24668058944
37751.751236691
