528.2236891671421
503.4457254074436
503.3811932038007
497.68995331422167
522.6352463792111
466.104776304305
516.0404300187794
519.0335599264944
509.0890435875521
512.7725904167056
483.96325931000445
462.660309812541
527.9858973485225
477.9233250367066
494.46216389175015
500.9441386903528
494.27405694663923
497.9951058982146
521.1388475772305
522.876504418759
510.0961158786667
535.4705570042796
510.391027074084
518.9121551802914
503.4465998620483
546.0578767864877
517.6474815742089
506.3515906848529
502.70025178049707
494.5712375186482
465.33194073431366
516.6198630031564
527.5031897255617
514.0226493416488
490.62994039708474
473.81068996472646
497.84907147674505
526.2757413429194
506.57012415383696
537.6310769379758
516.2957115230665
474.3992578758888
515.7160211616787
530.0963800592217
551.0503964726084
485.98818391311886
490.97108788907207
509.9697162661345
483.3736510787933
532.9772785379129
502.53434362952345
503.2088002167832
515.8846655858318
523.2954086660911
533.134308794078
518.1324621404449
496.1792592986791
490.0623223708915
532.4458815360294
487.339997861848
477.3741800189068
527.7704541168893
518.9570619639617
496.3054014146657
498.86092226319226
523.8530531084116
491.9799883158773
514.4567491362665
535.3237616353977
525.730602181202
497.36892606024526
481.4152404078119
518.7051856006381
497.52385849495806
483.87845410707115
500.71160602572155
491.93026756446164
497.698301327996
486.69160232025314
508.24623452182055
498.893660318568
505.25549590695556
524.9011503484771
501.6023782062862
487.0179752951233
527.306564743379
508.87639456697326
549.0729758876295
503.4612323893218
502.22153688766866
536.0725678174103
455.8310154197934
501.323587133
523.8213314371599
530.7834199281434
517.2303934224278
521.7558761644405
505.402965589507
487.276629709129
531.3153085972989
