768891.1776289275
302661.1903426988
320581.2160515645
187057.33221338855
298706.7515989234
166029.78637094703
192332.0964873803
157654.96176816968
199603.59794282744
200616.71089740001
315405.97767475015
261974.49065839642
510779.79275834595
393407.0677570471
254164.56275662055
281701.4737647939
279951.257861062
421539.6006357698
110801.08769362186
296279.0628279163
213819.96651455679
332676.7327245951
278464.05958748696
502296.07902546175
391825.28630416695
276944.76076634706
285811.2452480455
185732.25551924025
258247.37896693707
197953.75726946286
327865.37124083994
1477030.0925744567
230748.29076709563
169865.00804566217
306473.8522824495
214612.27117340278
175775.25102696774
254627.60395636386
997056.0945245667
746214.5638408666
222310.73784209022
366259.8232215535
286796.7383864047
446820.29318642506
110605.98340328404
229820.0031569542
186043.19527161238
230862.49697900863
240080.08301866252
683440.5320444275
289877.40578880237
515931.9426201007
298545.8428636884
304675.6333519566
425756.96019821713
147349.19802029443
473142.9783725284
478484.2149898023
156445.26098372202
293822.00411729823
565951.06381763
248451.59630824352
418547.6007035088
341599.50119909557
526463.5291490266
267086.7548927425
216388.3340088516
223170.73944349177
419063.3740574538
243728.2483908862
132488.07390159986
476991.6356913455
527861.4363898416
254444.55376523823
163579.22593975012
133428.79855103267
312144.29366375686
191976.90947119793
300855.28736630897
244539.55009908325
250448.4311000013
895388.160965482
210885.1456608426
254218.20695857244
777906.5488273997
468205.6274460583
187979.18630390914
169037.74870342933
370582.4753347739
252177.86951512497
501745.38063797075
166952.80527519283
603796.1452920769
257584.62413945695
230381.37985813798
275606.1475034337
251992.38739884915
558022.5653819048
304915.74252903997
124159.97236993536
