539.3985990810664
562.8771989058622
524.8774488747611
545.530559523009
502.4829483576474
543.815197954721
519.0611668692912
530.6857454971911
569.6910375290468
495.5230374704157
520.6404333656312
440.8013025273839
522.4005130111597
507.3334118110664
526.8051287921294
489.64621421523066
492.03821705537695
481.0868355032234
544.7481684738451
509.11638933322297
493.3087218590848
528.665844868767
493.0205220560266
494.1747822078123
541.1685242129953
531.0326836970087
520.1652833375391
516.1594920803996
523.7571977812107
506.7789451336923
554.4763079681131
559.5495396727129
547.9349458399379
485.7210865359359
508.3064101908685
544.8215934641164
516.9195637913292
507.68975861863834
493.95728429989015
514.0073990987515
563.5468047090781
489.3117571569481
522.9409018286137
542.0938360016099
537.3749759354338
521.6599143736726
523.7434853672364
521.4698552274835
496.49564135692225
512.8884960480854
