55642.1089670272
41159.2435950021
47940.3801789400
44315.8293324934
73467.5321855269
54515.8377845035
43471.9927402267
57146.0137191236
74518.3808129609
71892.9628070474
59631.9264117829
60712.6144225689
65631.4926245930
75786.1839933390
50655.2800844028
65477.2081319715
68085.8449269417
47741.8725864915
76441.1387327422
66219.1553511623
59320.8403324299
36315.1278042363
54201.4565906885
72087.5334317506
57005.3259727375
57716.6373800697
55314.5733533515
26840.8947019638
67118.9836031840
51376.4124936941
68135.1597894082
81136.4812702206
68973.2787488291
72687.7537622975
79143.0402348484
60471.1171663459
61639.4914188741
48347.1700344748
66988.3175594900
62653.6274385968
73340.4952028425
46521.4350978573
58236.5775774739
51857.7668379837
57826.3342263129
63849.4159061093
72159.6646890910
52916.4271816637
64068.6451538550
48530.8548600397
