3.8844691516091756
3.6373319027867255
3.6603298708317658
3.1313056254332268
2.5483644898577866
5.144546139830133
3.5364656671076884
4.337388465608635
3.9029649361986816
4.357410921918628
3.652316385902615
5.277321525469742
3.2635628377204893
3.9480540966685767
4.610305420643858
3.6258763332755692
2.9728002985282895
4.282771750261871
3.7257418111084473
3.7873536340994907
5.405072284305742
3.4087051769276013
3.699801713010149
2.7648489566314143
3.030720885378598
2.9182679268228453
4.894319354075727
6.020840800954014
2.159016496265302
3.119321231651082
3.9167906258729164
5.160404545176817
2.475258382354026
2.8222996803254032
2.7496393775799994
4.111336004928646
2.1796882994635483
4.603931707962143
3.773942571458782
4.149576174637561
3.0541657617936053
3.015976370901185
5.729635863923357
5.7412583092956275
4.464246641340056
2.8117721127859605
3.6541989149247533
3.1630681181595914
3.239255668115275
2.95991707852449
2.611426660254473
5.300718580701992
3.89696441556951
3.026454234092901
6.003317933377396
3.5652439537817675
8.12848126602611
6.974732753177582
4.728826465150599
5.410346656375708
2.27228368380623
2.775679087490938
6.399242513647615
4.167638890254187
5.385110072172467
5.782223572477911
7.037019704608805
3.6240404033743348
2.567242717807093
2.7749442280699443
3.1207565644814106
4.7277618888144355
6.560661930341208
4.7992660240084355
4.710696423435859
4.86375653827387
2.938434608868177
2.6522041062363733
3.1723870745961875
4.395457109632979
5.2083247378157855
3.798017445631208
3.052956020223962
3.608865489970399
2.954458771433842
3.850781736396955
6.167609924155207
4.2189326049594325
3.5539158443256804
3.22962295378164
5.301719606971811
2.3273647347422535
3.389583634778353
2.756939550246549
2.8472216231537626
3.0946693511870684
2.911203052064033
5.676923874069475
3.760271831240751
5.2901319936221105
