0.1669605912
0.1549447264
0.1616467364
0.1128511689
0.1547911910
0.0970583277
0.2135561444
0.1380393740
0.1409813788
0.2365835658
0.1455879381
0.1675278408
0.1815060590
0.7144463636
0.2540760498
0.2172567222
0.1735337952
0.2486920590
0.1343258158
0.0939431184
0.1681598091
0.1502766397
0.1343842594
0.1219155113
0.2012067086
0.2356092897
0.1917102843
0.1601535035
0.2131112484
0.1007743705
0.0892166369
0.2241689827
0.1799879813
0.1752589690
0.1747414410
0.1575603872
0.0863138510
0.0613128205
0.1458410730
0.1447395774
0.0790219772
0.1853627654
0.1474588883
0.1012826956
0.2553129819
0.5598398567
0.2166328306
0.1925318201
0.1185975305
0.1970370868
0.1469814989
0.1098267864
0.1380621845
0.0981565909
0.1694533855
0.1865613657
0.2037781547
0.1414285103
0.1261829565
0.1540149042
0.1054142603
0.1074499315
0.2258415521
0.0846581748
0.1082406946
0.1017059917
0.1326651746
0.2826628143
0.2456940905
0.1175170635
0.1410035715
0.1030981471
0.1582843996
0.1590258118
0.1512722419
0.1112666171
0.1355588951
0.3550344083
0.1171548566
0.0944150905
0.6086067344
0.3048665549
0.2155387159
0.1332869247
0.1131581411
0.0767280244
0.2136488163
0.1648675656
0.1452440856
0.1304692978
0.1861704220
0.1807706784
0.2082973258
0.7166066625
0.1451451036
0.1307525718
0.1527363746
0.1312909802
0.1845530980
0.7782891348
