57.2334369851575
53.8304344790989
62.2831986123654
71.9428079043321
51.6221865001676
69.3682493813476
56.8190183405399
46.075670073633
62.1854812379592
62.956251699998
55.9143615824121
53.310942881538
63.8545104453149
48.9856709400634
90.1453387345522
50.3349025597446
44.1883127245229
38.9314603638681
60.6395464839415
65.2689508799016
58.1379146487098
54.1552873784133
49.1210377547179
68.9561636683896
64.8248726836891
51.1669533162155
61.6276418019557
58.2889542488798
59.5543539063646
50.0030646049023
50.1276160384357
45.9009498146274
57.8262821190492
60.863485613098
52.8141163236887
71.4065027313683
54.2420972070205
34.5457387787534
35.2661893163285
69.5573622859224
64.1333885725986
49.1773826208402
61.6647546310478
55.5129743713183
73.180583596578
46.0967759765234
49.7577783705176
52.8609985307542
50.3907972606914
65.2480731811141
