4.768977382385454
5.657891436874639
4.462701653801439
4.610498513406615
4.082842008934676
4.3648818022593865
4.583110166720175
5.687597831957646
4.81610401119805
5.392411160760034
5.187269467091671
4.933180584025106
5.1277836031168675
4.3406971622712405
4.547372535241472
4.163792885831757
4.537245355824563
4.861405187541845
4.6694673009009655
4.547561196709285
4.31591082321431
4.394014716316491
5.062579749512469
4.756651227333325
4.940912998201405
5.7607563056169475
4.460826844034493
5.157744385576422
4.274129155723486
4.067800339801558
6.782941870604372
5.331295842348595
3.9319748877686114
5.081283869991978
5.201682017196244
5.021243531333816
5.636339384725044
4.4244596973103505
4.43734960041477
5.501412988057655
5.099933632992361
4.709561586129809
4.39633304814145
5.187132763850112
5.441100647083907
4.073537821094543
5.228961658008501
5.170715790916034
4.837898908539827
8.187653186800844
4.590384901599631
4.584651839898964
5.1968718969033425
5.2954500481746685
3.865048492349548
6.175467720498805
4.622932624824678
5.44948021331707
5.018320749161781
5.2010325678639155
4.813610074947885
6.016722932461036
4.775817555658353
4.060905317077186
4.35141078454226
5.332677936293322
5.881454952340761
5.285042356625144
4.368459781993824
4.961456594189855
5.22074355339155
4.228329385606703
4.752811985330997
5.587097781654613
4.4747405134978955
4.749165759059448
4.703701475709398
4.50749894111123
3.8491560170123695
4.943994169987924
4.839610859063281
4.4352789211064305
4.370496879656606
5.144391856050991
5.14993456520525
4.643986307355171
5.602341822881403
4.424510141556283
4.852112642442908
4.355167879076731
4.38015985989718
4.913827610719505
5.202175531424238
4.730173766592863
4.042010689417065
6.026466891445821
4.232090121251936
5.335515136133818
4.752582019381805
5.133886498082887
