4642.8874493720
1137.8979115578
7666.1318966665
3138.7705929085
5192.8898659813
3331.4072020555
3329.6592391266
4576.0045128580
5871.8218858915
6567.6002711974
1894.4649938176
4463.0676372201
4620.7446714503
2987.2149088431
2647.2356438204
4438.3889147291
4237.5043966965
3089.7516053430
3525.9731015506
6485.6800612707
3919.1673711039
3697.1490251381
3981.4035385139
5089.5562683678
2198.7472667043
4434.3162997293
1874.7455668599
12860.1936452481
4053.8229531490
7721.6752307910
4309.3681518100
2957.6782767271
2535.0696384051
4649.8337569256
1901.3227905322
4619.8245058084
5680.3629992561
2309.6684166665
3853.5790522817
3292.1830011656
2022.8970183379
4735.7547230747
4954.8076738592
1887.0197805360
2590.3220053905
3391.6234761149
1990.0885318418
2549.7352955041
11754.5975620788
3869.6260342590
