208.46552529775542
213.23784799612346
192.51671978809537
202.98686150905075
196.10642810683683
205.6221633972524
198.90321856856653
184.2886259237502
207.73263211744506
201.9791626030544
188.5309900010286
233.74551449823355
215.9071824912319
227.7102693198152
193.07766281977598
189.44008193239785
225.90582130114
228.55430164483806
212.17519409876093
214.55533407528532
232.7479701785509
193.97973860221174
214.34471652330944
220.12759882229045
204.94601508449966
208.48626889036396
208.5530139421508
205.33219778069915
207.29299516500777
228.65145303762824
220.79334853631917
208.00649412668818
204.1429233981043
195.54776861470737
201.98454596001153
225.64000137568962
228.07530243250898
208.19361404628557
179.09961092615742
187.68326875175052
203.85959579949184
186.64620520259285
222.51719469573456
215.26925568754075
193.0493990415032
176.46428036931084
209.7114540852361
206.88474917067788
208.68619601380803
201.16657912229857
235.21462487009038
220.36131557960553
232.77329334526678
228.40192835392958
217.02993867280364
217.21917187770265
216.82085058460257
221.00828124843733
219.81582345179066
220.34852673689775
204.48373379550594
213.22499317782018
170.3480272114754
207.62691497926528
222.53566796543564
198.84758772222602
233.78073036508314
177.57018950010564
216.240727211597
199.0407361678645
210.3125717264143
206.60532210308287
186.07477980896047
227.87894775603112
198.34372102411794
190.34868929211268
209.94124824279373
188.77881281061968
208.39148453139654
187.12572800681016
199.3011730028442
213.45754663610717
202.08600512113347
190.44357139467104
206.10413564112062
226.750348023059
198.61996399788197
185.7807865745944
219.60311593738902
192.24739567084387
200.79523857148385
209.1255397653261
205.2102069603883
197.6719047597613
212.91546078144177
205.71182073390293
217.30776465747743
210.5064270157201
210.94167028845888
207.50823301229823
