1886.3848353035
5289.6714485085
11265.3214378367
3819.2122082584
8161.8812526402
4998.8276696019
3478.0788751489
6060.8696574505
4832.6157558025
9244.1314414906
1053.3459239822
3625.7497931714
11466.2008614192
3338.4343933321
6444.5124695134
1353.4295254628
6123.5102305152
2600.1409932443
6205.9215777009
6379.6884828888
2633.0246703767
11107.3751282799
5632.6124983224
3743.9424369467
4852.2333151290
5251.9152648515
3893.4412856839
9709.4108024132
4738.3920340255
9298.1796741112
5860.9781435967
6934.5037377989
6161.4396008478
8957.2309344323
4887.3576086881
3555.1169345357
3022.1287396034
8021.8746831441
2858.5470149634
5609.2268976233
7023.8490634051
4935.3407230277
4734.4122921426
8445.5059154674
5108.2779026941
3189.9008773744
2674.3523599088
8591.1119565241
32998.0815759944
43769.7292305915
