7.1669120859
2.3018028760
3.7450825644
2.6346735847
1.6000811553
3.1381114200
2.9897034349
2.0794726617
1.9094075620
3.5027730527
1.7074741958
1.9022824355
2.4562203581
3.5271964084
4.1035040579
2.2492334360
2.7621241801
4.1057147203
2.4278037771
3.0329068709
2.5208060905
1.6793498468
2.9503133058
2.0908801980
1.5821094871
2.7322005642
3.2141672681
2.4573175890
2.2184801268
2.3105179491
3.7336214195
2.7453233620
2.7454614032
4.4593904667
2.2598900963
2.7150273591
2.2306528114
2.0368639678
2.2400535169
2.1187447809
1.8391407436
1.6086143657
2.6373916549
2.1492945614
2.0087533830
2.8631974146
2.7161815643
2.8428070398
1.7905746262
3.5048565183
1.9820877828
2.7767392670
2.9503435108
2.6629257155
1.7268449836
1.9091189851
3.4453089811
3.2078132289
2.8305826996
2.0831816330
2.7044513168
7.6394065705
3.2384723222
1.7705040755
4.1737079592
2.2284475229
1.6896509633
3.1383758310
2.2648780723
1.6945032787
1.7319704178
2.0461487430
2.9310297522
2.0159373177
2.1740269947
2.3060795099
1.6675001252
2.9155172399
2.3536831712
2.2219797407
3.5341155298
3.6809558255
2.1177732470
2.7358980361
2.3108105991
2.1776025320
2.0037296986
3.1977599919
2.1702722517
2.0940588633
2.4603166504
2.1613671256
2.2860578775
2.3672300107
4.5624959988
1.9369237424
3.3026827780
2.9776880482
2.3506492761
2.0352226664
