91.1853987341
304.3104850827
138.4411129381
264.4276426853
365.2395798358
206.4763066456
187.8132227946
306.3254838122
160.4439319248
536.7530983311
100.9145670196
138.6567285440
111.4131382788
243.8039969551
141.2176995680
124.5279063969
380.8640471862
254.0632064227
223.5880550788
620.8196256645
153.9009312086
118.7998585727
263.8317343477
217.8928089443
194.5293744708
211.1954368358
188.0718222339
116.4585898137
125.7256271757
141.1221063844
357.0392668404
183.4939087296
114.5151518581
599.0307830833
124.4401927145
200.3724476089
229.5691440538
152.2421735914
189.5557018058
93.8885354771
113.1867051100
251.2220389837
70.4158303503
170.7358653760
67.4905180201
125.0231960720
176.3716633097
131.2636485671
165.8712569274
544.6992591400
