76.64082928781319
47.841207077083496
215.5720444228882
53.42586180085593
56.093499223771076
139.78751614311963
188.9738768807916
149.24444149684274
103.73763679119284
33.35459634899149
111.72152625519388
83.282893724418
95.5330047954985
156.5648739243882
101.8450606727853
85.66238952852073
48.76175111406249
93.41266582966561
96.65418465842096
54.25561379677046
151.21009159078457
81.42723029989499
34.85164726417577
162.733931499476
61.000465653630336
106.36333052574815
103.78175241342984
68.40604093040147
115.7045494497761
112.19495628364612
228.23809461732782
40.83677305653939
92.25112879469748
29.79925421978668
89.51750564931852
72.86738644458879
111.41979430029126
39.972550241227985
201.05327991913285
47.073924712759954
85.35732284852722
154.01690842734052
82.41362193533286
36.239929018147045
152.80870009262492
80.3994494763691
101.74921861593914
73.42890486883134
65.15805362553243
137.6880466351844
116.41827973962836
85.32881401537891
31.949338734350885
104.98782899728911
127.02154875984101
236.2682720271138
91.98090745822063
112.29929556206629
133.18057716863453
68.0576191435599
85.60429131654732
198.44352349455292
90.5187024717731
143.3388526521045
222.75506047224653
654.1400423167878
182.3521488429721
96.74392787806839
125.8840119411883
27.954582064872298
99.94874388866823
44.79622363138074
137.95744316573106
49.71279630635379
165.98338218380448
223.39222645261793
234.7566924271415
77.7386200562191
36.26146379032871
41.82171012670472
117.20764615109105
44.247037726817375
63.337114464344744
282.5166370052351
91.35406829599177
60.53104341260527
44.835148313769324
109.64330658304442
116.07944342845755
63.09951081763658
40.94219322660557
103.74394944859338
277.21585887117465
55.78480983812812
63.943985138562304
41.54102789940165
154.4676894535302
41.7440022403109
93.09656279896856
86.68880220732181
