-1.0316284534898774
-1.0316284534898774
-1.0316284534898774
-1.0316284534898774
-1.0316284534898774
-1.0316284534898774
-1.0316284534898774
-1.0316284534898774
-1.0316284534898774
-1.0316284534898774
-1.0316284534898774
-1.0316284534898774
-1.0316284534898774
-1.0316284534898774
-1.0316284534898774
-1.0316284534898774
-1.0316284534898774
-1.0316284534898774
-1.0316284534898774
-1.0316284534898774
-1.0316284534898774
-1.0316284534898774
-1.0316284534898774
-1.0316284534898774
-1.0316284534898774
-1.0316284534898774
-1.0316284534898774
-1.0316284534898774
-1.0316284534898774
-1.0316284534898774
-1.0316284534898774
-1.0316284534898774
-1.0316284534898774
-1.0316284534898774
-1.0316284534898774
-1.0316284534898774
-1.0316284534898774
-1.0316284534898774
-1.0316284534898774
-1.0316284534898774
-1.0316284534898774
-1.0316284534898774
-1.0316284534898774
-1.0316284534898774
-1.0316284534898774
-1.0316284534898774
-1.0316284534898774
-1.0316284534898774
-1.0316284534898774
-1.0316284534898774