2.160415849296005
1.9216411318333262
2.4423040326273235
2.083053231545087
1.7843565128466214
1.648661465847678
1.9517074940545567
2.475035993114077
2.066698705359166
2.1163681457343384
1.5143885878067214
1.5100951488097007
1.0572190609732144
1.6947723857520711
1.7783450312627314
1.4819417177439331
1.759607490718747
1.2426463388417734
0.9881355802820093
2.0957267232445393
2.084092904189657
2.880524331936009
1.2313899926052767
1.6832998853236636
1.7492336039175744
1.583561279868626
1.305975891248846
1.9969011007814683
1.7755445197129949
2.0490689681287546
1.5825330738368746
2.3079004292699925
1.7101499611324553
1.6147172052297383
1.9750637608601846
1.8443916761643178
1.1490241252234807
1.3813016991255478
1.1754363142708972
1.3672479878040282
1.1028101238055936
1.5428523473043971
1.9850672490734564
1.3859128035832637
2.469380157286136
1.667404184543916
1.6380336043513997
1.332098809772273
1.8480743038205252
2.2105093897012655
1.8452189776673582
2.0554971001582634
1.705949562707524
1.1556147285190197
1.9829441656170457
1.8700651844001865
1.5025649986640706
1.4303677255302003
1.969457821174729
2.1288412337897147
1.586739020353399
1.3803159387608628
2.161363735969094
2.0682503851334855
1.7766836666403951
1.5386184376129468
2.3154119120276104
1.6658731014068349
1.7583574929190253
1.429217384765693
1.7958524568386882
1.5703982691318683
1.4101023580441034
1.8229600564480077
2.0330799184909414
2.264685517271833
1.5571311337801252
1.9429378795794503
2.098105464084839
2.5896899765414045
1.377135035593334
2.1047454473074336
1.4446619693970857
2.147781732192929
1.2333009250278946
1.5950465286854407
1.8756234804350318
1.9511574943673549
1.7603360442212233
1.0489527918921202
1.5808010967411588
1.6189646139153386
0.6429560701406953
1.5266925237472475
1.4967219082571437
1.6545232443618478
1.347909464936596
1.9109147574609904
0.9365992273265218
1.5290722941519417