6.1903713512099685
6.148608311771529
5.808906096307592
5.38548299605884
5.3828984987748285
5.520622292790158
5.898054381305101
5.690742512111829
6.616461783701467
5.674493716249813
5.927809293638358
6.405418554533753
6.073431962820354
5.336381651886292
5.55805584346496
5.8435345608289
6.717286433010237
7.1294858399781305
6.222898154431508
6.399229061647993
7.271388543190779
5.895889545722202
5.766955351977646
5.65649494625881
6.2812630453067655
5.565887082845112
5.985690739088895
6.143768970867303
6.295704105889403
5.822241826403108
6.0310669703135495
5.290892963205096
6.377982877180013
6.256201217749496
6.434523794217473
5.543968945717552
6.035859918480259
5.983161223720746
5.724905019040271
5.36841365604057
6.3737590691881
5.725749525696653
6.200920038269196
6.874985220894445
5.710900221398138
5.106831408097079
5.661717953097494
5.519512763123409
6.133075035412578
6.5440755130367165