10343.931196641213
18642.311381897067
15876.592474885245
19386.388993485118
14380.50741223322
23872.274330248845
19704.951179434054
10235.619636995383
17687.34277902917
19485.10242747968
14801.910522526217
14215.83856770962
21096.090558504075
15924.268756922644
17013.26180501996
15384.26323463242
18644.05158160187
10303.32519139718
18531.726941295034
18718.996842019063
10748.45806230059
17561.46472156145
14570.6645524385
14416.833872854868
9510.410560947887
12729.120579866649
17248.98287894546
17881.328537897894
18717.33627360542
18602.102729425063
25937.213674682265
17835.733604109697
11815.683517517871
12413.509560556093
18729.80522339518
22180.31937912236
13289.18242296727
13755.679779021466
13563.360771261641
18844.534807399927
23189.445279054842
12287.470317661713
18427.366128528112
14275.0193494519
18358.63074280409
14848.972249116596
17380.76436161437
13197.730554641776
16476.477970232798
16199.455173080907
9895.969308930165
13178.281681431707
18713.81274349567
12826.04557095949
14009.820167541602
11831.694428349263
24157.18465949638
12491.985553991353
10504.251754042814
17987.50920390889
19117.618856259363
12020.693650528301
21268.045418393765
15824.444394545391
14325.504005862138
14949.02532251559
19986.27091751289
16742.615118893656
22334.745826553102
22757.14205285031
14852.312465352225
13082.445879048128
14476.431313919338
22299.15064574421
22587.373899908678
12749.488073711313
14315.858325456276
12098.289819415375
21337.072050836985
19386.669637620045
16189.891820166344
10595.826393108635
22122.428798476503
13440.185125075206
14015.098220417647
18464.65953489823
13894.442835037727
18619.304696917137
9191.50105544136
12263.594762866192
13932.994651412566
21027.794888627326
14272.29073921267
17867.879382389292
21555.923125536407
24157.68901298833
14487.705828761484
14899.130830790074
22289.96017943082
25501.43562267799