17239.279918287364
27518.20267589363
35875.5596538478
19875.9553805519
35454.83318243902
23182.858971152807
17970.88849350961
31810.453681998835
19298.3361155358
11169.918626607103
14434.219566037917
22948.93251660792
26873.98773886445
17986.65753320843
17424.72672932085
18062.00496834498
19735.540224944234
23285.3811134474
11698.900052783674
19057.126024119887
32187.66512709647
20194.537685657808
28263.616573281375
23837.978814055372
42417.36864735983
19806.899579172317
25020.692874474746
15658.762814766453
23111.873753739597
18348.255822851337
26776.10027301442
24006.531166876575
27010.894955944634
21917.654458002133
14543.803387842445
21141.341752377382
17510.172412078005
11273.502438703043
19822.81742838812
27805.133895424562
21548.16928485543
23672.401129334092
18900.842575618666
36603.11551173225
10126.222681270847
32442.851946672057
14313.856389964021
15799.039707328702
37166.578027389725
22516.156504109356
29753.376990005192
16974.651399582235
26314.096532975964
12130.445416177732
14721.587821877909
22590.51912630467
13284.05430758998
31423.192280004543
22744.834778682052
10239.584995159255
14683.611838276745
18441.010632207977
16303.918108326909
15838.58012486644
18207.13097613431
20390.876129679607
22944.006896837083
19994.066095963255
20472.953049495023
18815.90356257292
16498.513510948946
20425.108338782135
20491.168963060674
14579.071786164359
12147.760800545462
20298.910952205
16347.486128901957
21212.545837271628
17303.26963267376
14237.97186697331
17451.948019596122
20000.992701374624
16312.244337143875
17863.166278875495
21454.370450227405
24217.297517399464
14351.60790057044
18137.04931146653
31358.410265547365
23477.383708428577
29053.818664933948
15580.267671523818
28320.8585849842
21595.711121151955
23685.818075977037
18544.0383669689
24804.94335188492
14462.823526226606
21209.338289383293
15808.308104705