48977.745320101945
78139.35576725019
34987.57319843216
62093.727177731496
72008.52905510543
50642.153995262015
101652.79080304805
73861.88837878262
59129.5323335404
76154.05768672228
65083.00958773403
78657.59760942256
58353.541117294444
53091.04094366275
84081.44575645818
65809.35813025729
74719.88095820008
51946.79900661285
48868.66767876795
83348.55379669243
53775.009747053824
101817.71889611207
36554.169321609916
61276.803951517024
66989.55425558872
77215.10129626913
90337.85775553933
58042.54549374446
60503.18900785215
58847.021372429976
36376.79567826018
53617.298412300835
48580.52343143776
63904.69774162165
64756.70614974984
58275.948160032305
74862.11741585503
85016.07473959394
73096.79942986778
81405.91198882225
60375.028382991346
41860.4165108164
61714.6757514268
50703.34684103505
54834.61908007577
83547.60149606982
56735.50598832096
111440.325218775
75388.9673030303
65053.49624252605