90300.04575022154
35287.04541115568
48373.35098227445
24121.347687296235
39728.976412441385
44134.89115002137
63686.685953710105
31060.850394536163
26161.01959189247
45513.55655137209
31903.198091206632
45986.839773809246
24758.59037348008
39408.17168720903
63578.16727627095
45813.47828373472
22996.942948811942
99465.79648833814
35991.58848171805
115348.02469861736
65031.709045398144
34625.79689242616
47632.90432974373
60338.61532639133
46861.164043540935
43135.93261132197
44971.7371997901
26619.537541181853
71357.33275784962
121888.92159728533
92853.87129579033
44211.92374586608
21599.801613853862
59735.99727416524
35237.62421568051
23375.00846184221
34189.379335329424
24363.118509035015
103591.28399197591
9450.673559064491
65424.77813849051
35691.900927577626
73080.6751342876
27837.392697402385
33352.73510574081
15183.746812808047
26055.72049512481
50935.74958400227
59830.38019362438
47553.99308079616
