489.7371515508639
461.4450240800643
533.9941478091489
494.6240098293633
514.1038528431353
499.8203199269498
535.2384940088435
474.03624970167346
474.5216133584662
412.48496890157435
497.4868657630823
535.2667538975119
472.6810893338694
465.1842703813746
535.509482827403
476.4105166521666
482.0926310463784
497.99283735920295
506.0530399811605
511.15089027154426
484.5386555053561
451.0961432575841
494.1689005579773
456.9192595714607
527.4050656264744
439.71861749568205
497.13873649648644
519.6311373271906
496.5183480712667
462.06191132891416
509.5579480371797
528.4597795741099
503.58412785846224
496.98430165494443
494.6495682741357
514.9372132063884
544.0372267219361
470.2098619012186
466.9669511112235
470.21776436058735
521.6158953634002
500.1689906764843
483.32333489411144
499.79425544892416
470.381011936009
516.6154203863631
481.933905005797
473.76284958352335
495.27307243216023
477.90509944454584
