6.490491e+02
6.135624e+02
6.682270e+02
6.802145e+02
6.496694e+02
6.742483e+02
6.521803e+02
6.233396e+02
6.288326e+02
6.492339e+02
6.541823e+02
6.859151e+02
6.625501e+02
6.958235e+02
6.617420e+02
6.997513e+02
6.731449e+02
6.304638e+02
6.377169e+02
6.086383e+02
6.645865e+02
5.818244e+02
6.652710e+02
6.557538e+02
6.372890e+02
7.056670e+02
6.982458e+02
6.623303e+02
6.247636e+02
6.191754e+02
6.843491e+02
6.825812e+02
6.451773e+02
6.804931e+02
6.263955e+02
6.256019e+02
6.318582e+02
6.456287e+02
6.777448e+02
6.490631e+02
6.526376e+02
6.278378e+02
6.286107e+02
6.435059e+02
6.811005e+02
6.425244e+02
6.843930e+02
6.478296e+02
6.460779e+02
6.375237e+02
