1.98356e+07
3.64686e+07
1.71591e+07
2.42868e+07
3.15379e+07
3.34586e+07
3.17134e+07
3.15829e+07
2.17191e+07
2.47611e+07
2.5763e+07
2.33278e+07
2.04367e+07
3.60829e+07
2.0447e+07
4.05582e+07
3.1734e+07
2.0918e+07
2.73541e+07
4.17734e+07
2.23673e+07
1.63983e+07
1.96926e+07
2.27798e+07
3.18681e+07
1.63777e+07
2.6651e+07
1.63049e+07
1.91311e+07
3.05209e+07
4.16384e+07
2.52663e+07
3.42661e+07
2.5261e+07
3.05245e+07
2.41023e+07
2.98168e+07
2.06711e+07
2.70943e+07
3.52596e+07
2.90012e+07
2.54369e+07
2.92165e+07
1.81546e+07
2.88447e+07
3.33897e+07
2.44521e+07
2.28729e+07
3.06651e+07
2.74837e+07
