252.12158089716954
406.6290294310579
265.4580169432743
368.96561873952237
325.276128646548
180.65855167864711
212.14730554228942
296.57364106064927
208.46309342775828
250.12017059710473
218.09134604755317
326.16949347898026
425.19324695204085
276.7850368387707
133.8594681935366
392.5524840501141
372.1882632326837
274.5462695005917
475.20994976148876
213.5313027612045
282.54406950766776
374.8486034644918
357.0892976079693
440.4172882324523
411.5719090704705
345.1240562955777
440.7049817834166
485.113485500622
333.25520209047653
608.0992252747419
272.2521755267859
347.84952230922687
292.80102775287315
379.0008557718232
225.21670929700932
112.28266171145714
523.3098291186907
317.1105005874066
379.41556050188694
235.95759657635125
457.37606818745655
410.6284740798539
359.47094037762434
390.7850960409589
179.79681438408795
304.1814721886656
511.38426078355553
355.5411322259244
266.2609152959802
481.99332478225205
