8.652877e+00
1.034920e+01
9.255955e+00
9.330004e+00
1.004205e+01
8.638159e+00
1.004796e+01
8.908695e+00
9.498561e+00
9.948763e+00
9.988296e+00
1.007880e+01
9.120289e+00
9.400101e+00
9.171356e+00
1.043798e+01
9.071536e+00
8.105705e+00
8.645555e+00
9.841666e+00
9.156270e+00
8.941495e+00
9.077000e+00
9.382639e+00
9.298936e+00
1.063377e+01
9.172034e+00
9.562862e+00
8.515942e+00
8.374581e+00
1.122972e+01
9.571473e+00
7.611236e+00
8.446524e+00
7.723754e+00
1.045794e+01
8.628669e+00
9.798581e+00
8.854321e+00
8.557700e+00
8.285659e+00
9.435697e+00
8.682852e+00
9.483344e+00
9.882069e+00
1.019731e+01
1.029656e+01
9.752726e+00
8.763258e+00
1.010816e+01
9.440332e+00
8.523754e+00
8.701682e+00
9.706904e+00
9.402044e+00
9.287586e+00
9.693956e+00
9.204342e+00
8.374551e+00
9.381268e+00
1.018871e+01
8.443306e+00
8.343194e+00
9.709028e+00
7.763063e+00
9.057307e+00
9.194740e+00
8.454493e+00
8.632532e+00
9.085593e+00
9.593949e+00
9.332052e+00
8.661010e+00
9.721275e+00
9.991276e+00
8.508384e+00
8.963546e+00
1.033749e+01
9.137141e+00
9.320704e+00
1.030862e+01
8.313046e+00
9.283563e+00
8.741386e+00
9.087502e+00
7.966010e+00
8.713933e+00
9.592707e+00
1.020842e+01
8.326457e+00
8.966545e+00
8.602189e+00
9.260160e+00
9.462443e+00
9.173532e+00
9.623053e+00
9.548328e+00
9.542604e+00
9.371923e+00
8.633402e+00
