0.814954
0.78455
0.840661
0.883296
0.744449
0.76394
0.906975
0.901678
0.760338
0.964146
0.833122
0.86604
0.966271
0.916242
0.678403
0.845177
0.88693
0.649622
0.699318
0.910943
0.883403
0.787037
0.971454
0.80825
0.643563
0.824738
0.822068
0.978541
0.615512
0.680687
0.876926
0.881487
0.83547
0.788894
0.698287
0.872982
0.813574
0.598972
0.837123
0.797941
0.767638
0.500774
0.73992
0.863734
0.647095
0.818352
0.93589
0.701557
0.886131
0.701548
0.911494
0.809191
0.677207
0.535774
0.902347
0.733576
0.551683
0.909439
0.794955
0.757131
0.430015
0.829371
0.936458
0.495413
0.576574
0.813562
0.650222
0.854316
0.597128
0.719117
0.849535
0.948378
0.983401
0.760671
0.846877
0.59215
0.941985
0.754268
0.4211
0.691685
0.881876
0.932412
0.970582
0.937252
0.871048
0.953783
0.460984
0.882861
0.843374
0.903563
0.803453
0.723171
0.662658
0.570758
0.880058
0.581127
0.966133
0.946777
0.596251
0.63307
