0.582476
0.746862
0.794187
0.390308
0.426344
1.41472
0.691807
1.97358
0.720014
0.450503
0.84653
0.251621
0.979706
0.910542
1.1677
0.315327
0.455856
1.0634
0.381036
0.321039
0.575331
1.17549
1.40735
0.620996
0.567022
0.659492
0.454578
0.7273
0.617343
0.494953
1.97567
0.606262
1.10471
0.512842
0.888613
0.4766
0.51102
0.747381
0.60361
0.727001
0.574971
0.817149
0.42983
1.80381
0.258266
1.00616
0.302715
0.650141
0.726893
0.689786
0.822782
0.62375
0.688273
0.71815
2.07849
1.40059
1.3029
0.572063
0.391383
0.653644
1.01781
0.971032
0.425333
0.761278
0.555202
0.539972
0.534265
1.89266
0.778485
1.05104
0.822553
0.426315
0.303183
0.535116
1.04976
0.469889
0.665238
0.572114
1.82405
0.414873
0.943128
0.973286
1.3499
1.18099
0.815277
2.28051
1.40417
0.726986
0.178638
0.584974
0.755802
1.14955
0.608587
0.408573
0.852741
0.666331
0.579847
0.26578
1.63865
0.683689
