306.615
567.355
476.992
827.86
530.032
288.979
364.515
491.981
697.953
715.98
669.363
1231.21
584.951
562.908
918.998
445.66
844.473
393.08
579.02
1089.94
424.164
423.545
891.523
351.791
1407.99
511.785
321.882
438.146
524.372
722.51
1272.32
1452.74
422.649
637.242
466.714
416.041
312.173
1488.51
463.598
793.084
402.478
834.056
654.639
497.445
1073.29
755.469
365.635
410.83
430.652
725.265
656.638
705.579
1270.63
944.697
888.183
456.36
581.209
605.24
394.792
944.413
323.352
669.33
936.151
768.538
2774.52
626.843
671.71
616.993
678.24
875.922
444.837
664.733
350.382
953.568
601.447
346.978
760.296
308.834
709.393
825.012
735.594
1007.42
648.476
325.45
514.503
399.79
535.379
429.399
504.968
469.731
541.308
474.322
501.106
584.628
579.811
452.21
984.001
705.375
947.479
1137.46
