1.7306811120962418
2.270139917460404
3.5894465804991684
2.497790616506011
3.2371648901758485
4.414425654044569
3.466488056556371
2.436879199722055
2.8469348998854027
3.0629975222835872
3.210958838243887
3.9154048611538457
3.0951515754886265
2.610853496872979
2.3936466082639294
3.014594534455965
3.146937276920404
2.828112750135311
3.3614042039116594
3.1548422138438763
2.1786586264058014
2.814870302955235
2.8924211378996523
2.523638485821231
2.5972979262104205
3.7583948678577856
4.20123056469402
2.108893021749549
2.5832757653098684
2.609851990296711
3.284059825256445
3.3652031680913033
3.1170610210434258
2.7972940769877974
2.6022809398267372
1.969043889865527
4.064749744665468
2.406582385223226
2.9249738370944787
2.274715481701459
2.182854478497614
3.0827967006591064
4.093224809094494
2.589290193210086
3.6895574637633737
3.594839977210295
2.8614018256424467
2.869580530495537
4.203830673730984
2.5558499071809235
