8590.706273493983
9161.802110030927
5551.92586768065
7620.971346713876
10496.624348522168
6579.153445348216
7290.170558659179
10309.015057624494
6183.578533995162
4934.640939317261
4533.696736505321
9239.36990430744
14537.165137631711
8386.117331740941
10401.833182500905
6580.812637284459
6608.783827875583
8254.111280132967
9723.935489479822
8379.147921170092
6717.419627075333
8889.353357822225
8571.039328615954
5593.385323050503
3645.0244680843834
6434.552443625424
8615.650217843628
7422.032875520005
7362.711399843506
7498.334508148605
10629.235988255465
11504.78633098819
6757.742960667458
6645.560675766676
7288.7597091345115
6240.730960266525
13079.320720539634
8266.733245701495
6750.370955043441
5995.197094177321
6234.580928512783
8425.727075634242
3650.2215232711815
13948.0231851466
7070.3392639102
5250.1773588143315
12658.50800790721
6263.6187879396875
10546.481955754332
9189.260888309733
