191140.55407799451
237043.79709390024
225156.94207979555
410131.88337526016
392517.93724854663
200825.5975079237
166613.57760453608
328455.7322202397
173196.59812599493
361467.39749983157
213281.32936970374
194616.40973892002
268086.11534395406
223678.10405699842
213278.07567680062
177974.39311592194
167791.95839804152
356115.7017403041
237592.5349951182
201890.67740138463
170644.34937780479
516283.43284930073
234194.9867507397
111727.47952569151
209082.6172634202
157749.1093941174
331564.391117496
189832.93429985133
125385.22983044237
166305.6921152175
165552.72101976554
462643.6978300905
248687.8211519421
223410.90879792205
169426.16068055446
213051.3817909006
226417.57592281426
217225.73614560958
628667.297822623
220649.68077568943
171578.78172567007
138991.46250418472
110771.87568744305
217206.55134952403
198693.27970106443
178218.4174299589
171698.5600132182
272069.30011658394
207729.52591358125
179318.3452488469
