1.926759e+02
1.166834e+02
1.763619e+02
2.264306e+02
7.441315e+01
2.252125e+02
2.290110e+02
1.919515e+02
1.019014e+02
1.670580e+02
1.597958e+02
1.920990e+02
1.133293e+02
1.735414e+02
1.299468e+02
1.678426e+02
1.895076e+02
2.496783e+02
1.663677e+02
2.781847e+02
1.473081e+02
2.127286e+02
1.941328e+02
1.502327e+02
1.040279e+02
1.888486e+02
1.651431e+02
2.792650e+02
2.354762e+02
2.314748e+02
1.292985e+02
3.898302e+02
1.671398e+02
1.663685e+02
1.428879e+02
1.159346e+02
1.561716e+02
2.718586e+02
1.237958e+02
1.422307e+02
1.755029e+02
1.385960e+02
1.721765e+02
1.692637e+02
2.105283e+02
1.511239e+02
2.450264e+02
1.150789e+02
4.985516e+01
2.177918e+02
1.372872e+02
1.811082e+02
2.008237e+02
1.782558e+02
2.329321e+02
1.374884e+02
2.260580e+02
1.926567e+02
1.453725e+02
6.948408e+01
2.051144e+02
1.925952e+02
1.202751e+02
1.878064e+02
1.771228e+02
1.299694e+02
2.305660e+02
1.379027e+02
2.896930e+02
9.771037e+01
1.737728e+02
1.340518e+02
1.992366e+02
3.279511e+02
1.581020e+02
2.751794e+02
2.029325e+02
1.530596e+02
1.280835e+02
1.461680e+02
1.058757e+02
1.419697e+02
2.345120e+02
1.738420e+02
2.188608e+02
1.252314e+02
1.895114e+02
2.386276e+02
2.838734e+02
1.811007e+02
1.288842e+02
1.591308e+02
1.456691e+02
2.186661e+02
1.924021e+02
1.191224e+02
2.074787e+02
1.711243e+02
1.782254e+02
2.469889e+02
