6.482215e+04
5.918432e+04
6.072771e+04
6.063837e+04
5.152063e+04
6.370987e+04
5.438943e+04
5.135073e+04
7.701603e+04
6.844442e+04
5.655485e+04
5.924229e+04
6.573699e+04
6.771384e+04
6.112483e+04
7.716182e+04
7.076776e+04
6.831796e+04
6.598250e+04
7.789617e+04
5.935886e+04
7.098692e+04
6.437631e+04
7.338310e+04
6.010105e+04
6.226600e+04
5.320679e+04
6.447185e+04
6.232293e+04
5.585159e+04
7.135634e+04
7.112203e+04
7.239977e+04
6.400082e+04
5.778307e+04
8.138297e+04
7.495837e+04
8.141405e+04
6.634619e+04
6.772050e+04
6.405850e+04
6.652491e+04
6.171506e+04
5.652124e+04
8.072203e+04
7.076308e+04
6.860273e+04
6.598246e+04
6.572949e+04
7.298423e+04
