2.537721e+00
3.230185e+00
3.766552e+00
5.895260e+00
3.835539e+00
1.989036e+00
2.292513e+00
2.165672e+00
1.835826e+00
2.230341e+00
2.874381e+00
6.202949e+00
6.272003e+00
2.104570e+00
2.383084e+00
2.448867e+00
3.506578e+00
2.003054e+00
2.271638e+00
4.979168e+00
2.785882e+00
2.960733e+00
3.879104e+00
2.695653e+00
2.401321e+00
2.748940e+00
1.765274e+00
2.705197e+00
2.984421e+00
2.634245e+00
2.502610e+00
3.856178e+00
3.875869e+00
2.580638e+00
1.982211e+00
2.707262e+00
2.642181e+00
4.756506e+00
2.723914e+00
3.148305e+00
6.692267e+00
5.336825e+00
7.010571e+00
7.903090e+00
2.083946e+00
2.432945e+00
8.413897e+00
5.831575e+00
1.969685e+00
3.387197e+00
