4.091889e+00
4.004006e+00
4.392043e+00
3.657931e+00
4.023750e+00
4.560451e+00
3.152537e+00
4.033969e+00
4.320942e+00
4.401729e+00
4.882732e+00
3.293626e+00
3.562998e+00
3.495543e+00
4.209429e+00
5.425656e+00
5.033709e+00
4.259778e+00
4.060674e+00
3.876886e+00
3.685233e+00
3.962006e+00
3.182690e+00
3.833537e+00
4.044283e+00
3.972635e+00
3.262018e+00
5.885322e+00
3.506252e+00
4.939386e+00
3.533235e+00
5.074346e+00
4.591690e+00
4.054683e+00
4.749553e+00
4.065899e+00
4.221814e+00
4.074159e+00
4.565985e+00
3.882565e+00
5.087979e+00
4.286214e+00
3.768266e+00
4.989863e+00
3.988532e+00
3.629998e+00
5.297983e+00
5.899652e+00
5.395488e+00
3.460811e+00
