7.025095e+03
6.830471e+03
3.554626e+03
8.497819e+03
6.137439e+03
8.137214e+03
4.448667e+03
2.249375e+03
7.207928e+03
9.963110e+03
9.455380e+03
9.788701e+03
1.090678e+04
4.017340e+03
2.733359e+03
3.525426e+03
5.028994e+03
5.966321e+03
7.281861e+03
5.963878e+03
5.649697e+03
3.133970e+03
4.673183e+03
7.155187e+03
1.481983e+04
9.440750e+03
6.491292e+03
1.142178e+04
5.262667e+03
7.943006e+03
8.127802e+03
3.557507e+03
8.223714e+03
5.026614e+03
2.938361e+03
5.259196e+03
4.245422e+03
2.887842e+03
2.538590e+03
4.930535e+03
5.985008e+03
5.580937e+03
4.844541e+03
6.862599e+03
6.810705e+03
5.747551e+03
8.512151e+03
6.496543e+03
6.921360e+03
2.874373e+03
