1.322948e+02
3.501081e+02
2.242720e+02
1.539573e+02
2.139890e+02
4.187538e+02
3.545594e+02
1.693098e+02
2.166129e+02
2.242914e+02
2.687102e+02
3.243844e+02
8.480073e+02
3.217870e+02
2.286905e+02
5.386306e+02
1.426466e+02
1.472103e+02
2.320007e+02
2.296199e+02
2.250699e+02
1.558561e+02
1.631494e+02
8.281250e+01
3.261070e+02
1.920815e+02
2.347414e+02
5.704942e+02
3.528278e+02
1.961220e+02
4.270695e+02
1.309620e+02
3.157528e+02
1.204354e+02
4.954451e+02
1.493189e+02
2.711030e+02
2.922297e+02
2.072440e+02
5.611865e+02
4.085365e+02
3.863113e+02
2.178092e+02
1.896805e+02
3.175548e+02
1.935458e+02
1.579093e+02
3.599647e+02
1.732234e+02
3.407675e+02
