1.474234e+02
1.953225e+02
2.016666e+02
1.752953e+02
3.763720e+02
1.490353e+02
4.195516e+02
1.507320e+02
2.504676e+02
2.069764e+02
5.474163e+02
1.763194e+02
4.002823e+02
1.598992e+02
3.568070e+02
1.844505e+02
3.208259e+02
1.514891e+02
5.667244e+02
3.475637e+02
1.193485e+02
1.083571e+02
1.979843e+02
3.602373e+02
3.057880e+02
1.388154e+02
1.740185e+02
2.300330e+02
7.025329e+02
3.744802e+02
2.342512e+02
1.787166e+02
2.755151e+02
2.732348e+02
3.443236e+02
4.154839e+02
2.392648e+02
3.881641e+02
1.485087e+02
1.104750e+02
1.910233e+02
1.971239e+02
1.874789e+02
1.973924e+02
1.744794e+02
9.675362e+02
3.652986e+02
8.973736e+01
2.985618e+02
1.561922e+02
