5649.9718174562
6862.5721828931
5094.0732913630
2469.4025803565
4064.7814115573
7581.9149744282
5869.0451977569
4295.7760508955
4461.6068227865
5810.6726178641
9189.0447204114
4501.0481892184
4610.2521345846
5321.3885696362
5217.5072801102
4712.4776883058
2767.5295245132
3383.9767092725
5070.6082226133
5120.1801296006
2571.2234266546
5766.3225183409
2344.0453998149
2605.3049203107
5478.3143027755
5594.4591059625
4443.4233975156
3378.1309464955
4570.5165823777
7185.8411166569
3521.2626808325
4473.1823411574
4503.5856210297
5607.4224113602
4183.8165487600
5880.4681868784
3568.3209953178
3057.8579049098
6093.5719701135
8395.9587971006
4833.0964557575
4692.6962561291
5012.2654295585
1958.6437923428
8995.9091303604
3123.3377340241
3591.8900336872
6173.5622248439
4810.4080478090
4190.7269417577
