855.4675162958
302.4038244761
512.0876387091
731.1421042254
988.7909532520
847.5704607325
694.0302430254
423.7821663559
730.2441954785
1551.4007484071
807.4646007204
863.5658598383
807.7532716736
326.0758021636
699.8210458169
187.2398489928
711.3572625082
512.0920854905
1636.3844824779
926.1186140944
1000.1686051626
503.6352099205
1412.0491366777
657.5514472759
487.8507340534
1462.0331732168
1245.8421982863
924.9693819837
529.5349405855
498.0879902510
812.2397562567
1013.1822867270
523.6664293772
475.5880641101
2107.6095230362
477.4995511138
1034.6415509680
575.7760307044
851.2123898976
1723.1017066022
586.3736840163
636.5897865626
688.5050031982
416.9816794595
896.2778935333
206.9240576588
1153.1414409662
1084.7836282165
522.0632076160
516.8892348084
904.5445086319
1070.8033146392
478.1867599911
1343.8254285245
1132.5953618215
668.5751990337
547.5083118284
577.0222029516
1345.9606755132
1450.0389912119
959.4523974114
655.3644995858
686.2460871483
1387.3337709586
418.7580776274
1688.3655102640
994.1103212710
1082.7177710171
1076.8400021384
1272.1668368255
475.1181407670
596.8376141333
1225.4766192679
563.1426340890
492.2046179604
792.4245770276
1384.3844123037
2419.0900731769
1243.9518987647
754.9379437559
450.6607193745
801.8285216212
1383.6106633366
1709.8051555037
778.1499105016
356.6277304484
519.5789025367
1070.9693250984
467.6814342781
820.7255268533
586.9270052444
507.3997514033
866.3469497945
336.4093745217
799.7193094119
810.3558718866
1459.6328549702
831.6630735778
201.0913519105
1274.1066389410
