7608.0864313088
11205.4237251641
8483.2412846812
15575.9889733778
28412.7918764933
11141.0198884224
15375.0845600446
5447.9793883020
9154.6500888202
7326.0381562866
5146.2380351794
10970.2079464658
8356.0891332972
17134.9969945017
14112.0550049471
11663.3885932561
7436.4056648493
13994.9447844000
14893.1133351094
4377.7986925600
8508.8716616233
11484.7832245253
4619.5952597870
7023.0603257091
32751.2864980874
16409.6951607073
7256.8954813964
14067.8572857094
11905.5941291847
9763.4982428259
13395.1849156552
16626.5224240914
12224.5976328692
29510.0767223918
14804.3353509960
12179.6881174999
6192.3858958053
16620.6970660422
5257.0656562028
3800.3651677212
13869.0224933671
12771.0855000146
18271.9799277858
6075.6810649195
7558.3153703001
12776.4596501049
18644.8005899024
15825.3364453949
9294.8531433669
19493.6069391558
19058.4878795995
19731.2899429236
2043.5247017841
4380.9373859042
11727.5278609638
10279.7902445163
11424.6588829565
14428.5651578372
15006.9899520776
10401.5709071182
5219.7940689035
18618.2344514537
7797.9076191756
19557.6864076209
11664.9507025225
15109.0797324910
6706.1809604757
7926.5873559556
20279.7920350046
15999.3794319339
14598.2124586408
20566.3453853621
28851.1943064787
9915.1984570447
9168.7901933911
15985.9749052557
5929.3468493372
2560.7356239186
7802.1376473610
22446.8395780022
11462.4230297926
8625.2682454489
9327.3356688812
9875.6385294000
10317.7936805778
10075.8310357674
4717.8769732965
14805.0871486194
6592.0520623308
7453.6060069525
5637.2064454856
3543.4779506984
6456.2242206262
10337.4898912960
6036.4859732734
11322.8885511978
12112.6397868315
10798.7756868335
22705.7723750380
5813.3071283847
