0
0
0
0
0
0
0
0
0
0
0
0
0
0
0
0
0
0
0
0
0
0
0
0
0
0
0
0
0
0
0
0
0
0
0
0
0
0
0
0
0
0
0
0
0
0
0
0
0
0
1211444.63783985
944942.6951742349
934652.4054830382
1067118.8731540085
1035537.3423089221
931497.8180640314
1016929.7497962095
1605905.5646621732
1273237.284616497
1292712.7367913665
1681186.016340734
1001291.8234500389
1316124.3653290274
1161323.506376519
1381007.1615301028
1064960.4402276422
1079149.456241403
1142768.1836648395
813328.1125372332
1402694.1795690702
1155380.1755077871
1545748.57204602
1378235.7576397469
1140089.9768154917
1288528.3815086647
1024692.1169089195
1600300.4636199675
1091453.7288759383
1380273.3939693463
1055922.482403915
1121810.5588937849
1252421.3568475014
1190149.9881001925
909608.7000180484
1433064.6077379708
978670.2626461157
1343938.9319522392
1352141.2434707622
1355222.1444024213
1313691.4827742
1279818.564637871
1106735.627269008
1187381.2483220138
1104153.7047486037
1549546.759897865
1305871.8549735479
867387.6868383439
1071578.5636497284
1527012.7473992403
949914.36025832
