0
0
0
0
0
0
0
0
0
0
0
0
0
0
0
0
0
0
0
0
0
0
0
0
0
0
0
0
0
0
0
0
0
0
0
0
0
0
0
0
0
0
0
0
0
0
0
0
0
0
0.4007756229764503
0.39822770998454615
0.39788815294245516
0.3983626433802332
0.39799884705302446
0.40061825609219426
0.3987322534069868
0.3986186130312461
0.40162965150494934
0.39799845796214406
0.39813032662402037
0.4070070835237889
0.40901520899734223
0.4011154141925761
0.3988748045940014
0.3982361531127747
0.3979317089845882
0.3983555606078628
0.39999190412829044
0.39851352230238923
0.39902029394792926
0.3982761684087137
0.40188263738064833
0.40142256949571475
0.40146850539980505
0.3990025837080715
0.39842884171846293
0.39996338077880544
0.3993741271123774
0.39883725382174084
0.3989759254201797
0.4053807565965375
0.3994758900707307
0.39864169113596226
0.3994076867991456
0.4101428383512786
0.40146829697403064
0.39849244413785634
0.4005674046358525
0.4009837720038565
0.3986765339076488
0.40039430963606826
0.3986218204248715
0.3980154054301295
0.4003721521679644
0.39865516250079835
0.40242767313145933
0.4007792313890306
0.39788738601756
0.3987862535865929
