0
0
0
0
0
0
0
0
0
0
0
0
0
0
0
0
0
0
0
0
0
0
0
0
0
0
0
0
0
0
0
0
0
0
0
0
0
0
0
0
0
0
0
0
0
0
0
0
0
0
26674.24335046632
33152.43680411841
36975.76608650842
42177.563573498985
25395.90606967082
19209.970586222742
35572.78519651359
32321.192197191504
31339.10637730772
47602.91340993436
43932.44658087364
28017.618312437757
32978.034002682754
39840.93058928697
39169.423246124126
32435.9063739674
36803.21795654128
37315.8972190404
31389.294986863857
35088.498463221265
38556.00814074154
33879.605772415875
40084.74801321027
32836.95657583511
39050.396042133
26842.480645582407
35391.58737232192
39559.77111283434
40427.01208292212
29674.525940357504
26320.92181752325
33075.83774879625
31586.291993444593
34594.81958744762
39181.85519195177
34189.362844145755
28778.587342363262
35532.580846961995
40821.30967169672
30905.192093104397
45865.44042922733
36575.79035990487
43831.76832946988
36295.41200527618
30808.89917110301
29942.646652665495
31831.805976331067
51565.86114987722
33303.12932209409
22039.19747460759
