0
0
0
0
0
0
0
0
0
0
0
0
0
0
0
0
0
0
0
0
0
0
0
0
0
0
0
0
0
0
0
0
0
0
0
0
0
0
0
0
0
0
0
0
0
0
0
0
0
0
53256855.56830048
44417496.70358862
30595548.0130346
24199895.936176307
45906703.50708071
52589649.70422263
29479847.741506707
48154581.841220036
64098388.0700505
57038337.50329433
33495122.99606592
21079810.73721566
44852837.49833116
44637530.49982064
39615363.07677225
36090911.522194974
48163893.387466826
46845281.9981514
67835639.50442912
45295750.98505825
50777199.48108153
47082643.260575205
50263484.89434658
53904583.50581429
38589615.54951318
34075004.206608735
49050974.14678128
50779361.75345085
58931655.71175549
33678934.481450446
35517640.059073776
38051738.58372456
41550680.92341326
47041405.19888928
37511881.532194994
41103186.12489848
44786743.60549308
35506677.48645827
29776765.445705045
44169095.92046544
47264568.70036776
31403011.463595334
55961177.4620806
51764708.044937104
39072361.79303334
50367312.49297259
34595221.07811961
34655013.17301753
34929502.58490202
48382107.303952105
