0.39789103062582143
0.3979193352236212
0.3978875201822909
0.39858881106329314
0.39788856409576745
0.39789185662604076
0.3978873588211993
0.3980135765550994
0.398014914184575
0.39792285651114057
0.39791274567282997
0.39789802872253155
0.3978874836645634
0.3978913718210002
0.39789852855399843
0.39788768886426595
0.3978903765008752
0.39789050655702596
0.3979159449437635
0.3978929960344182
0.39791084025593193
0.39792314294677844
0.39789030207851717
0.39793944608356036
0.39789163349879786
0.39788776530674674
0.39810223575213044
0.3979737347887333
0.39840757058906107
0.397917255679495
0.3978988539346915
0.39796021852591856
0.3979347349123348
0.39841048453093286
0.3978999254265023
0.3978873594035264
0.3978905342986465
0.3978893191841113
0.3979534066281598
0.3981185971473913
0.39791145130190664
0.3978897469283069
0.3978891750289417
0.4014036474823559
0.3978914341439346
0.3978914376944438
0.3979555894220361
0.3979140146147433
0.39788883263754293
0.39789014247380194
0.39790396739739897
0.39806994681107355
0.39788780107224575
0.3980648731993188
0.39789055564416564
0.39789233267523905
0.39789487231590037
0.39811816374774267
0.3978895181317661
0.39790573150795794
0.39789930757918235
0.39789167157193717
0.3978895316333251
0.39788752905054636
0.3978873736078885
0.3978928088986411
0.3978873578777655
0.39789370532863266
0.3979116830785223
0.3980743028797704
0.39806130085137603
0.39791057814786157
0.39788855323393335
0.3978876200446866
0.39792369507531156
0.3979333942819494
0.39789301853504355
0.3979038518743412
0.39788861619045157
0.39792905941226486
0.39789789287680044
0.39808375140187024
0.39791305861331594
0.39788899074618556
0.39789774925875143
0.3978873702847743
0.39789098890717334
0.397887527406823
0.39789670791608955
0.39789538121758206
0.3978888948243693
0.39788851080306387
0.3979569576264659
0.3979103052496047
0.3978907826251561
0.39788974751936657
0.3978876410575385
0.39789799976765394
0.3978901200631686
0.3979901784659443
