3.809777850602687
4.26763128087949
3.7843210009479598
4.400011994776379
4.1760235949494575
3.970344884760905
4.948924758986191
4.089143323568053
4.777715142111534
4.690178272463443
3.568580935203913
3.436097362538399
4.078974645595883
3.804241719247765
5.054435610472848
3.6180728143386967
3.978988928340871
3.903890126182279
4.752897476945951
3.934101821467547
4.0759934878176
3.764965069465548
4.978093692811148
5.043860717000113
3.8319684118738997
3.5614997396980224
4.303404859248188
4.48863558677789
3.916342993801554
4.963723881015794
5.1233219737894435
4.0214457668255665
3.852375073858456
5.5535304091777355
3.8239456312164966
4.9770563671570365
4.161845938091691
4.9895610804818205
6.104031295389019
3.3578302956642965
4.014093167523989
3.710073586482782
4.192305282318953
3.8671385554344924
4.768885906103213
4.94875006652266
3.8046179991461093
3.988501827070056
4.291469994686704
4.662718171584874
4.092423490596504
3.258273028986095
4.2282634184772405
5.008416240747712
5.020704762312202
2.9459951844056436
3.8392244775460664
4.22509406558597
4.153712676291798
3.550896566408762
4.57495677183341
4.205012684869633
3.730807450402551
4.188987532181029
4.554437153387447
3.2132735884656447
4.164531817373016
4.537611833345247
4.111970344520919
4.259324471835811
4.685512540269979
4.632670050893923
3.4124707668505607
3.9832192482037616
3.6683020770243058
4.335921248151537
4.693363464697217
5.634375926945829
4.299174800228305
5.395149744728884
4.305672908051587
4.516930631697952
3.978287493130185
4.345097303747878
3.709242436805664
5.055846097257356
4.456788419642864
3.618381647515015
4.496178253144947
3.4237120596359567
4.426619643105686
4.603879118907805
4.06511658858493
4.29544346440402
5.255955104963502
5.220172817658927
3.625982456761015
4.174993221602931
3.9311164736491278
3.999572505445923
