408.9936284228516
511.8237948241156
885.0443493970555
319.2184457348047
812.0094092302885
499.2160804966954
481.32788834539264
944.6780233475032
846.3147704759956
1205.8415527339948
1736.7462242406293
909.1478228681331
833.810608325629
841.7144654772671
704.4452573876633
1007.0782765550998
892.1260324673655
1000.7402570677328
2491.6992615706886
1207.9179546843573
575.601805333019
399.99328537663
707.6354294295825
770.8770618522176
465.8103243389401
721.6302037698646
672.3925526206184
482.92169063397137
704.5287765585796
1218.915325701898
913.6175744926486
834.081003569137
1438.4562698639668
932.9343105928682
1115.3811995784474
1838.9588937991377
958.4739121175279
483.9177667373267
1005.8037829483579
581.2643152358444
600.7296660876086
458.5620018579739
934.4072755858015
2668.421290137336
1097.6967124459848
628.0173332673926
545.348783369448
3585.617345085282
859.8295479500528
1203.2280345540362
638.2403089192908
538.4261130434978
653.4681729174914
651.3622361052614
1132.9497211775765
940.254940092301
676.8971885886925
372.45478015440335
477.6768022657441
567.4903913399638
2469.159211187821
477.3931779621127
703.6100156615736
3023.621866123897
610.4753909303217
1523.8622563493107
474.5697341415081
498.83383530772704
825.1888753728067
724.8171925364884
713.1885227518567
747.4387934467602
2593.0073805468837
289.5914302662762
469.1344564820125
680.3880168179163
460.6022025785139
3980.0272125804822
668.4055453154292
595.0024022170765
474.1520710202817
3375.101979981479
3502.670777247632
457.67534949544455
571.1945400863702
989.8898549320966
849.1546892051377
515.2452894796036
955.2717173821974
325.9831086922328
713.7266945275117
634.1951436160315
639.3359127070339
423.6970240983588
505.4646706343848
737.6140215152329
2631.46093366725
1708.2716153806864
995.5186399870158
542.9309346967669
