3.000279854125794
3.0001148977236203
3.0000504427721397
3.0000001747923433
3.000138346318013
3.000045749411928
3.0006215641295038
3.000232811026433
3.000257918253546
3.0000421589565756
3.0001071316427863
3.0001214360004944
3.000292181660348
3.000026589581559
3.001873143373569
3.0005965310240748
3.0000027656593318
3.000057880734586
3.000840077947735
3.0000530214808556
3.000649635940475
3.0003108581581768
3.0005312667706563
3.000417346623293
3.0000608504993767
3.000010822152729
3.000080278123384
3.00000527494806
3.0000403656681227
3.0001192963309435
3.000226623323223
30.060737228875936
3.000005709430432
3.000106827763948
3.00012284309546
3.00000163045884
3.0000155145226834
3.000184274077839
3.000050572679279
3.0000414871062957
3.00008597081447
3.000091563990757
3.000000473981896
3.0000000146856336
3.000233999957816
3.0000272627204274
3.000419504456876
3.0000439752693726
3.0000110034328666
3.000095396585938
3.000137767464074
3.0001444010974687
3.000379582972828
3.0011831442435155
3.000163325101419
3.0000596633011534
3.000023969701447
3.000001118211185
3.000261125762124
3.0000447141492144
3.000003120110596
3.0011367226688677
3.0000363039046487
3.0002920697534248
3.0000014282172924
3.0000071077378876
3.0000006268232746
3.000285775241532
3.0035335398764103
3.000023620785292
3.0001782786268856
3.0006025281642437
3.000021596431461
3.0000176063923245
3.000004108321458
3.0002830062884027
3.000618938321119
3.0000001686770754
3.000017787713896
3.0001840844424343
3.000108253326101
3.0001924230212293
3.0018144262890685
3.0000582507394946
3.0000000214381837
3.0001433949267198
3.000144689042796
3.0014431583014076
3.0000765025710088
3.000037784681225
3.000496701941425
3.0000380250516314
3.0000064628644476
3.001005525314783
3.000309245565861
3.000274754114607
3.000006092944176
3.0002071802649177
3.0000030258253108
3.0001316092966483
