4.204420115356367
4.870140770358663
4.417821200809538
4.483427221355829
4.595519562064471
4.435467098348379
4.527179944675272
4.574551815306993
4.722202907788301
4.396091293484385
4.738556923116235
4.78591535862914
4.458840689775723
4.471939723876908
4.55868201235338
4.952322696758134
4.446548855678003
4.5635636278836635
4.413154208374582
4.73658751374554
4.69682853675452
4.237414290249706
5.540619380127229
4.9503075897544555
5.036336839820208
4.957943843950854
4.7207008945695
3.960566515529369
4.620988791761899
4.364199137435204
4.610345988594581
4.961974448984844
4.463140790754849
4.219171389229242
4.073204346304383
4.88206763354864
4.474547822928535
4.5737409569227125
4.823830239114038
5.112057623298117
4.468333123050609
4.806073385289462
4.679375579539354
4.672424893971403
4.376986778361047
4.986898787746593
4.531653062531689
4.6704156729092645
4.040248019667988
4.293835006270427
4.754374472305667
4.269871558008063
4.291042616600269
4.336522319773714
4.558027586402087
4.965110018123809
4.757410272595806
4.948596663717563
4.729060905980244
4.933866584729731
4.5541744983797585
4.211141162353172
5.090718853742217
4.821350983186587
4.5100741481303785
4.7342835352254795
4.381670082966238
4.921829240677642
4.666334415523842
4.5048281327988136
4.64747064535603
4.308571957436062
5.016126808120834
4.475503203375144
4.314877224185224
4.510109418165708
4.334449088441968
4.552166223618656
4.658506137461053
4.820934204879919
4.351398860180865
4.686699778490905
4.67348350596356
4.74540635758644
4.639591113108562
4.691379336121322
4.90132603452388
4.546601036172344
4.369878787348242
4.53988425149403
4.793709381022289
5.084382153373856
4.312137084759531
4.783200645015832
4.832504449820153
4.539325248279955
4.4107947906697795
4.5232871413402975
4.584901457797766
4.068237213600156
