1.8835385992551577
1.476443304802523
2.097613289375776
2.4253798720090463
2.0143545148814828
1.2018026938100062
1.9037826554556152
2.27822428912155
2.3178543498208737
1.9068492303306823
2.0105777288679403
2.1109395826775423
1.5482881952949836
1.6563765166389612
2.0288243063431435
2.2999591873418663
2.4148700033877373
2.0408681187139774
1.8385945236351877
1.8855158729054797
2.1853632599667603
1.6270355525116078
2.0339749193598107
1.998791965981383
1.468818605169194
1.9829875762691747
1.840665666753598
1.3421217867782294
1.569224609306549
2.0306550833377206
2.01140719213527
2.196571997749665
1.9663565841002506
2.105766024241604
2.244422180218024
1.846834859113049
1.9877976748289865
1.9022397404537874
2.3305153876305593
1.7538161546934714
1.756751672508639
2.4150908207598403
1.9061146257047672
2.400742713669889
1.8622905442795568
1.8842154364635886
1.2743687334718428
2.3614503993875045
2.4681660669683443
1.9232340268389163
1.8314481247834355
2.343008260115504
1.4467747780285944
1.756357534503611
1.9633528896345216
1.7320545521899544
2.1126181764434375
2.175822663964173
2.575350167697611
1.8213188305516366
1.6778642771535641
2.053969401405237
2.015974397059168
2.239383021575851
2.36599053617632
2.4034535268996895
2.2395306625021445
2.034116085521092
2.092385872916673
2.442591795321104
1.322751044314757
2.214662102355135
2.515073181773435
2.6693703947862315
2.1289305889087626
1.9431286607971079
2.201358996072177
1.1905311794483215
1.8513153651005578
2.275638785129449
1.6545670233784127
1.6760206329460066
1.8549588934253127
1.6220493012566135
1.8609270121907788
2.1533340180977842
2.130042622722901
1.6667683025145021
1.3258956401627953
2.1075766152305744
1.9495438273731982
1.8215618531597255
1.719711812505651
2.1395247101632333
2.366992660678996
2.754834156647345
2.321137201601847
1.817467828158485
1.70663828745402
1.6396768246443938
