332.91019440828126
317.28097843221235
449.94223880367826
347.71751661654577
368.7779679493903
458.74532647612455
382.1096216233704
404.2208300401429
428.9587839089556
507.4762510011571
382.4378984057153
375.16848489707223
509.78878489225804
426.69444840082656
377.7508574083973
437.2230453012224
476.16521800584457
453.80338132228485
419.63466267094566
458.65354243618253
421.5320605012343
354.4085294086933
302.97269386734433
562.2981419661521
428.3158328597409
448.10200832078783
519.0102370183021
659.0924398264335
311.61806189152173
453.54734193423076
561.4125173773874
402.7776025495922
382.0241916191723
385.2372835721694
398.660331662268
400.36586594137617
463.6991999421063
554.8166131506249
314.3635679208674
416.1489894457902
417.2585331700242
472.09000978066666
287.5910212855142
346.97888145584477
415.7276378733286
279.16865989445785
528.719453339703
418.3431499148556
346.24435503425485
410.9156034720472
502.00584482613857
448.59295139425836
469.08434495928327
411.22310571035933
526.4913669499964
390.1081217898705
418.5502996218097
394.3396473857985
317.70710450118037
402.24176571030193
547.7048630895756
324.2320133142606
388.45344515411114
372.2957075210283
305.10578550905217
489.68288534774354
466.50998150134495
351.1288683639209
381.7747662287638
414.7655196006284
394.2637446508058
373.45739642919136
441.10054364614433
313.9237757764374
295.1129724838075
603.6070035615617
511.38056058701983
479.5003218399988
501.0610768151796
489.57568499651217
424.86245524321106
485.21377204394065
316.8928838942041
511.53394653338273
393.95767100016934
466.264549575684
411.54321344665436
402.5676437505179
286.1224814192086
360.64740883686216
423.17611468101336
370.7686847218177
409.7602864622366
404.257291164069
435.2753966141914
369.64126392938766
379.2071270664792
341.45991513752006
648.8078483695515
390.6427296263604
