10172.0824910130
9067.2719392227
11569.3010095619
10185.3871148062
9714.0890971656
12242.7420313879
14182.5582646402
14094.9139392259
10765.9075784524
9300.3175360181
18559.4104701034
7139.9398645459
12068.7728481214
11830.9950337678
10894.5988580817
7527.9329786511
7861.1129458187
14669.8641694389
13030.9353507031
7724.5496510788
10108.3844664082
14545.6715744919
13145.8709199752
9260.3985360652
10911.2696758470
14763.6617222333
8846.4458398177
9945.9190100487
12290.7490055436
13352.6959415757
14995.1540231248
12137.6798796051
10406.4566246279
10150.9653870309
6432.5838648824
15387.0047120577
14162.2637604053
10724.9346337802
14623.4950711824
17183.1735014760
15648.6107433634
9858.3611250156
11040.5689505842
11182.2379688216
10388.9884521577
7472.5548895132
12536.6492111503
11935.8986026234
12869.6552999082
13133.5493802203
