79.40258225497291
88.15759792489331
102.41937993965502
93.32376535311346
96.89823086430391
90.64846482366187
106.52059063898349
107.99136873338313
115.34506119266632
85.62648644247622
96.2747092013733
94.58055332508377
107.32114312736297
104.23048323180245
81.24204519478621
107.79574264979664
113.08704041941866
120.2572011381663
111.67486039617796
116.96528073124097
101.8168801393374
85.02623585809488
93.96027993826016
90.23289930198803
98.10626928643774
86.35730116676893
130.13024988790107
94.47398080234865
118.88844491929024
113.7992789855956
117.71561311830408
96.40660299745497
144.365758244919
104.36346376269864
100.628137183827
104.53095252013821
101.10758993491811
102.97458006983214
110.74963721717057
105.5066317504403
136.8965800978243
110.4599050910495
99.09135173919844
89.19996238263116
111.70969255835348
102.3598437615579
128.75490266854302
88.29793502917153
142.40961319002832
117.74603964932226
