49.1275357903
54.2147922565
48.9731350946
48.9428919653
47.8758988630
41.3348792012
52.4830927534
47.0795146927
44.3598139104
51.4502000427
37.2691609468
50.9152350368
56.4109287966
48.7197126537
45.4117452211
65.7644082782
37.5218880621
47.3926039682
40.4525004530
44.0412219355
44.1516937934
44.7395054583
35.2146898147
43.1448538442
45.5781533497
45.9349265710
40.1906421665
48.8811645821
45.7858384281
40.8781407406
47.8337955096
45.6078804484
48.0442221877
50.2247706998
48.4961029841
44.0549413398
53.0883501813
50.7405586974
51.4955047902
48.6432266760
58.3896981749
44.7299266966
47.0147308322
42.8023883510
44.0941945019
48.0762820684
53.5059796149
43.9035358848
52.3253442094
48.7561823795
44.8153634292
45.6768107781
46.6621909266
48.8414254890
49.4485348823
47.6835460617
50.0221138813
42.5570920380
49.9709963760
40.4419325943
44.2588826470
43.5736024900
40.1227374739
47.2888959694
58.9545824764
39.8762937839
52.2061670932
52.6495643462
42.8322276782
42.7181618983
51.9067167376
40.8240196976
42.6759703194
43.4341449732
48.7856453851
43.9305292782
51.5674446223
40.8622883283
45.4725170600
46.7183913016
34.9204226836
58.2935245786
40.2555264113
41.8468742677
40.8515396024
47.2873133429
48.3585807366
51.9697361625
42.2306942497
45.0313464413
49.6684448251
41.7049320336
35.0428843805
44.0381738783
45.9523758236
47.8072573681
44.8532204923
42.4908670212
50.8122700915
48.6305635785
