2.2210952000
2.9306872647
3.2844430613
3.1920070674
2.9624501338
2.5889968653
2.8445857261
2.4447097458
2.8740204044
2.4525357969
2.8253906305
3.0257613647
2.6338912005
3.0221137226
2.4863113125
2.4256268642
2.0010126630
2.7373006471
2.8861418204
2.4983986221
2.5512835797
2.7516031144
3.4348298984
2.6429750562
3.0186843038
2.2214892743
2.6290158753
2.5273624923
2.1391512850
2.6094980828
2.8758781588
2.4560269246
2.4251942536
2.4398939398
2.6407872569
2.6526637212
3.2966564693
2.7390862231
3.0095682977
2.8926227955
2.8249589399
2.6428754729
2.5387306407
3.0362776553
2.1316456934
2.6442515941
2.7727796586
2.5601793663
2.7817656517
2.6447821871
2.6226480111
2.8785747691
3.3818988371
3.1842789665
2.4346352490
2.5611855042
3.2855608732
2.8019011700
2.2620423175
2.7606436082
1.8328383582
2.6525844959
2.4414227420
2.8741274028
2.6296043972
3.0473419352
2.7856782006
2.0937800967
2.7044461940
2.8007290306
2.3303657420
2.6786928213
3.2872392019
3.2512957090
2.3141785441
2.7859182338
2.9782477724
2.5105227945
3.2356443236
2.6348732441
2.8422030674
2.7038361971
3.1694603071
2.5126357258
2.9080853352
2.4889957767
3.3397585802
2.7640876835
2.7315790409
2.4050886654
2.2690810906
2.3357243381
3.3423669137
2.4466529707
2.5787193716
2.9019729218
3.0997202359
3.2232923152
2.4450912821
3.0754613734
