5372.805207872951
3183.306625270638
4407.008994215032
4002.7011442715875
6428.209777382917
3525.1094441749115
4493.105117292096
2209.4133178985035
3723.4979718923164
5653.822570045221
5696.432932834136
3697.671288870079
4279.045037665182
3654.5727358321706
5121.990686708708
6145.791179337685
5105.752525060811
4888.832710624569
6621.374624773636
3132.839824788169
3834.9051460140604
2639.7160977389
3569.3716255040085
4876.137289014302
3717.7228628281077
3288.7963402563773
3318.0665630106705
5094.092851725484
2800.6767219441185
5639.5178407774065
4653.978025868735
3463.7611722129363
6671.906429185517
5706.91977083301
2991.4249062364265
6095.668968087149
4231.342217872804
3444.1430224139067
5929.242074862949
4115.641261978839
3452.7723776639104
4135.2824772954145
2898.2335382572064
4541.351915264171
3077.8409506258995
5140.340961162429
4563.113558693369
3731.666825599029
3146.762422151663
4429.603437721902
6166.645639449099
3653.1671699971303
4022.981766518317
3089.622572227784
4907.845883818146
2863.8257941879533
3415.4163899054515
5711.263124090052
4471.307043753329
4080.1471651377096
4514.206292453488
5629.1354490111935
3786.072413046197
3839.4430087813316
3894.03389207925
2599.5822753789635
2413.0112579538986
4100.067734335383
5430.0313500014145
3298.0869251263666
4985.644159217005
6981.485351066339
5826.170814199631
4106.686321879151
2743.382504822712
3296.2266526070525
4744.434161955673
3704.2562956060724
3251.481466365237
4258.475353442889
2631.886108818449
4725.488268708938
5597.06840182707
2799.3841714169675
5875.6050597653775
2490.6357384519383
4130.412614754832
3561.188676734887
4240.832758548237
6202.010207527155
5066.56832198743
3792.396783684479
5121.781396892708
4608.171514882581
4558.573754949816
4273.565958802614
3107.506948450799
4943.939335764191
4934.604312008576
2980.403071081051
