637.3764856931
2128.1233035120
579.3751491515
1078.4378881626
2880.9152634499
1735.4509191775
504.9641605414
1548.5110275866
797.7969322240
1756.2911067780
1955.2909127718
1032.9423727041
1492.3007301025
2653.7999693381
702.8134491298
1038.3955313379
1006.4736097412
567.3895761085
897.2349375480
843.7891772171
591.6501478480
479.8818054023
803.3927272389
1624.7051013882
327.7029296803
1748.8396779692
1250.8753586511
1190.1437143016
880.2068094944
803.1867910103
800.6339606618
833.6140103603
965.1708501405
628.5390339410
1129.4550157269
3567.8111680074
621.8258023539
1564.7532290518
1604.3803601648
530.4349564108
1311.6402405163
668.9920505279
1541.4844578033
1217.1151716301
742.0961794538
979.7533088164
946.7714082406
1490.8380092414
1833.1208006997
746.1744037378
430.6342233917
1675.5794330214
667.6122323610
2671.6634235082
1057.6600721711
848.3918495958
671.8774412531
923.4127625127
1501.6684282312
476.1090141129
486.9504928019
624.4060725797
1117.2090658551
4247.3952927451
709.9715613804
879.9447153670
970.5608579429
816.6961481407
1405.6735877720
1269.8426877923
1084.0753872187
578.1354878937
1283.3260050501
1123.9173829383
1186.6353523039
705.1597238827
1326.6362141028
885.4223034259
1271.9472398192
504.3783552295
965.0185804705
2077.9532657411
2936.4259897849
612.9033883450
875.6357507115
1386.0236934425
772.1225703385
547.7474478574
547.5184030674
881.3416070944
577.4715216205
3688.3943024994
875.9807834884
1124.8847422425
2485.9670215357
422.9389785778
3754.3518825195
4443.0522865895
725.7079445406
855.7833860289
