24.820900830124625
25.422239901846595
19.404189553771047
32.85544052635418
29.000308075986936
29.050586218570395
46.75540227830716
19.032321768528735
18.930199835524796
26.42585465775396
18.821198177607403
25.909126729999645
15.701399725433612
33.633746185476774
15.91883108491293
28.772079860131683
22.93128734671398
19.93961974102163
21.746592720756897
43.62363980377084
34.222831377185486
37.02305634407397
24.152176801894438
10.990071708451769
27.619966907492124
35.702230121237804
24.01704200914138
38.253027400019064
17.45559034065439
18.362703476052598
30.661927263185124
45.08367070039866
23.630279675504266
21.70186355175833
14.372309887935435
15.395203466806153
22.307259474464313
27.369354095133694
14.644060253977399
24.77958302010416
29.855445716955515
21.74154960370272
29.791851786237235
31.940147604976506
29.27087209096419
29.04112159342457
20.1724753355257
14.929456963227912
21.183937051451526
29.80959407714856
27.86073349030682
21.212334348294114
25.46381361716295
28.050711199835913
34.90264336774891
32.66011456948824
22.06781402587354
32.30742397703559
25.099012716832707
22.311650302961812
24.15433942206275
20.48968466092112
19.437018267457606
21.216282238809274
31.176759619402027
24.079091402937085
21.799803993282453
21.303776739513197
22.163250914129172
35.084491796991536
26.324556469941385
23.049889420087545
32.15166685061156
25.36581465361835
31.21077313212342
34.93684321902766
28.140952133091172
35.280666800828804
26.36820502930294
18.862266856375186
25.597853564707275
27.270934133439855
27.151687944009527
38.05574898284062
20.32672079066731
28.849522963880496
17.53821945820498
26.449323153900263
19.661112778492903
19.840801967231805
21.059839502023987
26.787797644183428
15.307398542476673
23.491771422005282
29.41159288269663
28.886051073377942
37.207849616782646
32.536046998006775
29.927566763706487
14.67314228799371
