5.9847804132
4.3588571904
5.7118288669
4.1233469849
3.0539139335
4.8694024337
6.5740027674
4.7157107929
5.8981898461
5.7671274729
5.4803306147
4.0632039423
4.3492230400
5.9705300674
6.8904894153
6.4042229918
3.8258711219
5.8193315915
4.8228072964
6.3638281074
5.2923878907
4.8948809581
5.1381367426
6.3000417109
4.2625938957
5.3769472524
4.7433361219
4.3497536726
4.7665690863
5.0808887978
8.1413645543
4.5965764964
5.3498616870
6.4328737231
3.7368781161
5.0175834305
8.0017793899
5.8674491914
5.9818728161
4.5792800341
5.5487003004
5.3101511989
4.6530330036
5.4140634949
5.6896655249
4.4413648963
4.6301888431
4.7642696249
5.3866972719
5.1857935133
