0.399491807461379
0.398655068152243
0.398848311640428
0.398566906666129
0.398727262381112
0.398353269227142
0.398560905405668
0.400682242311227
0.420383746381876
0.398201210249569
0.39828279507039
0.405526366312515
0.400640817013311
0.398296240438826
0.398034705916258
0.399460925108292
0.397894989981246
0.398150368342623
0.398616100733406
0.40366423286704
0.400664434500197
0.39871304924114
0.398935918647888
0.400213946132641
0.397890317261329
0.402523345244898
0.400459340319413
0.397986068805196
0.400901553035633
0.407779825321525
0.409489332196268
0.397927123903775
0.398212433361532
0.399441088255339
0.400964664710969
0.398900815826391
0.398220814664672
0.398293109905765
0.398524726844428
0.399063123432319
0.398817419867838
0.39834980590371
0.400030379651428
0.405847379702333
0.397952946786342
0.400520987734069
0.405229919463794
0.397891530885609
0.400287058588116
0.398640340447876
