-1.03092924750823
-1.0314639668577
-1.03054061298889
-1.02669286230116
-1.02737880226409
-1.02076535730888
-1.01876104093917
-1.03146088143725
-1.03100634373774
-1.00648359796726
-1.03084879916828
-1.03133395769161
-1.02215431378736
-1.02593715018022
-1.03139932971368
-1.03146723522677
-1.03107402890596
-1.03119341580838
-1.03091144842516
-1.03085302371429
-1.03064779317965
-1.02594277927026
-1.02971908724763
-1.03008495154565
-1.03134016374003
-1.03035139175116
-1.02985774648165
-1.0294242590575
-1.03080880804638
-1.03106245976566
-1.03105059897312
-1.02865274444303
-1.03125193179604
-1.03141518969608
-1.0262506562829
-1.03142707688203
-1.0157921741483
-1.00798408449376
-1.03048004898921
-1.03159374382759
-1.03130703213558
-1.03070312900452
-1.03076497688139
-1.02868351126414
-1.03029391110727
-1.0304636559066
-1.03135662637372
-1.0127865952228
-1.03107036340932
-1.03076808951487
