4.9460697480
4.8564183655
4.8770326379
5.0917268272
4.3441634437
5.3005200438
5.2843751714
4.9382111170
5.1179618610
4.8229349324
4.4402090884
5.2728624559
5.2114462350
5.0874134690
5.1735584721
5.3000451629
4.6617365888
4.8989115192
5.1643120814
5.1225420114
4.5402645854
4.6121646417
4.8672900156
4.8932074832
5.4852104063
5.3661045190
5.3072777092
4.8249062564
4.9104086571
4.6098238002
4.5837849670
4.7120860121
4.8555577079
5.2951481358
4.6297533328
4.7660632192
5.6066522676
5.2297454040
4.5739236835
5.2609678882
4.7740837244
4.8657380481
5.5084600835
4.8893674563
4.7647015867
5.0483688862
4.5712628737
5.5693258200
4.9090420769
4.6030400216
4.7265331563
5.0520987283
5.3575050184
5.4389778762
4.9853373586
4.9688203666
5.4491366914
4.8073187091
5.0880913716
5.7151996465
5.3426556745
5.6495601018
5.3082703688
5.5327413736
4.3954479699
4.7668459566
4.9897630024
4.6238786285
5.4975165934
5.4542498305
5.3518633398
4.2009833747
4.9327259191
4.6281162372
5.5320884086
4.7206235200
5.4356746232
4.8764182674
5.5151399170
5.1509828915
5.2677597000
4.6511182068
4.8907957898
5.3018831434
5.0047533841
5.2341198355
4.0104212403
4.8931463247
4.9922150300
5.7395994333
5.0544853970
4.6515723175
5.3799626990
4.9533051393
5.3910217871
5.2071353914
5.0848453374
5.0064844432
4.7427573117
4.5708042168
