10871.895738788422
11351.107485892684
8524.17615601121
13608.802600433937
13262.787276306452
11100.075141240544
9930.127844478555
9514.09639625973
12375.87555377583
14501.08026516492
11533.720485035468
11736.440538728062
11998.076906995675
13268.892806293534
10931.607534494315
8483.614506904716
18548.00005729775
17883.197608984054
16599.22421966851
14617.684948680038
9962.581350727729
12334.160164104525
11967.571985884098
9546.321618686348
10509.344660626328
14999.372855669677
12475.119685993652
10498.133619443648
10892.508101557716
10082.7317909359
14891.514673083162
11953.795052267042
10561.271403678635
12668.299444909168
15895.007860150869
11501.256245920915
10944.39033660907
10957.044964575634
9530.37308442998
13119.942262489722
14944.931464418409
12648.02016178243
14324.670173349185
12166.510357711591
14020.369114250016
7671.11563320434
10618.761199018618
13995.891720846956
10981.53028610681
10090.95708521778
10855.157362936547
13631.5535373387
13519.255249676473
10780.966447537277
14172.309879901371
10206.706374583158
10362.726117478673
14038.088527788987
10795.244275070809
12956.459313746398
12008.040273790073
9155.334931301479
14572.574588743886
8825.775892227715
13537.56736406943
7825.242036583634
14521.83115569182
12159.842024099264
11999.252264027738
13386.291899108213
11714.269483718143
14086.729110931823
8903.997775777952
9378.79383809766
10254.514501794223
10147.276530349687
10486.516247793092
8135.782232794375
12880.338975618102
16405.206383263896
11071.032483763609
10816.492207289271
10474.888509039873
12662.6096591229
10093.368900640362
12598.472669939578
9040.004948238475
9000.852882059648
13079.937625674762
12340.507472815936
19079.506026068902
15479.697840593879
15207.511387992441
13771.602223043688
11003.467685886162
9972.93810157096
11366.869106822036
17648.073201126288
11422.216495627656
12350.530814551978
