690307.785385467
722038.952714546
858102.98902364
689123.929874931
532506.435626563
650731.347259039
634095.256639815
390731.830099934
522542.056389058
431643.245167149
562769.997569435
893433.729055358
487197.901049951
532188.203971499
607003.37696039
485048.601565275
522951.990469173
634354.867616198
354717.764711787
348366.652207156
504893.830858199
428607.70573123
595734.644244102
505933.564252473
656906.803649515
459523.57521522
422583.086916362
451819.358763504
578599.662862564
621043.804513664
430550.138155197
808031.886604859
666261.200829786
545063.616634849
538595.762348513
732163.383115973
416270.316504974
436143.757349272
577160.903545709
575669.635144882
559561.867946043
612420.850885781
446007.965621996
387346.292556886
527895.334237803
436242.76893505
722752.353223598
578539.283691691
548092.93690905
479193.062553659
