64856.7973481723
62621.1458165975
56805.5706210224
76402.4334285677
56739.8567957927
54040.8518518314
59447.5818595822
68285.4481814212
52970.0273192930
50413.1219321702
86451.4306668712
68372.6858444546
70694.8962867631
72122.0520004975
77121.3345022461
81309.9822190334
83634.2329209986
95057.9664611400
100263.1400305462
57963.0822983147
69242.0404443181
88020.2424551572
59725.0684577063
58811.0643274535
67008.2498562147
82840.7699746446
66004.5512279368
83433.3638365691
69110.0747511145
65123.0194015976
63933.0025165926
102305.8368571827
40288.3345236160
105365.7910840547
51460.8179843108
91934.3525678245
75352.2176854756
92581.1449452357
61975.3151159864
119364.2378107124
64691.1059914216
74344.7487951844
67978.9618853124
69909.8888635024
61684.6288826516
85079.5636212428
60050.2449041913
68601.1662485914
46474.8565471109
77156.4556469270
