3561839.89601631
3482748.475531659
3014480.8303658683
3619902.932826948
3524239.996267548
3470311.483429874
2910582.2914032596
3131560.509807987
3733684.8085223176
3203308.2974336343
3499648.0176251
3617787.004158685
3562653.426883334
3677864.9913542643
3396719.852623493
3521627.78910016
3424137.296828972
3152611.2651542113
3623719.056644659
3584132.700411179
2582228.0698682526
3119023.456776304
2988598.3308134116
2962888.122429211
3309066.8154911236
3449084.0433436586
3364317.9816381303
3286820.3683387693
3176598.31446743
3198800.95416707
3309918.9455999606
3595245.1170378774
3541219.822675065
3198543.2041389877
3263845.863009343
3169557.165905889
3079830.155277975
3218573.4015610423
2972513.685507782
2932295.615688452
3320970.907755826
3373927.372814063
3575612.058921938
3554662.7658060724
3502240.238722723
3528198.1178290355
3350019.7310166834
3490476.308213757
3048664.280674092
3332846.4617873444
3465545.065783345
3758378.2121005813
3303393.7090716423
3200859.5696348837
3569683.9573813905
3219360.979977204
3627550.2351577105
3069621.9538679835
3163962.664571994
3643352.737985425
3478532.9032437517
3218670.6744826483
3370444.15732795
3389965.59586825
3373096.312496801
3453541.703374245
3683639.3229924846
3349474.7479901067
3686607.1388099086
3555439.0980193955
3369263.6444116686
3363900.152758839
3245341.0303248046
3442998.695052914
3424113.406609
2872960.0432725213
3428281.742485861
3175971.766354337
3681191.6553648184
3586088.0557759213
3627988.0371254296
3423336.1669923454
3612125.223637392
3193934.7697667186
3450533.7891325755
3390193.984590765
3113936.6790863685
3791757.364132513
3512906.9903549696
3403941.095174483
3266621.772566401
3267827.9325773916
3359827.246072915
3654890.34742322
3073641.843585287
3639997.565498197
3520262.9609298664
3241002.02276671
3296919.093025076
2878348.540434301