446.24021785345474
398.36972930163654
433.90869136608035
432.51620014293724
439.1480794236106
438.0282825757613
296.81903259021783
425.4258878448936
411.8690145699887
415.74910051945386
342.60204168463645
437.8106910842109
395.8978452724953
394.2893247195462
382.00755204126534
385.60806975600633
403.65357995580064
395.0611012769565
361.2978377965152
460.6687131969497
390.75258878224884
373.54194152730406
422.21659346863123
323.494805109568
429.5886569493402
377.15716856232734
417.76761642072313
425.8274466041669
397.70767443524016
405.62174267402133
371.199708073642
470.6548782168976
378.2376638946451
471.9420563732061
431.92543760414
312.5336062731297
384.62815229482027
394.43068227125923
360.1509323183332
285.8713728120386
418.5570351633418
413.5186511620754
405.0850147661628
361.7527658275742
444.98509035323843
347.05454053055837
416.02949829037965
404.92808777256465
392.3165057422903
297.76428037703556
447.69781511102485
394.02956387478474
418.30010202842215
408.14940795259287
469.3650550023557
400.5813860811553
403.3305658350913
428.2245447758155
441.64911239202024
427.8740140799577
403.74518817696696
383.015357296828
452.918246832466
369.59511833086657
428.13985004909205
385.2733853371136
426.90564079596345
366.05529321628194
408.0076630320997
381.22975178148084
414.54874241673735
336.0844118657513
431.0088065018164
439.33405519902675
397.96116154421605
438.99914218360396
418.80515075363473
417.46959319158884
399.3555386022137
397.5757941673538
362.9254016506312
405.55045133747683
381.08521729248605
447.69954196624104
407.3412510202371
433.2937121445874
386.6134121455473
355.69060450018964
465.7942756463894
413.4587860787223
410.61395445960585
434.7044738780808
449.9995373553822
444.15043241084703
358.47957290551426
425.34585515909544
431.61617220417554
368.38504957599605
357.5774905598851
390.5980055063251