499.99999999742556
499.9999999973681
499.99999999472806
499.9999999849121
499.9999999994591
499.9999999679128
499.99999999987944
499.99999999994805
499.99999999969685
499.99999974844576
499.99999996706083
499.99999999997004
499.9999999791757
499.9999999998496
499.9999999061835
499.99999999987193
499.9999999999539
499.99999999752777
499.9999966030815
499.9999999966805
499.9999999328095
499.9999999994868
499.99999999993264
499.99999999968384
499.9999999999355
499.99999999863195
499.9999999999723
499.9938692801243
499.99999999966184
499.9999999999412
499.99999999994395
499.9999999994415
499.9999999988173
499.9999999993525
499.99999999991815
499.9999989709768
499.99999999998914
499.9999999999615
499.99999999943054
499.99999999999585
499.9999992836328
499.999999994396
499.99999999921806
499.9999999265477
499.99999962119983
499.9999999999744
499.9999978978196
499.99999999999545
499.9999999997129
499.99999860974134