1464.9779674370309
1676.5250075955553
1436.367076783987
1471.26469490555
1483.9392938342448
1563.3411703896559
1630.2434878478311
1584.7568053464852
1485.8058872913043
1664.8941992396806
1591.9976183374392
1704.4695633952963
1591.6202835520915
1683.038080593559
1654.3777501119328
1484.874071618523
1449.7807464763594
1514.9469321137476
1544.7185396385698
1276.6664697320134
1661.7135925816865
1635.9313771118352
1614.090661678724
1620.596847757266
1552.53958452793
1630.2284278433015
1502.096522590746
1436.8843480186435
1545.6685487329607
1666.0528771072081
1587.8049802736716
1578.5200535974543
1407.8708836577775
1652.3600336208513
1430.6582572111568
1671.36701882917
1606.2427791911005
1827.8155087441676
1677.8907660838759
1543.2339413301638
1676.7170282153988
1537.3468277288873
1578.591589592135
1555.528440626593
1611.43435678605
1509.9843737765473
1582.4031668100376
1563.340922744232
1525.3605557939263
1755.555804439843