-3.861471329479631
-3.852339774617384
-3.860405309993067
-3.841541741848369
-3.8528213097973794
-3.843394052463408
-3.856297542935497
-3.8571998502452374
-3.8548382705449438
-3.856400517094283
-3.85977141003293
-3.857776678801071
-3.834313872120905
-3.860108307668521
-3.855195433049941
-3.861792040820844
-3.859664659923819
-3.853844826151169
-3.8562938510249944
-3.8615833862216338
-3.859453096176246
-3.850963723150993
-3.859374670064961
-3.8429903625619852
-3.852525926023092
-3.8518881566145655
-3.8558431561027104
-3.858527865618484
-3.861566220936264
-3.8500400601275704
-3.846607824898251
-3.854234561593424
-3.856407891943344
-3.852383947357808
-3.85115008773643
-3.8553467572641877
-3.85761903283805
-3.8505543674493463
-3.858245442263598
-3.8562331955434916
-3.861629943235182
-3.8460274398048107
-3.8493422852937784
-3.8444806310543465
-3.852358451749639
-3.860642918074964
-3.8559800773393142
-3.846949489354091
-3.851341440168125
-3.8514071536133483