438028691.37487274
419527565.74833447
351760179.8925058
427863251.0543785
482412419.6380346
379378720.2912106
439557107.63985956
432544361.50140554
473843669.23039114
479452569.8139326
405847618.85284853
342759376.0890565
383058292.6147798
442217853.11657906
401629338.01952976
433794714.18592423
424937227.5633545
469777620.48803693
395125189.4916638
400147659.8119223
422339629.18717146
419083773.4928034
439090234.39468604
435262115.8430836
380834742.2070421
342587306.3727535
390463371.2893147
431498340.98493844
381890833.71505195
422687681.79811406
452473969.11994755
410787558.42098594
457360175.3714731
502492785.8072039
362381137.3255705
407472976.6832976
450727152.48433053
312285632.396018
408833856.38560534
402557688.56111807
408342196.35010016
446474959.2118412
439900940.507217
399354671.097738
465037713.7090797
369329590.86747396
446930665.8404506
414222250.2748139
458979539.314735
492011779.12315404