1035.7981046422155
1122.746469152772
1097.3830409032407
1128.9482541165598
1020.0064064165744
1004.1480050367179
1104.5511536037586
1147.6577966487646
1193.9670199678358
1056.2373252684417
920.1318847514696
1066.0660798346876
1111.0600634294394
1098.561814724924
1066.7099263999648
1070.5626404044783
1076.372957121181
989.5386195086149
1084.2268778635428
1102.3910424198177
1083.1802504672871
1060.5765541636563
1094.0293534879813
980.8339134043658
1155.8912264018363
1089.5028333309963
1073.625956130642
1019.0258104039133
1070.1908807551515
1120.6133590106679
975.61690967929
1021.1306360138753
1099.3055846096954
883.1798943254893
1002.1150422235854
1054.0613797246012
985.8638793075681
1175.896287531533
1171.4283694430833
1081.3998784962243
1167.7425020174776
1074.357251974464
1114.5847290666882
1008.3658826819953
1076.4114263658746
1018.7257233157595
1049.7769475219484
1083.6613095814087
1154.5027536371463
1091.8917347038116
1036.306754873672
1148.1876152372918
1139.1601762541861
1058.5863621904493
1059.5577720572155
1048.8920686661957
1026.3565987587383
1203.1558348674146
1076.641522023092
1213.781462009719
1058.2466473173783
1084.6833269535687
1121.7198191219416
1059.4333302180978
1123.5071543260328
1092.3920588869512
1110.0549872189008
1111.7110495540185
1173.8848641041684
1123.282927819829
1097.0942205277502
996.4855660502762
1101.2178481905185
1112.6016871855259
1171.4031966055784
1093.4031803246567
1141.970179165881
1052.7322457472048
958.0752708849428
1049.0656573533374
1073.3272510289037
1068.8840271953604
1130.829050494541
1101.8306587500113
1051.2838176361997
897.9034304740222
1050.6612825945094
1041.4035373538027
986.8162976474534
1182.9112141204673
1140.785049649771
885.0436342711603
1128.916810787812
1087.6931770814692
1030.9343645888612
957.7436691081094
1093.2808823004912
1102.1488405745806
1067.1318668085485
1130.5593833740684