-1.031553e+00
-1.031627e+00
-1.031465e+00
-1.031621e+00
-1.031580e+00
-1.031587e+00
-1.031628e+00
-1.031624e+00
-1.031608e+00
-1.031622e+00
-1.031626e+00
-1.031627e+00
-1.031601e+00
-1.031602e+00
-1.031620e+00
-1.031487e+00
-1.031576e+00
-1.031626e+00
-1.031607e+00
-1.031547e+00
-1.031569e+00
-1.031627e+00
-1.031612e+00
-1.031593e+00
-1.031546e+00
-1.031622e+00
-1.031628e+00
-1.031614e+00
-1.031531e+00
-1.031516e+00
-1.031628e+00
-1.031628e+00
-1.031623e+00
-1.031410e+00
-1.031618e+00
-1.031627e+00
-1.031420e+00
-1.031603e+00
-1.031627e+00
-1.031574e+00
-1.031053e+00
-1.031533e+00
-1.031628e+00
-1.031627e+00
-1.031606e+00
-1.031624e+00
-1.029929e+00
-1.031525e+00
-1.031553e+00
-1.031617e+00
-1.031553e+00
-1.031627e+00
-1.031465e+00
-1.031621e+00
-1.031580e+00
-1.031587e+00
-1.031628e+00
-1.031624e+00
-1.031608e+00
-1.031622e+00
-1.031626e+00
-1.031627e+00
-1.031601e+00
-1.031602e+00
-1.031620e+00
-1.031487e+00
-1.031576e+00
-1.031626e+00
-1.031607e+00
-1.031547e+00
-1.031569e+00
-1.031627e+00
-1.031612e+00
-1.031593e+00
-1.031546e+00
-1.031622e+00
-1.031628e+00
-1.031614e+00
-1.031531e+00
-1.031516e+00
-1.031628e+00
-1.031628e+00
-1.031623e+00
-1.031410e+00
-1.031618e+00
-1.031627e+00
-1.031420e+00
-1.031603e+00
-1.031627e+00
-1.031574e+00
-1.031053e+00
-1.031533e+00
-1.031628e+00
-1.031627e+00
-1.031606e+00
-1.031624e+00
-1.029929e+00
-1.031525e+00
-1.031553e+00
-1.031617e+00
