10.8899
13.5411
18.164
22.239
10.5635
21.5771
9.03461
23.173
18.4787
11.5624
12.8856
20.033
19.8953
15.3777
12.9137
24.4772
19.9722
11.3925
12.4471
17.6368
12.0907
25.2765
24.9753
15.5212
22.8948
29.2625
25.5588
20.4324
12.9286
8.2727
12.8641
23.3119
7.75983
10.5309
10.9594
8.56504
13.3866
12.4768
10.6662
20.9032
12.0599
20.2408
17.5127
8.50789
12.3961
18.3964
16.9447
12.1839
25.0361
26.5695
10.2093
13.9401
8.76133
9.48225
11.4514
9.45783
18.9104
26.4973
14.8991
14.1141
9.34085
16.3141
16.7286
23.9003
13.9156
15.8417
17.2373
11.8572
7.99926
17.5183
9.64814
10.5392
11.9174
7.55382
8.89677
15.4084
11.883
16.1721
19.5989
15.7176
14.422
28.9494
14.968
11.7176
12.7149
12.1529
21.4966
14.8268
10.6212
14.3898
11.6331
20.483
15.6631
18.7909
6.85663
14.6083
12.833
19.0529
17.8666
16.816
