1.45735
1.30587
1.42919
1.19281
2.47429
1.02678
1.83877
0.847814
1.41026
0.854663
1.18281
1.10307
2.10451
0.784193
0.710557
1.50448
1.55394
0.932577
1.09176
1.50848
1.76095
1.24088
1.03452
3.00109
1.23975
1.34643
1.90003
2.34969
0.946801
1.15622
0.971583
1.30402
1.5032
1.32336
1.24157
1.11571
1.39036
2.07775
1.81973
0.926573
1.27953
0.949032
1.29155
1.68219
1.01064
1.17071
1.18821
1.27341
0.987651
1.14664
0.738787
0.743889
0.822067
1.62801
1.49103
1.53602
1.01627
0.849982
1.10612
1.00495
2.38692
0.928363
0.770965
0.989362
1.13083
0.867964
1.35908
1.70056
0.960852
2.12109
1.36406
1.15196
1.08758
1.67698
1.47713
1.31659
2.29474
1.44974
1.61788
2.03835
1.0196
1.38923
1.85008
1.58283
0.843259
1.41635
1.13059
2.40804
1.15704
1.55483
0.931768
1.06422
1.77261
1.16649
1.85924
0.928618
1.3411
1.09035
2.69794
1.34824
