1.608793e+05
1.815938e+05
9.338023e+04
1.123432e+05
9.185916e+04
9.276428e+04
8.345009e+04
2.459035e+05
1.526120e+05
5.375470e+04
1.679041e+05
2.306736e+05
1.383934e+05
1.504464e+05
1.792056e+05
1.947057e+05
1.158079e+05
2.097038e+05
1.554174e+05
1.395830e+05
1.545519e+05
9.816744e+04
1.390504e+05
1.184604e+05
1.157121e+05
1.595579e+05
2.377214e+05
1.677419e+05
2.425466e+05
1.272081e+05
1.529244e+05
1.124571e+05
1.009313e+05
1.215389e+05
8.382362e+04
1.739793e+05
1.140348e+05
1.007123e+05
1.588299e+05
8.157525e+04
1.255144e+05
1.083108e+05
1.440226e+05
1.013420e+05
2.121443e+05
3.121176e+05
1.628772e+05
1.212154e+05
1.328293e+05
1.202942e+05
