0.998004
1.99203
6.90334
0.998004
0.998004
1.99203
0.998004
1.99203
0.998004
1.99203
0.998004
0.998004
0.998004
0.998004
0.998004
1.99203
1.99203
0.998004
0.998004
5.92885
0.998004
0.998004
0.998004
0.998004
0.998004
0.998004
0.998004
0.998004
0.998004
11.7187
0.998004
0.998004
0.998004
1.99203
6.90334
5.92885
0.998004
1.99203
0.998004
0.998004
0.998004
1.99203
0.998004
0.998004
0.998004
0.998004
0.998004
0.998004
0.998004
0.998004
0.998004
0.998004
1.99203
7.87399
0.998004
5.92885
0.998004
0.998004
0.998004
0.998004
0.998004
0.998004
6.90334
1.99203
0.998004
1.99203
0.998004
0.998004
0.998004
0.998004
5.92885
6.90334
1.99203
0.998004
2.98211
0.998004
0.998004
0.998004
0.998004
0.998004
0.998004
0.998004
0.998004
6.90334
0.998004
0.998004
5.92885
1.99203
0.998004
1.99203
1.99203
1.99203
0.998004
5.92885
5.92885
0.998004
0.998004
0.998004
1.99203
0.998004
