5.823439e+06
6.002280e+06
6.684859e+06
3.788202e+06
2.793507e+06
5.082466e+06
1.067213e+07
1.898407e+06
1.977648e+06
1.458608e+06
3.896282e+06
4.292192e+06
7.224230e+06
1.659867e+06
3.716467e+06
4.987081e+06
4.818925e+05
2.341626e+06
2.655062e+06
6.930789e+06
2.167866e+06
4.031949e+06
1.922946e+06
1.237005e+06
7.422132e+06
2.293656e+06
1.045001e+07
3.850080e+06
6.277090e+06
1.100386e+06
8.112527e+06
3.949157e+06
1.911835e+06
3.097653e+06
1.244372e+06
3.806927e+06
3.335154e+06
5.750540e+06
2.912858e+06
3.690340e+06
1.995871e+06
9.018020e+05
4.389544e+06
4.692105e+06
1.147322e+06
1.293253e+06
1.097891e+06
6.199861e+06
1.593569e+06
2.152120e+06
4.731546e+06
8.854395e+05
2.422879e+06
1.890740e+06
1.067741e+06
4.379142e+06
1.148165e+07
5.379943e+06
2.528418e+06
9.820817e+05
7.692106e+06
2.918925e+06
2.140959e+06
8.259967e+06
3.868943e+06
2.665132e+06
2.535672e+06
2.293593e+06
1.291757e+06
1.040503e+07
4.805865e+06
4.986697e+06
3.804452e+06
6.681092e+06
3.064092e+06
4.041226e+06
8.392650e+06
5.493931e+06
2.545560e+06
1.448859e+06
2.875207e+06
1.341025e+06
4.653989e+06
3.526792e+06
2.429338e+06
5.391570e+05
4.602894e+06
8.921176e+06
2.334616e+06
2.462360e+06
5.269411e+06
4.956798e+06
2.194243e+06
3.915709e+06
5.141117e+06
5.986536e+06
2.732514e+06
6.496037e+06
2.505937e+06
2.284389e+06
