25.07756059172757
24.205426568626994
15.437687712070106
17.294785723516245
10.903703074495565
29.750129308623997
32.25568282746365
13.902806037421922
21.708205500386782
16.116583142905924
16.415127951159967
15.109246973747505
19.07456133997707
32.47007097336525
27.03910858367059
21.50711192308117
16.33139556282351
22.15247469637281
16.765416842543722
13.319145369723008
45.39905945919018
12.790180707378516
8.72961562853266
18.05540135438962
16.443960439161373
16.93322692019799
24.35408153839061
19.979392654347627
22.76681623561989
17.92139241947419
20.524766550082138
21.58117032072135
23.91611762730526
24.84062816152634
15.58693261852301
17.28587781880989
28.064234972835045
28.14607646010178
13.254099489906933
18.62939858542581
25.858336036873766
16.807280194742965
32.2192905561577
22.6159341783259
18.279355266299635
30.69826106947172
27.36881006361208
17.958276596755713
25.41671188015631
35.018923697949994
