2774.71
2737.26
6552.53
5635.82
2953.15
3598.42
6949.95
5680.84
3594.2
5850.61
6023.31
2274.61
8914.03
5296.7
3518.9
2990.86
15942.3
4443.28
4064.2
5478.65
4007.66
3694.25
2368.25
7600.49
2397.9
4903.4
3584.69
3754.13
5771.29
3220.99
4576.44
6900.29
4512.44
2728.06
4531.71
4830.46
4552.21
4974.88
8203.93
2713.41
4647.2
3739.92
3919.69
5616.44
3147.21
3746.88
7088.25
4428.3
3542.79
4467.25
6794.49
4932.64
4502.22
5436.52
5347.8
1112.6
6462.2
3283.17
7295.54
3882.95
8215.11
2431.5
5365.75
3746
3540.68
2096.36
2989.84
3858
2267.78
8067.81
1869.41
5106.42
2072.46
3492.3
2623.13
3905.96
3671.15
6039.85
3255.36
2265.93
2961.16
3320.08
5887.39
6232.06
5569.6
3016.05
3597.67
4268.65
8046.37
4887.77
4565.52
1706.35
3143.9
6224.49
4218.69
4714.7
2536.03
4691.34
6100.49
5857.6
