7.369997e+01
9.759690e+01
1.569939e+02
9.738208e+01
8.309845e+01
1.360183e+02
1.093233e+02
1.005303e+02
1.341340e+02
1.060891e+02
1.228195e+02
1.094081e+02
1.082345e+02
9.906929e+01
1.094393e+02
1.418688e+02
1.048554e+02
1.097100e+02
1.354606e+02
9.508633e+01
1.150275e+02
1.429818e+02
1.184471e+02
1.318266e+02
1.231724e+02
8.641409e+01
1.204878e+02
1.213865e+02
8.383088e+01
1.009430e+02
1.773750e+02
1.093389e+02
1.126974e+02
9.334328e+01
1.373157e+02
1.125725e+02
8.842543e+01
1.223984e+02
1.069217e+02
1.169583e+02
1.651653e+02
1.292912e+02
1.691072e+02
1.068567e+02
9.906974e+01
9.135965e+01
5.222202e+01
1.245805e+02
1.209752e+02
1.228783e+02
