-1.03162
-1.03163
-1.03162
-1.03163
-1.03163
-1.03161
-1.03162
-1.03163
-1.03163
-1.03162
-1.03163
-1.03163
-1.03163
-1.03163
-1.03163
-1.03162
-1.03162
-1.03162
-1.03161
-1.03163
-1.03162
-1.03162
-1.03162
-1.03159
-1.03163
-1.03163
-1.03161
-1.03163
-1.03163
-1.03163
-1.03163
-1.03163
-1.03162
-1.03163
-1.03163
-1.03163
-1.03161
-1.03163
-1.03161
-1.03163
-1.03161
-1.03163
-1.03163
-1.03162
-1.03163
-1.03148
-1.03163
-1.03162
-1.03163
-1.03163
-1.03163
-1.03162
-1.03163
-1.03163
-1.03163
-1.03161
-1.03162
-1.03163
-1.03163
-1.03163
-1.03163
-1.03163
-1.03163
-1.03163
-1.03162
-1.03163
-1.03162
-1.03163
-1.03163
-1.03157
-1.03163
-1.03163
-1.03162
-1.03163
-1.03163
-1.03162
-1.03163
-1.03163
-1.03163
-1.03163
-1.03163
-1.03163
-1.0316
-1.03162
-1.03162
-1.03163
-1.03162
-1.03162
-1.03163
-1.03163
-1.03162
-1.03163
-1.03163
-1.03161
-1.03163
-1.03163
-1.0316
-1.03162
-1.03163
-1.03157
