60.4688
76.9999
52.0055
54.6296
51.7178
69.6856
52.8077
54.8797
62.2031
62.6419
65.3625
84.4068
61.6233
83.4887
58.6039
51.1002
46.0771
50.2882
67.3253
57.6211
59.8159
68.5823
76.0518
62.1421
79.2273
62.1871
58.4012
65.9003
65.7341
79.1664
64.8946
46.4521
68.4632
77.0337
92.8397
67.1178
77.3353
59.2936
71.9736
60.2152
56.0491
65.1661
54.1831
86.7862
59.9354
57.1504
55.5685
54.73
77.575
73.3939
61.5031
71.158
61.7414
93.5908
61.5141
60.2047
92.0614
55.7375
57.0994
49.7897
102.232
64.5676
83.9162
55.6018
65.3237
65.2198
58.404
50.1313
74.5373
64.6948
50.6158
51.1632
67.0198
80.4599
51.7985
51.9025
96.1929
60.7664
62.5684
65.8046
62.0703
53.4099
48.1444
66.2309
92.8649
53.5531
85.9441
53.4818
57.5971
73.3471
82.0136
86.4452
57.7266
78.9417
56.7037
64.0726
87.7466
58.8093
48.2108
69.3094
