1.469625e+05
1.804878e+05
3.146837e+05
2.711697e+05
1.619299e+05
2.219321e+05
2.220245e+05
1.138094e+05
1.822639e+05
3.229590e+05
1.446822e+05
1.383283e+05
1.252307e+05
1.473374e+05
1.179301e+05
1.492652e+05
2.431437e+05
1.021838e+05
1.467301e+05
1.252851e+05
1.365444e+05
1.780924e+05
2.052556e+05
1.543279e+05
1.884123e+05
1.818304e+05
1.955488e+05
1.786365e+05
1.741852e+05
1.316133e+05
2.107667e+05
2.916420e+05
1.653243e+05
1.708574e+05
1.286775e+05
1.798183e+05
2.979964e+05
1.593418e+05
2.693565e+05
2.964239e+05
1.885883e+05
3.457785e+05
1.383474e+05
1.451086e+05
2.251192e+05
1.362588e+05
1.564554e+05
1.135389e+05
2.877640e+05
1.278742e+05
