2.16587
2.1337
2.26174
3.08247
2.31022
1.97033
1.77265
1.89009
3.41224
1.98552
1.58575
2.33283
1.6173
1.96221
1.9578
2.09183
1.89428
1.95562
1.74385
1.50686
1.74114
2.19801
1.88399
2.68603
1.79366
1.73319
1.95811
1.81935
1.49836
1.86088
2.28737
1.85561
1.74107
1.54058
3.29583
1.66247
1.78144
1.93889
1.38772
1.37705
1.87768
1.74222
1.78959
2.11713
1.52848
2.07254
2.18639
2.2218
1.55971
1.81223
2.7023
2.06147
1.75909
2.06508
1.88553
1.85682
1.93205
1.76236
1.31791
1.76204
1.79383
1.50716
2.19998
1.92852
1.42283
1.61323
2.4726
1.74844
1.86314
1.79784
2.52235
1.84411
1.73693
1.81013
1.99326
1.47543
1.40393
1.57887
1.60538
1.85817
1.3455
1.44077
1.94249
1.63892
1.73917
2.71119
1.63276
1.68504
2.02002
2.42082
2.09154
1.96784
2.08229
1.66027
1.60506
2.53376
2.09375
1.57433
1.76646
2.75761
