2.671402e+00
3.497122e+00
5.598081e+00
3.153262e+00
3.868346e+00
3.493765e+00
2.944653e+00
3.468283e+00
3.001067e+00
6.892964e+00
2.714882e+00
1.134491e+01
2.622988e+00
1.949910e+00
4.359048e+00
1.118319e+01
1.875463e+00
9.457763e+00
8.135953e+00
3.703522e+00
1.517806e+01
3.658449e+00
2.604196e+00
3.615193e+00
4.872455e+00
4.599951e+00
3.996967e+00
2.876661e+00
1.985285e+00
3.147429e+00
2.092622e+00
2.038699e+00
3.250883e+00
3.526401e+00
3.743777e+00
6.034781e+00
8.118671e+00
5.330360e+00
2.719349e+00
2.543060e+00
3.425448e+00
8.182412e+00
6.423563e+00
3.179388e+00
3.324744e+00
2.072361e+00
5.731323e+00
6.891637e+00
4.222429e+00
5.232681e+00
8.537141e+00
4.227403e+00
3.241111e+00
7.353429e+00
2.310817e+00
2.491877e+00
3.121752e+00
3.753760e+00
6.159973e+00
4.494315e+00
3.812317e+00
1.813078e+00
3.479595e+00
2.998504e+00
4.421631e+00
3.327363e+00
1.994846e+00
2.381514e+00
1.717679e+00
2.217629e+00
7.396703e+00
3.157037e+00
3.400838e+00
3.260591e+00
2.398734e+00
2.514866e+00
3.524443e+00
3.310577e+00
4.360792e+00
4.939992e+00
5.443885e+00
2.376038e+00
2.004219e+00
2.873117e+00
2.531352e+00
6.403162e+00
3.434144e+00
3.337923e+00
3.582456e+00
7.628785e+00
3.075335e+00
5.079572e+00
4.886609e+00
9.441718e+00
5.532528e+00
2.021377e+00
5.491941e+00
4.590332e+00
3.353249e+00
4.967273e+00
