5.618112e+01
3.757158e+01
5.981956e+01
6.717859e+01
4.254176e+01
7.223198e+01
4.406239e+01
8.127081e+01
5.376120e+01
8.034517e+01
5.272876e+01
7.353886e+01
9.010212e+01
5.224107e+01
9.491980e+01
6.693063e+01
4.356380e+01
7.818649e+01
4.131236e+01
6.038141e+01
6.356853e+01
7.436415e+01
4.748515e+01
4.096095e+01
3.980305e+01
2.704350e+01
8.102456e+01
4.490097e+01
8.183297e+01
3.735724e+01
6.393953e+01
5.172150e+01
5.476051e+01
5.582125e+01
6.996277e+01
8.519642e+01
5.589376e+01
4.530839e+01
7.096134e+01
9.677641e+01
4.296327e+01
6.909810e+01
4.028659e+01
5.363776e+01
2.837513e+01
3.986916e+01
5.941501e+01
3.632243e+01
7.581238e+01
8.880252e+01
1.378622e+02
6.086935e+01
8.400437e+01
3.611364e+01
6.909069e+01
2.957134e+01
6.922008e+01
3.462854e+01
6.769317e+01
3.941738e+01
3.493482e+01
2.754751e+01
3.883944e+01
3.788318e+01
3.345523e+01
3.822654e+01
4.528105e+01
2.894618e+01
6.992993e+01
6.922117e+01
4.029886e+01
5.008815e+01
3.949152e+01
5.145847e+01
3.672721e+01
5.882256e+01
4.206508e+01
9.097112e+01
5.260677e+01
3.068620e+01
8.024939e+01
4.657449e+01
6.253932e+01
6.256315e+01
5.804804e+01
7.439574e+01
3.357860e+01
4.331867e+01
7.836646e+01
6.247993e+01
2.944173e+01
2.951028e+01
2.825153e+01
3.515003e+01
6.632309e+01
6.875601e+01
5.683376e+01
3.659558e+01
2.964346e+01
5.704180e+01
