-3.862766400945507
-3.8626612720831552
-3.862780595558338
-3.862755204123327
-3.8627778638747223
-3.8627119898179467
-3.8627799439190005
-3.8627759794954297
-3.8627543859124263
-3.8627163930942694
-3.862739016422145
-3.8627790232020462
-3.862747562511456
-3.8627816342830252
-3.8627356449240997
-3.862776397032337
-3.862780258730794
-3.8627476694149787
-3.862780667500431
-3.862772581924002
-3.86277846907228
-3.862730458865279
-3.8627708468750885
-3.8627153827775436
-3.862747169004681
-3.862562964205714
-3.86278200364921
-3.8626773701204375
-3.8627040050790358
-3.8627779055425924
-3.8627105724625457
-3.862741108382948
-3.8626603053736073
-3.862767335087069
-3.8627269699581377
-3.862778630260243
-3.8627821192306677
-3.8627702304150784
-3.862705523025017
-3.862780458516072
-3.862779282587316
-3.8627653671754185
-3.862610504509849
-3.8627821309609924
-3.8621894786555404
-3.8627465886541072
-3.8626734831596954
-3.86278144658733
-3.862529534838827
-3.8627793009557587
