3.054156e+01
3.107619e+01
3.585860e+01
1.782317e+01
5.529557e+01
5.734375e+01
3.379025e+01
4.008461e+01
3.733546e+01
2.154460e+01
5.394669e+01
4.834381e+01
3.009019e+01
3.440099e+01
2.901439e+01
6.216419e+01
3.641086e+01
2.300034e+01
2.941297e+01
5.627760e+01
6.417650e+01
6.909502e+01
3.111076e+01
4.329909e+01
4.225721e+01
5.490113e+01
3.974261e+01
2.421081e+01
3.728367e+01
3.815813e+01
8.105126e+01
2.180264e+01
6.787499e+01
4.618813e+01
3.899438e+01
4.674994e+01
8.013389e+01
4.356945e+01
2.758985e+01
4.779424e+01
3.323404e+01
2.817785e+01
1.958697e+01
2.766617e+01
3.476457e+01
7.692396e+01
5.637908e+01
2.710795e+01
4.198944e+01
2.576869e+01
