1.076318e+01
9.980038e-01
3.968250e+00
9.980038e-01
5.928845e+00
1.992031e+00
2.982105e+00
1.992031e+00
2.982105e+00
1.737441e+01
9.980038e-01
2.982105e+00
1.992031e+00
9.980038e-01
9.980038e-01
9.980038e-01
6.903336e+00
9.980038e-01
9.980038e-01
6.903336e+00
1.992031e+00
5.928845e+00
2.982105e+00
2.015349e+01
1.171870e+01
2.982105e+00
9.980038e-01
7.873995e+00
6.903336e+00
9.980038e-01
1.992031e+00
2.982105e+00
5.928845e+00
5.928848e+00
9.803898e+00
4.950491e+00
9.980038e-01
1.992031e+00
5.928845e+00
3.968250e+00
9.980038e-01
9.980038e-01
1.644091e+01
5.928845e+00
9.980038e-01
1.992031e+00
9.980039e-01
1.992031e+00
9.980038e-01
6.903336e+00
