-3.862176e+00
-3.862782e+00
-3.862080e+00
-3.862773e+00
-3.862777e+00
-3.862218e+00
-3.862782e+00
-3.089519e+00
-3.862755e+00
-3.862780e+00
-3.861980e+00
-3.862670e+00
-3.862761e+00
-3.862759e+00
-3.862781e+00
-3.862425e+00
-3.862782e+00
-3.862772e+00
-3.862618e+00
-3.089759e+00
-3.862781e+00
-3.862782e+00
-3.862771e+00
-3.862746e+00
-3.862782e+00
-3.862771e+00
-3.862736e+00
-3.862772e+00
-3.862775e+00
-3.862757e+00
-3.862782e+00
-3.862782e+00
-3.862669e+00
-3.862782e+00
-3.862778e+00
-3.862768e+00
-3.089485e+00
-3.862368e+00
-3.862772e+00
-3.862752e+00
-3.862779e+00
-3.862782e+00
-3.862782e+00
-3.862767e+00
-3.862764e+00
-3.862744e+00
-3.862774e+00
-3.862746e+00
-3.862681e+00
-3.862776e+00
