9.482902e+00
8.886566e+00
8.736237e+00
8.283012e+00
6.450510e+00
1.064204e+01
9.529783e+00
8.251659e+00
7.865911e+00
9.382673e+00
7.798772e+00
9.270207e+00
9.109647e+00
8.202021e+00
8.403253e+00
7.868867e+00
6.353899e+00
9.937787e+00
6.570137e+00
1.315941e+01
7.126542e+00
6.943822e+00
7.572310e+00
9.789296e+00
7.790620e+00
1.125829e+01
8.154856e+00
9.044284e+00
8.488361e+00
8.665223e+00
7.737973e+00
1.020286e+01
1.034468e+01
7.492882e+00
9.312593e+00
8.715903e+00
9.974163e+00
9.881161e+00
6.502433e+00
6.721696e+00
9.191683e+00
7.550427e+00
8.216595e+00
8.079256e+00
1.001218e+01
6.812642e+00
9.446294e+00
7.853303e+00
6.339011e+00
6.457920e+00
