2.169487e+04
2.197105e+04
2.011080e+04
1.760759e+04
1.966871e+04
1.420188e+04
1.622107e+04
1.958741e+04
1.595880e+04
1.473395e+04
1.964065e+04
1.864745e+04
1.338017e+04
1.329476e+04
1.401375e+04
1.761689e+04
2.296358e+04
1.424331e+04
2.532624e+04
1.793419e+04
2.466599e+04
1.722449e+04
1.042886e+04
1.627761e+04
2.037836e+04
2.005051e+04
1.241268e+04
2.827138e+04
1.785452e+04
1.568266e+04
2.509959e+04
1.983562e+04
1.431022e+04
1.898716e+04
1.352610e+04
1.797566e+04
2.298226e+04
1.763060e+04
1.815795e+04
1.334733e+04
1.385702e+04
2.646277e+04
1.780539e+04
1.186635e+04
1.621455e+04
1.679240e+04
1.348897e+04
1.453591e+04
2.544084e+04
1.594999e+04
