12.670505811135913
12.670505811135556
7.873992977194372
11.718699562811059
11.718699563491057
2.9821051569736103
12.670505811135914
2.982105156829018
7.873992977341872
12.670505811135856
7.873992977340326
12.670505811135854
12.670505811135557
10.763180667378945
11.718699562732823
2.9821051580410654
11.71869956275421
12.67050581113591
2.982105156829014
10.763180755023681
2.982105156830368
7.873993006944724
12.670505811135854
12.670505812010724
12.670505811135913
12.670505811135916
12.670505811135852
7.8739929773402295
7.873992977358262
12.670505811135914
11.718699562766904
12.670505811135556
12.670505811135614
12.670505811135557
7.873992977338961
12.670505811135854
12.670505811135852
12.670505811135557
2.98210515682965
12.670505811135913
11.718699613692541
12.670505811135913
12.670505811135854
11.718699562755072
7.873992977342366
11.718699562754473
12.670505811135914
12.670505811135856
12.670505811135852
12.670505811135914
12.670505811135854
7.873992977344594
12.670505811135556
7.8739929773408255
12.670505811135914
12.670505811135914
2.982105156846753
12.670505811135556
12.670505811135557
11.718699562754873
7.8739929773402
12.67050581113556
12.670505811135616
12.670505811135616
12.670505811135914
12.670505811135616
11.718699562754482
12.670505811135556
12.670505811135557
12.670505811135916
11.718699562708922
7.873992977339724
11.718699562754214
11.718699562167725
11.718699562757585
11.718699562755146
12.670505811135614
7.873992977342424
2.98210515682991
12.67050581113556
7.873992977340915
12.670505811135854
2.982105156927822
7.873992985043124
12.670505811135914
12.670505811135556
2.9821051568763735
2.9821051568269583
12.670505811135913
11.718699562734166
2.9821051569226755
12.670505811135852
12.670505811135556
12.670505811135556
7.873992977897332
2.982105168135799
12.670505811135616
12.670505811135556
11.718699562756713
12.670505811135852
