281779.0612
464511.5628
408354.9686
309265.8843
391064.6506
239405.5207
229684.4904
202048.2582
124705.4824
627348.1584
528594.5863
359818.9807
372184.6876
373097.0541
502584.3427
280703.7
603514.7169
280621.6457
318893.4527
478171.3428
331620.2014
305589.9976
295676.2796
296800.9239
583710.8301
290935.3659
222382.0646
340028.5257
252238.7235
353493.1572
437912.837
340559.2232
206325.7552
492166.3632
340899.7625
203042.8582
374084.7748
289175.7466
264583.1892
267385.9922
301813.7837
360652.4947
292361.8328
189394.3132
209419.4645
270749.0159
217223.2803
120810.9603
181025.9858
469448.9995
