7084.07
7832.92
13992.7
4794.57
5568.47
9285.2
14258.1
15912.9
9551.93
3084.19
5882.04
13917.4
9548.81
10053.9
6506.02
4574.49
14023.2
12301
7303.1
11954.2
6331.14
16946.3
4764.68
5721.59
16433.5
1493.09
25119.1
18481.4
11143.9
5461.67
11571.9
10505.3
13689.8
11685.7
4964.26
11299.6
9307.08
13988.5
12120.9
13312.5
20438.7
14608.8
9681.55
15464.8
9792.42
6816.62
3780.58
2986.59
3896.5
5732.4
22286.1
16974.6
14792.6
8283.34
8993.06
6970.73
10082.1
8618.96
16525.9
6838.24
15491.9
20819.1
10570.3
6154.7
17407.6
4347.68
7202.25
5022.96
10227
9249.6
9514.75
16149.2
7123.65
12222.4
13935.8
5945.34
11196.2
9588.26
4516.71
9881.54
7830.1
10034.4
8343.63
9817.16
11633.9
16040.3
15573.5
9587.26
4299.03
9448.77
6833.13
6083.18
19092.6
6843.95
16881.7
8295.12
11114.2
7730.79
10450.6
18161
