1.903411e+02
2.007461e+02
1.523070e+02
1.292259e+02
1.352895e+02
1.412715e+02
9.950691e+01
1.317734e+02
1.416599e+02
8.624859e+01
1.338143e+02
1.132389e+02
1.137995e+02
9.592026e+01
1.487188e+02
1.341224e+02
1.756679e+02
1.243579e+02
1.158396e+02
1.461544e+02
1.146931e+02
1.986938e+02
1.374024e+02
1.399966e+02
1.336075e+02
1.395224e+02
1.048520e+02
1.696544e+02
1.715764e+02
7.774410e+01
1.338672e+02
1.494210e+02
2.288946e+02
1.341050e+02
1.103361e+02
1.147275e+02
1.465208e+02
1.398809e+02
1.786294e+02
8.238940e+01
9.715502e+01
1.204901e+02
1.281895e+02
1.176230e+02
8.120157e+01
7.559278e+01
1.172977e+02
1.785905e+02
1.013314e+02
1.997066e+02
