4.4409e-16
3.3307e-16
5.107e-15
0
8.8818e-16
1.1102e-15
3.3307e-16
0
6.6613e-16
0.015675
1.1102e-15
4.4409e-16
1.1102e-16
1.3323e-15
0
5.5511e-16
2.2204e-16
6.6613e-16
0.013843
0
1.6653e-15
6.6613e-16
0.012611
2.2204e-16
1.5543e-15
5.5511e-16
1.1102e-16
4.4409e-16
0.014455
2.2204e-16
0.050662
1.1102e-16
1.1102e-16
0.015316
3.3307e-16
2.2204e-16
0.018096
4.4409e-16
3.3307e-16
3.3307e-16
4.4409e-16
2.2204e-16
0.020448
2.2204e-16
3.3307e-16
1.1102e-16
2.2204e-16
0
1.4433e-15
0.021909
4.4409e-16
3.3307e-16
6.6613e-16
1.1102e-16
5.5511e-16
1.1102e-16
1.1102e-16
0.024227
5.5511e-16
2.2204e-16
1.1102e-16
2.2204e-16
2.2204e-16
0
2.2204e-16
2.2204e-16
5.5511e-16
0.018337
6.6613e-16
1.1102e-16
0
2.2204e-16
0.01369
1.1102e-16
3.3307e-16
3.3307e-16
7.7716e-16
2.2204e-16
1.1102e-15
2.2204e-16
7.7716e-16
3.3307e-16
3.3307e-16
0.014744
0
0.013695
4.4409e-16
2.2204e-16
0.018136
3.3307e-16
3.3307e-16
5.5511e-16
2.2204e-16
1.1102e-16
0
0.021946
3.3307e-16
3.7748e-15
1.1102e-16
5.5511e-16
