5.301e-26
1.7066e-26
8.5496e-27
6.1598e-27
2.3574e-27
6.0682e-27
3.4543e-27
2.1751e-27
2.8202e-26
2.8399e-26
4.6437e-27
6.3278e-27
6.6918e-27
1.7558e-26
1.3424e-25
1.7065e-27
3.0121e-27
1.2954e-26
1.0769e-26
1.169e-26
5.9972e-28
4.2506e-27
1.0511e-26
7.9606e-27
1.5327e-26
7.6049e-27
1.1551e-26
2.9068e-26
1.2207e-27
2.0269e-27
2.9692e-27
7.6723e-28
7.0497e-27
3.6474e-27
1.6899e-26
1.4573e-27
7.5342e-27
2.3509e-26
1.9566e-25
1.8406e-26
6.3269e-27
3.8565e-27
3.1182e-27
1.0132e-26
3.4018e-27
1.7164e-26
7.4709e-27
2.6332e-26
2.681e-27
3.9648e-27
4.0012e-26
7.7573e-27
1.8235e-26
2.1097e-27
6.6964e-27
4.2451e-26
2.4549e-26
1.4426e-26
1.0212e-26
3.8651e-27
3.8504e-27
5.4314e-26
4.5627e-27
6.7964e-27
6.6205e-27
6.2099e-27
1.3798e-26
1.3876e-26
3.7998e-27
2.6786e-27
1.6536e-26
1.0872e-26
3.3399e-27
5.6656e-28
1.068e-26
8.4228e-27
4.4747e-26
4.6295e-28
1.6466e-27
5.4339e-27
1.9118e-27
2.2722e-27
4.885e-27
4.4478e-27
4.1615e-27
1.9766e-26
2.5006e-27
1.2239e-26
1.0723e-27
1.572e-26
1.4473e-26
2.0697e-26
2.1102e-26
9.5437e-28
3.5216e-27
4.8158e-27
4.6288e-26
2.2333e-26
3.8617e-26
1.5463e-27
