3.0000007376594686
3.000000141863746
3.00000007226896
3.0000010164795037
3.0000003234424013
3.0000000439294423
3.0000000004346377
3.0000003975583365
3.0000001399970153
3.0000001219694075
3.0000137989619695
3.0000000496773165
3.002636298259174
3.0000104388716
3.00000076958448
3.000172060103989
3.000000186203635
3.0000122587752855
3.0000000602867956
3.00000008247173
3.000038071232945
3.0000000179017614
3.0000001619731322
3.0000000725365905
3.0000018477444206
3.0000000215498748
3.000000053551637
3.0000042359709904
3.000000349957669
3.0000007493387146
3.0000004891316814
3.000000307887164
3.0000004579238913
3.000000643327919
3.0000078013573437
3.000000013285462
3.000348917126335
3.0018993101334166
3.0000000146585704
3.000000422967138
3.0000011472006247
3.0000002510168473
3.0000418123228223
3.000001786814089
3.0000000069631936
3.0020421240547686
3.0000002408198165
3.0000002629368177
3.0000015909703555
3.0000000042481014
3.0000043179284077
3.000012944791241
3.000000017179259
3.000147982715448
3.000000541368797
3.0016871986318074
3.0000090572015696
3.0003272010548048
3.0000052531407952
3.0000037305559677
3.000000009940787
3.0000000105088525
3.0000002577037326
3.000000014965756
87.90585290251846
3.0000007753996494
3.0000000671086267
3.00002894004505
3.000998983467538
3.0010970342465217
3.0000000022975373
3.0000010334534553
3.0000000112582574
3.0000001780072276
3.0000003812979896
3.0000035498024205
3.0000003524296908
3.0000042536275986
3.000000019552808
3.000002285937565
3.0000334681962486
3.0000004967565954
3.000000946550688
3.000000675732925
3.0000003601258323
3.0000009642685423
3.0000013259586376
3.0000056680994196
3.0000031293458136
3.000003288311708
3.0000000508491755
3.000000008342247
3.0002862588349846
3.0002638192689637
3.0000687915555417
3.0000000262410382
3.000000119782918
3.0000287979490348
3.000000000007644
3.000000769027971
