392458.2486046959
284268.45182068145
343195.4892511341
621435.7928730315
492298.6055390143
518123.76771485154
381174.6660112061
436795.80553877784
416284.017852836
463217.8062987338
345319.5830435393
361911.08253242535
276435.7764617738
455109.07044721715
425366.5402229899
407119.71148028766
349673.05353379017
470073.69290321245
356756.887558588
532522.4774400815
439833.2909342936
290009.64787947934
398393.30624080385
244365.1865152946
364305.9832296602
408476.02154017147
441448.2846756163
396993.6796786923
339195.9639368065
345753.1022712624
401736.5477767305
454765.98989705154
521600.5548326515
461364.76207026915
289998.13134760084
397683.8542601105
412258.3217181619
521838.7432438796
305774.3168939215
303881.9540131419
499161.80814830685
336713.05898196786
461755.1533123197
438419.770774183
347127.3529326108
408358.0139905984
286438.3382156252
326149.50392569066
432164.5828268591
595662.0754941432
