2.2737e-13
1.1369e-13
1.1369e-13
6.7151
12.2938
0
5.4423
1.7053e-13
6.3346
8.1628
5.6843e-14
2.1417
5.6843e-13
5.6843e-14
2.0696
5.6843e-14
1.7053e-13
1.1369e-13
5.1302
6.8256
1.3341e-10
1.7053e-13
5.6843e-14
5.0825
4.812
5.6843e-14
1.1369e-13
2.1026
1.7053e-13
1.0059
9.6634e-13
18.7022
1.1369e-13
1.7053e-13
1.1369e-13
1.0203
5.6843e-14
3.979e-13
2.1495
3.4106e-13
2.2141
5.0288
5.1531
5.1335
1.0094
1.1369e-13
1.1369e-13
3.8066
2.1999
4.6581
2.2503
3.5495
5.6843e-14
5.7612
5.6843e-14
2.1671
3.9222e-12
1.1369e-13
12.7453
10.548
7.6228
5.6843e-14
1.3813e-11
2.1457
9.9697
7.9581e-13
6.2749
5.0655
2.1838
1.1369e-13
5.6843e-14
1.1369e-13
9.7528
3.6329
1.7053e-13
1.0128
5.6843e-14
9.3116
2.1637
2.2737e-13
1.1369e-13
1.1369e-13
4.9658
1.1369e-13
2.3971
8.5087
3.304
5.84
1.1369e-13
1.1369e-13
5.3719
1.1369e-13
5.6843e-14
7.7521
5.4764
5.6843e-14
7.9666
7.9207
6.6721
6.8697
