1.75543e-08
3.14864e-08
2.30265e-06
9.10456e-07
2.5389e-06
3.38616e-07
5.0447e-12
9.59034e-10
7.73606e-09
4.63947e-08
2.30214e-07
1.67922e-09
1.09498e-14
6.34695e-11
5.50362e-07
5.83845e-09
1.38135e-08
2.82882e-07
9.20153e-09
1.27968e-07
3.94148e-10
2.81692e-07
7.96056e-07
1.33001e-06
2.99334e-06
2.27298e-06
0.000206011
4.65397e-08
7.96728e-06
1.52115e-07
3.67233e-09
8.16804e-12
2.85895e-09
6.79338e-05
1.57757e-06
2.33664e-11
5.06074e-08
3.73278e-08
1.146e-08
2.07328e-08
1.34046e-09
1.22272e-05
6.28528e-07
1.23784e-08
2.88048e-12
6.39771e-07
6.89907e-06
5.02589e-07
6.38109e-07
3.40085e-08
8.08353e-07
4.12089e-11
4.57081e-08
2.33457e-12
1.98773e-09
1.09573e-09
1.27691e-12
3.62247e-07
1.04148e-05
1.45199e-08
9.05439e-07
2.07608e-06
4.3178e-08
6.47434e-07
2.64199e-08
0.000211596
1.00039e-07
0.00138157
8.87731e-07
3.48509e-11
3.3153e-10
1.72688e-06
6.81309e-09
1.03673e-10
3.88678e-09
3.7795e-07
8.19753e-13
4.39225e-11
5.59453e-05
3.35192e-08
0.000986935
1.22586e-12
6.98366e-09
2.30748e-05
1.48573e-09
2.03771e-09
4.9131e-08
3.05901e-07
7.91279e-07
0.00023623
1.21263e-06
4.39667e-08
1.32921e-07
9.60998e-06
9.5974e-10
6.61852e-09
4.26372e-09
8.1299e-05
5.25669e-10
0.000468742
