2.220446049250313e-16
3.3306690738754696e-16
0.018284827149752547
1.1102230246251565e-16
0.024788706386248638
0.02157748141614213
2.220446049250313e-16
1.1102230246251565e-15
2.220446049250313e-16
1.1102230246251565e-15
6.661338147750939e-16
1.1102230246251565e-16
5.551115123125783e-16
1.1102230246251565e-16
1.4432899320127035e-15
8.881784197001252e-16
1.1102230246251565e-16
4.440892098500626e-16
6.661338147750939e-16
2.220446049250313e-16
6.661338147750939e-16
8.881784197001252e-16
1.2212453270876722e-15
3.3306690738754696e-16
4.440892098500626e-16
4.440892098500626e-16
0.01986877132985787
2.220446049250313e-16
0.021606656959850423
1.1102230246251565e-16
7.771561172376096e-16
6.661338147750939e-16
5.551115123125783e-16
1.1102230246251565e-16
4.440892098500626e-16
2.220446049250313e-16
0.0
0.013459754781672939
4.440892098500626e-16
2.220446049250313e-16
3.3306690738754696e-16
7.771561172376096e-16
1.4432899320127035e-15
0.020007196423153517
2.220446049250313e-16
0.0
5.551115123125783e-16
3.3306690738754696e-16
1.1102230246251565e-16
0.032550581574120385
8.881784197001252e-16
0.02178695478097692
1.1102230246251565e-16
4.440892098500626e-16
1.1102230246251565e-16
0.014097180811941556
3.3306690738754696e-16
0.0
0.01893434400918259
1.1102230246251565e-16
0.0
1.1102230246251565e-16
1.2212453270876722e-15
8.881784197001252e-16
4.440892098500626e-16
0.0
0.0
1.1102230246251565e-16
5.551115123125783e-16
1.1102230246251565e-16
5.551115123125783e-16
0.011551466524523102
6.661338147750939e-16
2.220446049250313e-16
0.01742758984070747
0.0
0.028464424853353543
1.1102230246251565e-16
5.551115123125783e-16
6.661338147750939e-16
7.771561172376096e-16
6.661338147750939e-16
1.1102230246251565e-16
1.3322676295501878e-15
0.0
1.3322676295501878e-15
0.0
7.771561172376096e-16
0.013352247263945571
5.551115123125783e-16
0.014165322829307714
3.3306690738754696e-16
2.220446049250313e-16
0.03455651524895498
0.014913038403194578
1.1102230246251565e-16
0.0
0.020747183957878668
2.220446049250313e-16
5.551115123125783e-16