522.972
239.071
283.612
294.308
324.821
316.522
326.041
318.851
218.805
351.807
557.094
311.267
226.86
266.783
269.175
285.932
294.94
300.451
338.756
326.476
251.097
624.449
262.942
274.277
327.058
274.256
291.547
312.845
324.394
322.136
277.916
276.031
312.236
311.019
274.718
412.319
241.892
324.239
278.426
326.331
251.965
264.391
245.339
262.104
264.27
343.407
309.763
284.654
303.444
327.033
290.209
381.847
387.891
340.759
272.95
364.287
280.77
251.424
337.983
289.077
306.218
537.598
284.722
247.866
330.285
355.932
267.779
311.65
328.373
271.834
323.494
310.693
293.196
284.631
605.415
296.823
371.848
200.979
318.062
278.247
328.4
340.334
289.703
275.624
269.841
312.583
241.687
316.821
313.937
285.678
243.563
331.991
321.752
322.474
261.887
325.487
269.138
523.199
286.909
332.64
