1.951386261680217E7
1.5466656028576896E7
1.7190029272254333E7
2.249786351842427E7
1.3490685689735003E7
2.0259178085044947E7
1.6777416560404964E7
1.6673619031730527E7
1.5543505292895181E7
2.1619638049063984E7
2.1585651345231213E7
1.652883076753582E7
1.9033087619545072E7
1.3682251785808383E7
1.740095032532459E7
1.3456678754362665E7
1.493371253587936E7
2.3479335923501853E7
1.4059261593033656E7
2.1136938608793996E7
1.9570462456996452E7
1.5848456177827459E7
1.9232370122154865E7
1.328430749915206E7
1.7895864389913253E7
1.9803423810445473E7
1.7160930498503152E7
2.032372427564472E7
1.894091951482862E7
1.1989077878236055E7
1.6945929776961703E7
2.2279151745491162E7
1.92754348673223E7
2.4316737815524418E7
1.6091659741852779E7
1.854859771581533E7
1.9058658357449297E7
1.2566409686092071E7
2.1122257936904512E7
1.9175324246520493E7
2.3233700304440066E7
1.6287337575669521E7
2.0594369749455195E7
1.6176320138802683E7
1.018610057994059E7
1.2768214351915542E7
1.0783664908159167E7
1.438340720560126E7
1.5035240931627402E7
2.1093828063875183E7
