111.243340337133
92.6971246812385
107.150328874272
97.7515108541658
82.7947031447825
70.4840057741322
138.217702914284
123.438999416461
86.892504784838
75.4198760742676
162.497739143018
147.287787513764
97.7444811498077
91.9855444989646
85.5585154228884
60.5543137675164
116.444859839573
49.1744559424229
143.181056288254
96.998203642509
73.5021547075117
150.274769675081
104.271399948907
131.792411131326
107.083455935579
145.052474518793
105.351776917877
111.663442800223
96.4281660256003
147.491580633306
166.459379370073
123.137037325056
114.124160242069
104.773002872722
94.5249448354486
141.56763746928
163.334451392852
142.939478328255
72.2650003150163
48.2965837644561
83.1072079251599
210.178962422975
131.150982036267
125.410003945286
101.532485259875
133.917943830654
139.605280736165
190.61816984017
47.8769124502872
98.4851029158213
