5.281100013933444e-18
2.797648249406267e-17
2.693884219891242e-18
1.0944123480233924e-17
2.7388494658346175e-17
3.5100151358819754e-17
8.246607248111303e-18
2.2653644251498416e-18
5.182032141176981e-18
1.0844823745104502e-17
1.8208749359891777e-17
4.040148572017122e-18
9.877066978785652e-18
3.163315978629315e-18
1.1630694331662885e-17
3.250681194191406e-17
1.3746367989548976e-17
2.928363348420575e-18
4.02052485688757e-18
1.5952032153441417e-17
1.291328534458652e-17
4.366548453532365e-18
3.7165656474539767e-17
6.679272336738763e-18
2.468096553478934e-18
1.67549142922288e-18
6.064786082409718e-18
4.20512203399009e-18
8.170930420471099e-18
1.0561771926297744e-17
1.111869652751159e-17
2.030306513491819e-18
3.336270392740334e-18
1.6426130431827914e-17
7.622057199210126e-18
2.027874582800299e-17
2.4486150531354294e-18
2.7879827693278353e-18
1.1808284446689433e-17
7.410650526763033e-17
1.926388134573343e-17
3.337461250870816e-18
5.1024126887008464e-17
3.484886951027982e-18
4.319943018685949e-18
1.5668178560241745e-17
4.73725337772546e-17
1.084391278882849e-17
1.1176350312675708e-17
1.6700216588204065e-17
1.1951469455351119e-17
9.923322368711433e-18
2.415967782579302e-18
1.4392520866289816e-17
1.1124558884809967e-17
4.0882376314722317e-17
7.372914133133561e-17
9.845381186985173e-18
1.3975586927148625e-17
6.405159081485861e-18
2.8087187719724687e-18
6.701157822593214e-18
2.860113963887379e-17
1.56299636937238e-17
1.2762393720303344e-17
1.6524706385128127e-18
3.108325369362473e-18
3.0843784829804373e-18
4.2873204084326664e-18
2.2649688228304974e-17
5.941611680622227e-17
1.070011148409709e-17
5.07732297539286e-17
1.0002988546126868e-17
2.838155959273798e-18
4.629155966225358e-18
4.1029420396266275e-18
4.840569819731213e-18
2.8901655980883144e-18
1.2063437692688019e-18
3.322276039028254e-18
1.1949814700896824e-17
1.8483522102518952e-17
8.315513589259792e-18
7.517753355976479e-18
8.553700090511028e-18
8.80839778574376e-18
1.1696786415764993e-16
1.6400951798290133e-17
1.9371808527984462e-17
2.1746572255539512e-17
1.0482000280488897e-17
2.2469658429984064e-17
1.3962657936132822e-17
1.2390939224092188e-17
5.016602777384224e-18
5.9908353076558875e-18
1.7942056048855736e-17
1.4806003989370205e-17
6.52902491477381e-18