10745.5174660956
15147.823160149
12088.9072832177
7107.51381553536
12973.2107039409
11555.2808232733
6756.42639289589
9762.49694966204
12173.0074577895
9857.83538248468
7022.55671417107
7560.06847327311
15577.1389448019
10707.8419826711
8189.94792417558
13838.905710728
11428.9309714311
10221.1419133338
7831.14454011918
9369.45426509179
10138.0496902239
12022.8342463587
12875.7754618123
9900.15489102435
11533.2846887301
5401.09894246602
6379.54820187084
9455.98505914922
16453.949230289
13886.3424789026
16275.5366820998
8437.90412733754
9286.08657384843
10421.0554265073
11192.8159804099
9074.89171874439
11898.2026775813
13379.1374159213
5448.09952830138
18816.4897034107
12619.2525717207
12119.2090317858
16277.6971749898
6348.9905083938
12595.5957037523
7026.88234110853
12427.8718384423
11786.1536069648
16015.1720557953
16692.7542833262
