308.8136950299614
242.97005610267666
262.1399766887227
271.442536203059
325.7084397652556
304.5432732542895
329.0388321474775
344.2542287736517
320.6896598771866
329.7869073186945
260.8492174087337
239.8814762518017
372.9125785927094
302.6411476200361
298.1608999762965
379.82049299082234
341.7915498526011
260.6814433763486
321.82610040450305
387.3861292766092
233.6516361020074
275.87570930935635
301.9977660215938
407.23238345233534
345.6463121559505
312.5163815050952
309.065207594269
324.80441379233133
281.6249057091933
338.1776269392873
292.36864883373204
269.9354201635549
287.89954753671054
302.7337889628538
265.5070198838766
357.78305892159176
287.27197121581077
297.37508371997825
335.6280054668206
261.632354020154
362.8454360932778
293.1614307218032
299.37082472301535
323.7237508051048
267.2885415055877
339.3835717649958
225.65779331438046
304.14067447662285
351.3943397514886
340.98981509071876