2.2438842226412897e-27
1.4116588637219037e-28
2.0807303753207756e-27
4.3824587359045835e-29
3.9385679069828335e-28
4.4441987069749975e-28
4.095563668969397e-27
9.148784054415252e-29
4.162673621739276e-29
6.689712510413291e-28
1.9931922762358617e-27
5.358795097304873e-29
4.693742738221177e-28
2.394578241780633e-28
5.075438363228165e-28
7.578676092424686e-28
4.532166210461503e-27
2.9374414320818435e-27
1.3778080031847447e-28
2.7057334163177083e-27
2.1091433807918695e-28
2.9924251694197538e-28
2.464682066608775e-27
4.141547973724099e-27
1.7323898409608825e-28
2.96398118545981e-27
2.845310269944519e-28
1.6449227479315995e-28
1.3888727523424972e-27
3.9273170355119783e-28
5.036953890020004e-28
2.286991216081275e-28
2.3776291103813798e-27
5.125456230524014e-29
1.361819074272881e-26
5.1920878386920465e-27
1.7518033722299694e-28
6.156256620666655e-28
1.5134550053657555e-28
3.9884386543297634e-28
4.8892694162327e-28
8.567601309435206e-29
5.7002137224535016e-27
4.283808138691938e-27
1.2499061288369925e-26
7.033725506685159e-28
3.2110730189133947e-28
5.364110478306132e-29
3.496906747541647e-27
3.2931901642967253e-28
2.688518558264044e-28
2.271248592318647e-28
2.0486334704411162e-28
3.2893861516539487e-28
2.0627041941743494e-28
5.5819357958415976e-27
2.9770159468025673e-29
2.4847187630712003e-28
1.643729514188849e-27
1.5627898652128774e-27
2.3833563877648097e-28
5.184245717042495e-28
5.175768516431458e-28
1.612876241573715e-27
4.992303392840191e-28
1.8511245227909324e-27
1.2510104434687525e-27
1.2943039239336464e-28
9.267336737982604e-28
2.0170971386162948e-28
5.357847261167427e-28
6.891150768664882e-28
4.214420802467107e-28
4.251910872413512e-28
1.230454769300567e-27
5.18358802610247e-27
1.1863116642273247e-28
2.995941265035828e-28
3.025311583562309e-27
3.4164761409846426e-28
1.1883589082352215e-28
4.563982008205116e-28
3.457333584016618e-27
2.369732073985964e-28
6.539795403641262e-28
6.425973155359531e-29
3.3583670388337563e-26
1.0068113965793013e-27
1.5299298269751986e-27
9.741808899197445e-28
3.312520286565723e-28
5.576904146666125e-27
8.006001897264394e-28
3.024945436974605e-27
3.606670060029315e-27
3.221713536477457e-27
5.0008324443562813e-29
3.4061790912138313e-28
2.345144481190994e-27
3.012244006193041e-27