9.235524101837945E-18
2.1252417967005942E-17
3.3590477035371134E-17
3.766865198149213E-17
1.1794277499688163E-17
8.894199868849713E-18
1.5115553867687782E-17
1.0256339370419712E-16
3.819010033596626E-17
3.5838566823503807E-17
9.40136222269054E-17
4.363783207082539E-17
1.038458607954377E-17
5.116332351630257E-17
7.189788439212481E-17
1.407421753029017E-17
2.6205968018517062E-17
6.728103448669593E-18
1.45783972260464E-17
2.7379438793274315E-17
2.785682504527246E-17
1.8014224307858575E-17
1.1902148043986875E-17
1.4569328659443255E-16
3.509572628820797E-18
3.7447594007955734E-17
5.505988469653289E-17
6.2202512428003256E-18
4.701765336786781E-17
1.041693013597007E-16
9.389828152030433E-18
1.131092218331289E-17
8.675098216062164E-18
4.220743963245251E-18
2.314257433203429E-17
5.385594111511242E-17
3.714549837995397E-17
1.048882447547706E-17
7.815308453437677E-17
3.650218359973401E-18
5.753340490168743E-17
4.209674306992387E-17
1.784630477615104E-17
1.1009569368598711E-17
2.985274954258894E-17
5.1326494614238626E-17
1.4511276926044868E-17
4.3357548075507034E-17
4.326628730924649E-17
4.235558008829885E-17
7.826564868642071E-18
1.75314478951799E-17
4.437017852875991E-17
3.938615267045278E-18
1.0717303952803788E-17
9.695866253853129E-18
5.236250182388197E-17
3.1454000863366376E-17
1.847222665360824E-17
1.987948624033164E-17
2.2947570503811852E-17
8.384270965723875E-18
4.1899938847890655E-17
1.0204809106726468E-17
2.243919662659432E-18
1.4149934643161412E-17
3.920757248923091E-17
2.9522897978718723E-17
1.2564793489501092E-17
2.1698418174827412E-16
5.0277306295427176E-17
2.4793722891565778E-17
7.997977264500258E-18
2.2389001321596008E-17
3.793726223205493E-17
2.7580059328218115E-17
2.9235625936256066E-16
6.079102190460852E-18
4.921175797676265E-17
2.5808457238545508E-17
1.4956291075171814E-17
2.4802203759994977E-17
2.5011575900702676E-17
1.424325735598158E-17
1.228546821835468E-17
2.525552490181412E-18
2.772919680441794E-17
4.839356529817918E-18
4.608678250264046E-17
2.6272388917307036E-17
7.566671039344235E-18
1.3753345762639645E-17
3.7280095643203804E-17
7.580508415892661E-18
1.8010259198042696E-17
1.0082281133658882E-17
3.74662172280279E-18
1.06051692500981E-17
4.2571785137610024E-17
2.9294501183793056E-17
