500.0
0.9980038378440442
12.670505811135852
10.763180667274273
5.928845125443532
10.763180672263896
5.928845125710721
12.670505811135554
1.9920309002520618
1.9920309002399037
6.903335694232219
2.982105156853548
0.9980038378980588
2.9821051569596575
2.9821051570718833
10.763180666835456
500.0
500.0
2.9821051575950115
3.968250105706193
1.9920309002634027
12.670505811135556
12.670505811135557
10.763180666966756
12.670505811135614
2.982105156913702
12.670505811135854
500.0
10.763180667625226
10.763180667313268
10.763180667417654
1.992030900246758
2.982105156827956
12.670505811135913
12.670505811135616
1.9920309002672878
0.9980038378827971
0.998003837798544
2.9821051598864967
16.440907314193534
2.9821051573497512
500.0
0.9980038379601229
0.9980038378168884
2.982105157533392
10.763180667019457
1.99203090023294
2.98210515813696
1.9920309002211307
0.9980038378001204
0.998003837860406
3.9682501057176434
2.9821051569521435
0.9980038377995387
11.718699562067417
10.763180666798373
6.903335694269463
0.9980038379211107
0.9980038378091148
10.763180667428188
12.670505811135618
5.928845125484278
0.9980038378309805
1.9920309002232321
500.0
12.670505811135618
0.9980038378189067
5.92884512558548
0.9980038378226099
10.76318066681593
2.9821051571153405
2.9821051570148285
2.982105157507641
2.982105156984417
0.9980038378765933
10.76318066678305
10.763180667313543
2.9821051568494155
0.998003837832632
2.982105156818781
2.9821051568661505
12.670505811135913
10.763180666914966
499.9999999999999
2.982105156848277
12.670505811135554
10.763180667554165
1.9920309002327636
2.9821051568669255
2.982105156835838
2.9821051575468114
2.9821051637310285
3.968250105657669
11.718699562632823
10.763180667272067
499.99999999999835
10.763180673022712
2.9821051568251216
1.9920309002376348
0.998003837853049