0.998004
10.7632
0.998004
10.7632
10.7632
10.7632
2.98211
12.6705
0.998004
10.7632
10.7632
5.92885
10.7632
2.98211
0.998004
0.998004
2.98211
0.998004
10.7632
2.98211
2.98211
2.98211
10.7632
2.98211
12.6705
2.98211
10.7632
2.98211
0.998004
2.98211
7.36367
0.998004
12.6705
0.998004
0.998004
2.98211
2.98211
10.7632
2.98211
4.78099
3.60521
0.998004
0.998004
12.6705
10.7632
0.998004
7.91735
5.38867
2.98211
0.998004
10.7632
4.43272
0.998004
10.7632
10.7632
12.6705
2.98211
2.98211
2.98211
10.7632
12.6705
2.98211
10.7632
10.7632
10.7632
2.98211
2.98211
12.6705
2.98211
0.998004
0.998004
0.998004
2.98211
0.998004
0.998004
0.998004
2.98211
0.998004
0.998004
10.7632
10.7632
0.998004
4.1311
2.98211
2.98211
10.7632
12.6705
2.98211
0.998004
10.7632
2.98211
10.7632
2.98211
12.6705
10.7632
0.998004
10.7632
2.98211
0.998004
2.98211
