6390820.05
7969173.4879
21247541.6282
12706770.6471
21753122.4018
13134140.5777
16397498.7732
9215677.3378
9628771.4
12301423.3325
9126339.5549
9597435.1635
11487370.0434
16531820.6146
17165898.8151
13144347.0465
8761260.8878
10912836.5506
12176022.7582
14153253.7479
15680420.8175
19039194.4324
12827769.4284
14775067.0922
24696941.7875
5760430.3599
10934870.0698
19088217.4697
7141242.7346
14532679.4458
18360383.6242
11081781.2177
18903509.2141
7242980.7168
10565128.9105
12235572.6076
10341333.4236
12430861.7728
6991800.0398
14849832.6066
9141593.2871
24655495.2019
9893688.4438
17538416.3566
13163692.1719
7277049.2324
9716498.6934
8431992.9666
17438399.3008
9377244.075
