492.65666175240773
427.13851414675946
429.0911286244123
391.40364442408753
445.21774835742053
399.4272203420635
470.09772435842183
423.07767244989395
424.3395766993034
470.52648490650233
472.6839046912983
455.1211650699869
436.2481937658464
447.96170336628404
405.5685893707268
475.4716117801865
483.85443085324965
480.27804931456325
426.1326937133995
464.7557008986196
421.2648314114365
379.4311903946201
465.3407576791575
457.13391025052647
455.8179210628589
488.9132677032694
465.19501953212324
443.42816771299334
500.0557327140662
431.5002741079802
463.9538191934131
446.7406569516967
507.54668060511773
423.781996588438
457.100019562777
472.7725300491383
412.95215483537777
437.61896359434814
481.9741851114225
478.41687734020024
440.53024580085685
437.12243115290664
473.02402971322823
442.4546058111108
465.5267081557707
501.96987206654063
449.545023928853
438.2852760176205
500.392422796328
381.42446607428315
