-1.0316284529308
-1.03162844559447
-1.03162844013796
-1.0316284520275
-1.03162844649212
-1.03162845224387
-1.0316284398082
-1.03162844863299
-1.03162845332043
-1.03162845155927
-1.03162844897318
-1.03162844896217
-1.03162845343594
-1.03162844265656
-1.03162843692767
-1.03162844413442
-1.03162845044933
-1.03162845348758
-1.0316284487827
-1.0316284036354
-1.0316284529237
-1.0316284523972
-1.03162844552686
-1.0316284526045
-1.03162845293577
-1.03162844737073
-1.03162844744072
-1.03162845280324
-1.03162844841291
-1.03162844301234
-1.03162845035009
-1.03162845310738
-1.03162843269094
-1.03162845331485
-1.03162845038362
-1.03162844876805
-1.0316284509777
-1.03162843788246
-1.03162845269915
-1.03162844824556
-1.03162845338251
-1.03162845128383
-1.03162845305943
-1.03162844246855
-1.03162845021871
-1.03162844690842
-1.03162844612038
-1.03162845262037
-1.03162845313163
-1.03162844756435
