1.594e-27
5.4021e-28
1.5643e-27
1.0369e-28
2.7142e-28
3.8303e-28
1.3112e-27
3.0866e-28
8.3499e-28
7.5167e-28
2.7956e-28
2.0703e-28
4.4436e-27
9.2639e-28
8.3692e-28
4.1264e-27
1.0086e-27
1.9094e-28
1.1264e-27
1.0078e-28
6.1673e-29
9.8236e-28
1.1917e-27
1.4178e-27
8.7642e-27
2.9853e-27
4.4708e-28
7.021e-28
9.0894e-29
3.3705e-29
2.682e-28
1.2289e-27
1.4029e-28
2.0941e-29
4.775e-28
1.3813e-28
3.7314e-29
1.6567e-28
1.6999e-26
2.0331e-27
4.3776e-29
1.1957e-27
5.5713e-27
3.3223e-28
2.782e-28
2.6699e-27
7.6556e-30
1.1475e-27
9.1851e-28
5.9789e-27
6.1746e-28
1.4694e-28
6.8246e-28
1.1515e-27
1.9984e-28
1.6381e-28
1.2114e-28
3.2138e-28
3.1135e-28
3.4149e-28
1.5315e-28
1.7717e-28
1.1886e-28
4.468e-28
6.658e-29
1.3778e-28
4.0036e-28
9.9788e-29
4.4513e-28
7.5259e-28
4.9187e-29
9.5823e-28
5.5607e-28
1.5522e-27
2.1085e-28
1.5695e-26
3.2498e-28
1.3634e-27
1.5858e-29
8.6547e-29
5.36e-27
1.8626e-28
3.5044e-27
5.8856e-28
1.6381e-28
3.786e-28
2.9269e-27
6.5879e-28
3.5549e-28
1.4207e-28
1.072e-27
2.7763e-28
2.1617e-28
3.8383e-28
5.9827e-27
8.775e-28
8.4515e-28
3.7491e-27
4.3043e-29
3.5398e-29
