235397.9005114478
188004.43170895666
391146.680936886
367424.7377452385
381847.97867822705
274518.3746960485
243832.8674009119
175744.65851125718
327001.17720071314
345693.5070576019
399041.5791929017
659723.3855175615
278885.53610812937
385811.2865134041
282368.8406867529
406289.69545557484
95555.93459961287
273416.56544363976
231617.25556919
225764.32800015234
369157.93738510355
376994.37126822094
248778.4388072178
181229.62795225836
284369.4630715662
215246.0243257935
200772.64662627436
284016.16197217174
339359.1807090282
305061.0210503435
277726.5819771992
271556.49408577825
460119.7623654559
161468.82358209952
301696.8359330701
383580.7141008431
237378.30042324075
309671.2152471875
275521.81611993467
498956.02916403126
395435.06947726675
243724.62084062566
167678.28377202956
394232.85735982616
325207.3935098259
214889.97875502755
214750.7516617008
349386.2579735986
82274.97836798162
519249.0619356613