159.6645151924
150.3680810008
184.8859612368
158.1225623220
194.3433390252
147.1623382324
172.2720416540
158.1153782459
153.6583665606
164.4080072640
209.1137981432
191.3108680707
137.2832964061
179.6354542030
155.3737836255
179.4809731674
139.1852808945
152.2984351397
150.6211638182
161.0346476045
188.7336280618
130.9133897106
133.3012276610
158.1955228736
175.5922980628
164.8163830351
174.5671533840
207.6267649236
142.6393609456
142.8870299859
173.5214853943
156.1140211710
126.8543235164
150.0366906362
140.9363782706
184.1293886494
194.6669369119
130.3111392343
120.6677234669
146.9364665997
196.2992936963
182.0286522251
184.4653855606
159.5024990267
160.6583883313
202.0448104293
133.6316243559
194.6669436299
162.0006534970
131.4205602206
