-1.03163
-1.03163
-1.03163
-1.03163
-1.03163
-1.03163
-1.03163
-1.03163
-1.03163
-1.03163
-1.03163
-1.03163
-1.03163
-1.03163
-1.03163
-1.03163
-1.03163
-1.03163
-1.03163
-1.03163
-1.03163
-1.03163
-1.03163
-1.03163
-1.03163
-1.03163
-1.03163
-1.03163
-1.03163
-1.03163
-1.03163
-1.03163
-1.03163
-1.03163
-1.03163
-1.03163
-1.03163
-1.03163
-1.03163
-1.03163
-1.03163
-1.03163
-1.03163
-1.03163
-1.03163
-1.03163
-1.03163
-1.03163
-1.03163
-1.03163
-1.03163
-1.03163
-1.03163
-1.03163
-1.03163
-1.03163
-1.03151
-1.03163
-1.03163
-1.03163
-1.03163
-1.03163
-1.03163
-1.03163
-1.03163
-1.03163
-1.03163
-1.03163
-1.03163
-1.03163
-1.03163
-1.03163
-1.03163
-1.03163
-1.03163
-1.03163
-1.03163
-1.03163
-1.03163
-1.03163
-1.03163
-1.03163
-1.03163
-1.03163
-1.03163
-1.03163
-1.03163
-1.03163
-1.03163
-1.03163
-1.03163
-1.03163
-1.03163
-1.03163
-1.03163
-1.03163
-1.03163
-1.03163
-1.03163
-1.03163
