4.485890e+02
4.581708e+02
4.622255e+02
4.618332e+02
4.530013e+02
5.158362e+02
3.858121e+02
4.278444e+02
4.511655e+02
4.027001e+02
4.927762e+02
4.793493e+02
5.172810e+02
4.478181e+02
4.537376e+02
4.353568e+02
4.397582e+02
4.304724e+02
4.147883e+02
3.940626e+02
4.347604e+02
3.972374e+02
4.996978e+02
5.003911e+02
4.349035e+02
4.677208e+02
4.450466e+02
4.300489e+02
3.850621e+02
4.962906e+02
4.071029e+02
4.597885e+02
4.338212e+02
4.658430e+02
4.549262e+02
4.280103e+02
5.094875e+02
4.617150e+02
4.479517e+02
4.736418e+02
4.748961e+02
4.722369e+02
4.163235e+02
4.280645e+02
4.770622e+02
4.105469e+02
4.687079e+02
4.739057e+02
4.307180e+02
4.388715e+02
4.745244e+02
4.238057e+02
4.060907e+02
4.384858e+02
4.295871e+02
4.782351e+02
4.826854e+02
4.564944e+02
3.787160e+02
5.473994e+02
4.459028e+02
4.198674e+02
4.521614e+02
5.379319e+02
4.671582e+02
4.241293e+02
4.274824e+02
4.399783e+02
4.445026e+02
5.165985e+02
3.986190e+02
4.040812e+02
4.452523e+02
4.577182e+02
3.955919e+02
3.927147e+02
5.007250e+02
4.790150e+02
4.889790e+02
4.310799e+02
4.374656e+02
3.920429e+02
4.772019e+02
5.056543e+02
4.531921e+02
4.807662e+02
4.666173e+02
3.941958e+02
4.086037e+02
4.233437e+02
4.794383e+02
4.884780e+02
4.711698e+02
4.089832e+02
4.575600e+02
4.517835e+02
5.086156e+02
3.771426e+02
4.641856e+02
4.314304e+02
