12.74658847522787
13.372626953691915
11.537397079852184
13.505088993056386
12.936536819438116
10.493949551363078
14.11968748579201
14.1136738871556
13.354905327166765
13.393000435927037
10.487966422623511
9.65580037429137
10.470683375226848
12.273521664914256
10.775583531107793
10.765032287907047
9.349024055783456
12.443798684226316
12.203779764868848
11.698476909675398
12.686942160622335
13.610120191978668
10.245916177944626
11.630101357894329
12.843071009752654
13.383040717717835
12.587908084676021
12.524656813799668
12.02653653713057
12.010734184202384
11.93880347213337
11.720366051160447
10.035727225607769
10.088663846999326
13.507290808733828
12.084269522531685
11.904066677069556
12.13027727218831
13.47519867742565
15.542287744923033
11.033628296741442
10.991104224338471
14.233638595607864
14.172936771875634
11.600863884889696
10.058902924357625
10.523688722537822
12.51324761298697
11.968167020774992
9.58480340410376