-1.0316284502124948
-1.0316284528420534
-1.0316284505709106
-1.0316284507852995
-1.0316284278928705
-1.0316284241826714
-1.0316284489761893
-1.0316284507883051
-1.0316284405339249
-1.031628452868772
-1.031628442405265
-1.031628452795311
-1.0316284433095746
-1.0316284418774448
-1.031628445892769
-1.031628452790115
-1.0316284517935668
-1.031628448234005
-1.0316284339093547
-1.0316284449475126
-1.0316284350377543
-1.031628446691484
-1.0316284252720465
-1.0316284360566161
-1.0316284225435783
-1.0316284308159576
-1.0316284452445508
-1.031628448281952
-1.0316284426756641
-1.0316284517269183
-1.031628432779148
-1.031628450818835
-1.0316284502714625
-1.0316284435985792
-1.0316284383639749
-1.0316284337538506
-1.0316284504586926
-1.0316284426875237
-1.0316284418776207
-1.0316284458391842
-1.0316284529351223
-1.0316284508456335
-1.031628451297493
-1.031628451787595
-1.0316284486598133
-1.031628447228302
-1.0316284501984165
-1.0316284486752247
-1.0316284331369412
-1.0316284432843108