49.8248
75.0089
123.7373
117.5002
142.5545
116.384
196.5485
109.449
26.5834
89.5154
101.2008
164.881
162.0341
59.0013
104.3977
88.0419
169.9557
77.0077
117.8533
73.5641
84.6361
94.6099
67.7201
140.7963
76.6178
102.6849
135.7369
134.8751
145.4376
137.6514
153.0731
67.4055
110.0904
84.538
89.7686
62.6508
114.8025
60.2034
47.7134
46.9659
95.2174
101.6465
121.0216
100.7938
107.3446
89.804
151.5411
119.2231
147.1151
96.0621
114.0077
129.905
111.1461
128.1648
176.6695
154.1283
134.8454
74.9988
46.7479
133.3795
108.9407
91.344
160.8986
119.8745
136.3524
158.068
64.0689
49.4951
142.2363
189.3308
136.7466
102.4806
125.1931
163.3459
90.0683
55.3026
83.854
116.9593
134.5652
95.0975
57.6998
61.1011
117.2338
96.8152
86.0701
58.2573
111.8155
122.3015
72.0173
113.0574
151.1102
157.1663
78.998
129.5246
89.9466
71.9889
123.0676
103.9063
113.6425
110.3687
