57.9039
56.8059
57.8278
57.1192
57.0853
57.8545
58.414
57.8112
58.4303
57.0115
57.1192
56.2466
57.172
57.0675
58.6586
57.8755
57.1317
58.43
56.7096
57.8152
57.8594
57.8776
58.4067
57.1264
57.0628
57.8368
57.8871
58.5811
57.7986
57.9245
56.2145
57.8796
57.8194
56.592
57.0414
56.7546
58.3915
57.7676
57.0986
57.8733
56.0466
57.6005
58.388
58.5999
56.0869
57.8774
58.5973
57.8821
58.5986
58.5292
58.6096
56.1419
57.0708
58.5673
55.8979
58.6404
57.8072
58.2633
57.8877
55.9906
56.0838
57.8882
57.8636
56.1042
56.9648
56.0859
56.622
55.9743
57.8827
57.8516
57.1122
57.1295
58.5764
57.8956
57.9182
57.817
57.8265
58.5775
56.1004
57.8029
57.8508
56.9171
58.5482
58.3336
56.0445
58.3817
57.8556
57.8857
57.8888
55.9936
58.357
56.7147
57.1297
58.4149
58.6189
56.9215
57.0056
56.9855
58.4318
56.1579
