2.081843159205064e-07
5.182603328027286e-07
1.6021102257233738e-09
1.3173508410195224e-07
1.4060803938870221e-06
5.5953068251916235e-06
2.9150004534777133e-07
1.668806573927661e-07
1.033327690633057e-06
5.58557614047486e-09
5.053917061881742e-05
3.0528647651330443e-06
1.4730963519040228e-08
2.7687001993498054e-06
2.3319182304359318e-06
8.01435280324073e-08
1.3458438518595272e-05
1.4235406348682166e-06
1.5669437743259618e-05
1.1058804457008259e-07
1.3633677262301473e-06
1.2808894411927582e-06
7.334506955887541e-08
4.964425294235578e-06
8.928024257141676e-09
2.119535722161264e-08
6.093431447735509e-07
4.355391314839083e-07
2.635206663654914e-06
1.5280988485475974e-05
2.5610131588804432e-05
4.6222639132624275e-07
1.720644475836867e-08
4.906525774042302e-06
2.310191087451827e-08
4.401931692302304e-09
1.5328599889459623e-06
4.894148066154919e-07
1.9834993162430614e-06
2.257834787630168e-06
1.7447668032193339e-07
1.5003644304803786e-06
3.8373511781453604e-07
7.914125874137648e-07
4.1207349916634017e-07
1.0045247655142407e-06
4.442028132427131e-08
1.2724874762686007e-05
2.3463899253059868e-07
1.795084567827456e-07
6.895958370571498e-06
9.154168834000344e-07
1.2445007651944318e-07
5.201202536842703e-05
1.0731991505443839e-06
2.0037262492582347e-06
4.016663853535426e-08
6.076527303409286e-06
1.0207156418114242e-06
6.006414778801991e-06
1.2154087436898442e-07
8.392185517865298e-07
1.1809644999096225e-05
3.6070369867688896e-06
4.174740298475712e-06
3.4588342881827072e-06
4.7513298356065843e-07
2.9480216156532575e-07
4.748275019813351e-06
1.0976333359747929e-05
6.03721529781516e-09
6.964261215626295e-08
2.660396384723632e-08
2.3575535041618787e-07
9.8716448380747e-08
2.7378626710589983e-06
2.800838404440968e-07
9.27629837389326e-06
3.222479832257081e-06
3.420745101668404e-06
3.1340816287742813e-06
7.039364048225119e-08
2.947181743955847e-06
1.2228026983145554e-06
1.2519741322041119e-06
3.681328380032365e-06
7.26841866730848e-06
2.1804798029987065e-08
4.6925939453288535e-07
3.2560668998966e-07
5.886094854402686e-07
2.519925424846549e-06
3.201002374075293e-08
2.888016358617972e-07
4.1750965951068735e-07
6.383713812631738e-08
6.60120292987694e-07
3.196090394711983e-06
4.4310977620773905e-08
1.0639035929865797e-05