64873.1765896757
51079.6446652414
43710.3314903759
48537.6188416693
49034.1747019803
64209.9528984551
55801.418238504
58090.9746761817
50100.8811265586
44013.233564618
50628.1876317545
50455.4689056592
53393.3994616952
51781.9789403698
61797.1409411246
66232.722348638
45003.4288670776
38588.9692028549
35997.9341803011
61457.1124660985
51014.3859966166
54155.1122649431
61365.0057183073
39535.8581831322
44728.9302314029
54750.4099558491
69143.1478089256
53864.8557531214
54520.5469966689
33250.1456027311
71713.6254356284
51967.5876295002
73157.6382663307
49515.5162813013
52044.2540266735
78289.6824493631
47928.9803158916
55604.623955318
63459.9415517763
33961.8507987776
57606.729380996
30723.5320889106
48904.959596817
46160.2390738788
56403.746919163
54131.5014040082
45221.9102849574
42870.3308935965
35095.4009112375
48872.7970758423
