9.6811e-14
1.0392e-13
1.1458e-13
1.1458e-13
1.2879e-13
8.6153e-14
1.0036e-13
1.0036e-13
1.0036e-13
1.0392e-13
1.2879e-13
1.0036e-13
1.1102e-13
1.0747e-13
9.3259e-14
1.0392e-13
9.3259e-14
9.3259e-14
8.6153e-14
1.0036e-13
1.0392e-13
1.0036e-13
1.1102e-13
1.1102e-13
1.1102e-13
8.6153e-14
1.1102e-13
9.3259e-14
1.0036e-13
7.9048e-14
1.1102e-13
1.6431e-13
7.5495e-14
9.3259e-14
1.1458e-13
8.6153e-14
1.2523e-13
1.0747e-13
7.9048e-14
1.3589e-13
1.0036e-13
1.2879e-13
1.0036e-13
1.0036e-13
1.1102e-13
7.5495e-14
7.5495e-14
1.1102e-13
1.0036e-13
1.2879e-13
1.0036e-13
1.0036e-13
9.3259e-14
1.0036e-13
1.0036e-13
8.6153e-14
1.0392e-13
7.9048e-14
7.9048e-14
1.1102e-13
8.6153e-14
1.1102e-13
7.9048e-14
7.5495e-14
7.9048e-14
7.5495e-14
1.1458e-13
1.3589e-13
1.2168e-13
9.3259e-14
1.0392e-13
1.3589e-13
8.6153e-14
1.1458e-13
1.3589e-13
9.3259e-14
7.1942e-14
1.3589e-13
9.3259e-14
1.1102e-13
1.1458e-13
1.1102e-13
1.0036e-13
8.6153e-14
1.1102e-13
1.4655e-13
7.9048e-14
8.6153e-14
1.1102e-13
1.0036e-13
1.1102e-13
7.9048e-14
1.1102e-13
1.0036e-13
8.6153e-14
8.9706e-14
1.0392e-13
7.5495e-14
7.5495e-14
9.3259e-14
