5.171240702703641E-18
2.283899636729055E-18
8.854857721862891E-20
1.1437287864348642E-18
2.1771989327133784E-18
9.966997301180582E-19
1.8675627457038478E-19
1.0035854703453268E-18
3.2063096623675127E-18
4.638220056898327E-18
1.0837020733131758E-18
3.304842925554868E-18
4.9215146221925784E-18
7.876584710167943E-19
7.094309710888527E-19
3.2363758006316365E-18
1.284247732999969E-18
1.091009472409128E-18
9.546420869032739E-19
5.214301619623936E-19
3.7651983669777443E-19
5.029390111371152E-18
1.976873447817179E-18
1.0452008953174298E-18
4.510897495173212E-19
3.640319904661991E-18
1.0296860374860405E-18
1.2224266144282081E-18
1.1549322217628631E-18
1.0935720039729209E-18
1.0827079054961774E-18
2.675091243903357E-18
7.058832191196872E-18
2.9731694231349406E-19
1.3482960211961902E-18
2.107794495548977E-18
7.077363796686213E-20
7.30638220866362E-18
1.3383384149381263E-18
2.145710474798816E-18
8.916041133828199E-19
6.624118486847746E-19
1.5864959985276512E-18
8.006062120488743E-19
1.5945374431790276E-18
8.10549067666406E-19
7.81801669063419E-19
7.160914840370387E-19
6.091475581774479E-18
1.0918430225981781E-18
2.5444554048042715E-18
7.213787452628889E-19
2.4765427081119384E-19
4.664664235890228E-19
1.2215874289051855E-18
1.1274173727284418E-18
2.9248940537812123E-18
2.238915589915248E-19
9.635148737602217E-19
1.4622788676734047E-18
6.463916311098438E-18
5.792804971169828E-18
4.224760702382604E-18
1.8548296185980798E-18
1.1524233020603342E-18
6.197350386802924E-19
1.1593996038711789E-17
3.4669283106310697E-18
1.2325768738027174E-18
1.6747480728238764E-18
1.883132256333576E-19
1.7108606841415733E-18
1.8592809790219408E-18
2.0750850955371507E-18
1.4335472452539533E-18
2.313798975161879E-18
1.0713647939565711E-18
1.8582645502242296E-18
1.956856971714658E-18
1.2096800864433662E-18
6.478095205091513E-19
1.2281184334850156E-18
9.438881308047046E-19
7.987195417534105E-19
3.040331082925025E-18
1.3929229842693881E-18
3.819697739040431E-18
2.0390784060450056E-18
7.830688152059186E-19
6.985454837101163E-19
1.6244846330648077E-18
1.347692741651476E-18
1.5658731806074485E-19
2.8275374557528927E-18
1.894006665098849E-18
1.6034041060424624E-18
1.0674137750654748E-18
1.649747190451915E-18
1.1691412096737846E-18
7.453320182621821E-19
