98934.4001897045
66880.4117036488
80855.0401346387
69106.1220408564
69374.2548521386
65480.0521972562
61916.0671482646
64882.6941210261
68263.1282516294
67632.9166305983
57534.3023270183
62909.4755956189
48647.7174594931
71187.4965838920
67196.1166896981
62989.1958627713
69529.3349135802
71808.4756140192
60515.1678579661
54543.1990038606
72421.5639271911
80603.2754785794
71303.5577434088
64198.3841946396
88752.6338089267
69088.3856023642
75941.2228909548
48655.2215862488
68094.4382421547
95024.7729251265
66298.9142594885
72796.5463734123
49833.3839516246
82790.3703957564
58358.9494335510
51193.2029648847
74020.9824714592
61291.6557495857
70012.3751517633
67031.5618199404
70743.4679846366
62823.1690556559
72998.8269760657
64573.3638787012
54832.7968681786
65722.6843507793
71259.2811966720
73811.0067857594
80335.8399919336
76410.8988968569
