643.0612348744
730.8447302528
721.1988931178
763.2841333880
722.5968538785
664.6520331842
717.6607382248
726.9329846398
702.0547058579
738.3329947686
629.3856752654
709.0802691961
729.7597649550
755.3315278611
751.5663855000
667.4855587246
683.1795078832
647.5240173285
825.3796724290
733.5637466522
663.0801052053
674.5960600137
791.5297480190
699.7110817275
745.3956542451
698.7883523464
684.4973489156
634.9631243113
698.9464584472
703.4731486371
702.7731495474
623.1736535945
677.7901613658
701.7978945137
746.7905748768
744.9862031916
725.6621314856
721.4344797077
711.1926705943
663.6491310563
690.2182564187
614.0929506202
677.7910306425
759.2515288710
666.3926101503
707.2997126133
672.5181824357
726.3627262062
708.0219863136
732.5271197884
