1.046897e+03
9.294376e+02
8.384046e+02
9.029707e+02
1.259029e+03
8.779118e+02
9.517668e+02
8.217595e+02
8.534396e+02
8.856344e+02
9.701881e+02
9.248965e+02
9.779194e+02
1.002269e+03
9.495897e+02
9.351548e+02
1.086933e+03
1.240617e+03
9.138658e+02
9.732742e+02
1.221217e+03
1.095139e+03
8.202097e+02
9.081968e+02
9.555206e+02
8.950611e+02
9.911247e+02
1.075841e+03
8.814342e+02
8.099293e+02
9.225208e+02
1.074119e+03
8.854332e+02
1.024742e+03
1.038722e+03
8.712906e+02
9.093830e+02
7.836590e+02
8.675838e+02
1.019629e+03
8.139721e+02
1.004434e+03
1.100725e+03
8.520362e+02
9.952673e+02
1.096960e+03
8.553617e+02
8.726750e+02
1.121879e+03
1.137404e+03
8.604757e+02
1.074961e+03
8.740088e+02
9.840558e+02
1.050807e+03
9.499597e+02
9.886909e+02
9.626422e+02
9.942135e+02
9.116016e+02
1.037585e+03
1.046056e+03
9.680276e+02
1.120957e+03
1.044666e+03
8.753328e+02
8.100909e+02
9.162751e+02
1.025042e+03
9.172597e+02
9.822015e+02
1.031863e+03
1.010294e+03
8.077771e+02
1.071527e+03
9.842762e+02
8.715679e+02
9.251334e+02
9.554648e+02
1.006825e+03
1.056686e+03
1.118141e+03
1.014971e+03
1.035216e+03
8.973343e+02
1.116300e+03
8.909446e+02
1.047553e+03
8.998692e+02
7.598799e+02
7.727925e+02
9.278721e+02
8.937391e+02
1.136333e+03
9.357201e+02
9.984905e+02
1.176063e+03
1.064509e+03
1.002084e+03
1.003693e+03
