589.976095244265
517.150192843603
557.182402639173
666.675377770432
586.248482569019
533.927953857009
671.53917276316
514.581806938156
479.098626270716
591.666411267057
411.079668997938
615.786912004993
554.813106952763
637.861358828853
462.48884527022
593.746165390819
476.787221155989
633.788985767928
375.092569424063
486.367118179246
585.302811274711
519.952993210337
679.815622578632
626.886652233169
507.940999632194
450.475603749072
464.783538416179
515.517994391914
579.522775135451
448.391122581625
499.614687918882
474.542390546176
418.148368575183
356.631456070793
579.201364539413
519.949150154604
704.7700176477
783.728810638108
447.724452125317
530.588880374631
543.740166675762
424.5450079187
509.523186662802
464.70319585865
486.829275037978
421.730335194806
716.00032932234
260.686878666618
580.965400255072
362.466498138185
