17.552777773193654
12.562551405378837
18.398592121504745
11.234767420032185
16.605353141856007
16.450072899339595
20.789783786520772
15.179361800104425
17.04188312914089
16.10011702298458
19.654735135864897
24.050094843202604
15.64658487893233
14.116675266228386
13.695083333881808
18.24323875502739
11.041394731253218
18.648710359018935
17.29312756616635
20.558961030931016
19.565119444016435
18.47390788164788
13.668983037670467
15.372361511214509
23.752951452797067
13.294412866679254
21.574617340950653
18.855343824662388
13.713195400479105
11.528583318325426
14.418943334247224
18.81489941605787
17.04663167693617
18.120709113047855
14.85849662964732
9.597269054681277
21.709843386264026
24.639981190533998
18.809884968730152
19.858578416218823
20.843440572071174
18.76538283496205
13.176300567756945
15.847778788477685
18.64569871533934
15.470919774810136
16.248832263683525
13.485303743950634
22.651075177559438
14.584934821248966
