0.00248665
0.00206921
0.931589
0.00216326
0.00249552
0.00107156
0.00164772
0.0204783
0.00231372
0.000534544
0.00578955
0.00199778
0.00101896
0.0019798
0.00408718
0.00312333
0.00174922
0.0300577
0.00176505
1.34044
0.00483275
0.00124273
0.000963714
0.00136279
0.00333074
0.00299506
0.00170494
0.0220496
0.00313113
0.00188304
0.00248739
0.00126626
0.00763045
0.00357817
0.00161913
0.00171312
0.00161474
0.00116052
0.00320294
0.00144446
0.00273448
0.000866148
0.00197052
0.00320242
0.0039665
0.00148394
1.34043
0.00286971
0.00120863
1.34098
0.00301839
0.0040064
0.00268842
0.00327205
0.00241985
0.000929155
0.00263113
0.00256123
0.00188687
0.00117122
0.00172613
0.00295382
0.00213099
0.00171586
0.00314452
0.00210966
0.0027467
0.00141175
0.00298753
0.00399674
0.00173481
0.00220198
0.00222225
0.00260104
0.00243854
0.00174465
0.00197585
0.00229845
0.00172232
0.00255249
0.0016481
0.00191139
0.00444303
0.00206727
0.00425427
0.00180208
0.00320633
0.00186214
0.00163566
0.00414514
0.00186935
0.00433621
0.00174675
0.0033507
0.00439717
0.00196502
0.00153938
0.00207762
0.00186552
0.00239876
