19.365482105399458
19.053383046860155
19.101599569105193
19.458167035813535
18.94391259448513
18.510444773790617
18.733179195011363
19.208890945497256
18.79088761778508
19.291902734287003
18.798860396822928
18.991529788547396
18.741617066306272
18.069823470313846
18.90181258898892
19.06757103479692
19.1566254275283
18.893474811354213
19.01707544882215
18.64639191758734
18.595669648249615
19.003608527597347
19.16594864569942
19.00041842769696
19.37365097322347
19.133241875406554
18.58681644671536
19.17389115881803
18.895380888431657
19.331639858468503
18.87577723195588
19.05655406540428
18.980423576534644
18.872508294507945
19.43520871418172
19.041547635593854
19.15233746890514
19.293028948830948
19.080912007847367
18.47371547739158
19.38751621000356
18.835108445133134
19.19838910482576
18.668853152082473
19.22742194308904
19.076475728279963
19.04734106982836
19.041097982677915
18.107709615577182
19.19270153102463
18.34026146833623
19.278869529980465
18.956471570889196
19.061020517125186
19.083551592038262
18.65917142833597
18.57007587499026
18.08219752308796
19.0573445213747
19.167160261883158
18.7693281456098
18.80526011559211
19.37077206806749
19.23505355320259
19.052144333513116
18.668117722546576
18.782835270810377
19.03037745596709
18.635661077346544
18.348183784339543
18.94164378549283
18.527538214020357
18.95227217575543
19.279256352561077
18.486846747380607
19.365543393992407
18.40171336760857
19.162278313834566
19.32866429242212
19.187682206667354
18.934226367496347
18.86423867504858
19.24844547377441
18.900874394469863
19.118052325606232
19.31593037035282
19.19847559299975
19.176786111595998
18.99831346310014
19.33014158666991
18.951327910847425
19.148146496570916
19.300566117343227
18.53675399532679
19.031617851597154
18.661674561534788
18.675684808582144
18.797843509726746
19.248876594229646
18.76382060431263
