33.3364
22.2113
25.9891
16.0308
45.9428
31.8387
34.3964
20.0764
43.0677
11.7859
71.0769
52.0472
25.6048
19.7876
42.7823
35.0311
24.6949
64.186
58.9822
22.8572
66.4934
29.1378
39.8839
31.0337
63.424
52.9511
24.4707
41.2803
57.182
30.2158
39.0978
35.8442
18.6908
35.8186
24.6222
11.8633
31.556
57.1877
54.7549
34.6226
29.123
38.3915
48.5815
36.0742
28.67
44.7207
28.5622
40.1302
32.017
49.764
40.8446
32.518
23.5399
26.464
13.6968
22.9729
23.7976
64.1434
29.2021
76.4945
16.1465
48.6432
25.8976
84.7742
33.9287
27.3394
25.6255
20.1115
13.0612
19.7495
51.0292
22.8383
20.9959
41.179
39.1104
24.4954
39.729
52.4636
24.4084
76.372
25.8314
24.9519
40.6821
19.6092
32.9807
12.8106
14.8548
82.2936
20.2656
46.6628
36.406
82.89
34.0638
62.2983
20.2602
29.1352
35.4218
40.4268
86.6181
30.3355
