2081635.7740841047
600822.5634698945
1071861.5362630931
1872683.707042095
1521199.7074723036
1062589.496472922
886902.0745912227
45123.57666104272
3685389.6330837277
632220.1201924763
1529145.4699679788
1722796.622363947
83379.37287663398
597175.6931734253
1846500.3455199837
780220.656377947
955690.525317371
2251070.8647738537
242139.70037220506
813832.4748736811
368008.2378223077
725958.9255742219
287866.48238734016
2140393.161495725
491749.3102059751
1734669.1462981764
339400.61701776576
1733600.1515549999
979120.2415914742
731862.9549677244
2190571.032483833
364886.1061273093
1437764.5034131065
1482998.21651152
431584.7486603477
1020904.7983676887
640778.6456468154
451389.3559051216
2183933.47112078
243157.04963691664
560585.3467255984
826026.352295016
552632.4827562562
229592.7935493693
346832.4651972
771462.937960702
126385.03650174409
871552.1249338767
786208.6519254649
1984828.3201256897
394614.99496568437
399516.4846873392
3283578.2672114624
1063286.850056746
1427042.9927132726
1661520.7950013848
493884.46802500065
655351.3433831437
243673.45562243974
1558165.2338104455
2359537.618436369
4498509.834681749
935691.1992641157
774855.5849056407
1788247.994743639
335624.07664226595
580850.123628115
1178839.1149769991
776169.3926456644
5031915.549953908
1017020.0998556499
939562.3500641169
422681.08578430046
1977204.3629579002
1320218.2710217955
473856.8645562391
1218219.947684811
715710.2829452113
120200.27613355935
791288.6653739351
904917.0998413869
257050.04444157935
876691.6597511589
719654.2477946806
305687.3864287591
761527.046987932
1255929.1662681873
1144682.6472328142
266337.9346875186
1758979.9959180225
525993.7249362645
1399125.3664550108
425442.65570100315
1012023.7316495015
421341.13383173937
931218.0643886533
743930.9834073192
1458685.9737249084
458659.18250827433
622401.4342282355
