834349.097436551
603197.504378316
1030351.77232281
666485.813220609
832342.85226244
816122.223583847
529163.751773027
932365.302752025
1255620.51870461
613436.940777663
736111.892461369
591425.684097868
729336.193961483
866790.659592543
611862.484151263
809516.137821003
846332.670858118
944631.226949914
674044.976238846
767988.588133392
1307502.70308359
812154.688234817
643526.895854719
882665.137211088
999331.289516357
1067780.1348581
548468.210605478
567391.724307511
1012597.69291309
734684.095610455
961941.355438641
582276.049366127
724459.924484516
698750.916366034
636510.0621352
765608.440134881
444743.079408502
1065653.75870524
745359.79328221
749247.700219478
622206.61412515
704798.704705882
805107.835113591
588547.352227637
525596.157558348
697370.145306053
497118.77454597
648756.839849892
745496.096728017
1009636.76666997
