7.30277e-05
7.05409e-05
2.52636e-05
4.69044e-05
8.98944e-05
5.42121e-05
5.71559e-06
1.27665e-05
6.60933e-05
3.24568e-05
2.33989e-05
9.56866e-05
4.42883e-05
4.45666e-05
6.05937e-05
7.37388e-05
6.51525e-05
1.69851e-05
5.55322e-05
3.98918e-05
3.3592e-05
2.5673e-05
3.52477e-05
6.02593e-05
5.53369e-05
7.10584e-05
1.1008e-05
7.26361e-05
2.30043e-05
1.8944e-05
5.46587e-05
1.35403e-05
5.38587e-05
1.19092e-05
1.8502e-05
5.82198e-05
2.37367e-05
4.38548e-05
4.04987e-05
3.97663e-05
4.0072e-05
1.91103e-05
6.29238e-05
4.96785e-05
2.73109e-05
5.44854e-05
1.89032e-05
5.29967e-05
0.00018742
8.00308e-05
3.45902e-05
5.43609e-05
4.5723e-05
3.27284e-05
2.79189e-05
2.45613e-05
7.14413e-05
2.2507e-05
3.72902e-05
2.5233e-05
5.93024e-05
5.57985e-05
7.35974e-05
8.71715e-05
0.00012504
1.30418e-05
2.92477e-05
5.37748e-05
3.07247e-05
4.16256e-05
3.99783e-05
3.52078e-05
7.33463e-05
1.72715e-05
2.11843e-05
4.88778e-05
6.82281e-05
2.75628e-05
2.77605e-05
1.60074e-05
2.30533e-05
3.83673e-05
1.33727e-05
2.46077e-05
0.000136024
1.89191e-05
7.08357e-05
7.40378e-05
3.59494e-05
7.54366e-06
4.87759e-05
4.26596e-05
3.31087e-05
3.04552e-05
5.34947e-05
5.09567e-05
6.9148e-05
3.75697e-05
1.33234e-05
8.98574e-05
