128.8240578072
154.3151138570
155.2740718640
143.4085175146
139.6170606383
185.4259331830
148.2375751126
144.3178750941
136.4354497176
100.3935177992
164.8793874129
124.9409260920
157.5256377785
124.1422147230
141.6051720355
175.6910295432
133.7404852056
146.5614449991
135.7271547989
149.9238519193
151.5199400502
142.6029679367
143.1242654428
140.0660652314
139.4015706785
145.5318686002
155.2271204891
126.7119240416
150.9018765917
145.5156886329
137.0394589040
105.3153650408
141.3994175950
146.9436397320
162.7969360414
157.8053691488
162.5559698966
152.8257178850
143.9255178063
166.2387863873
178.1860506386
130.0446053317
149.7970764612
156.7858171742
141.2502957566
136.4356034702
134.2182900997
166.3282549324
139.7314902397
141.1869858520
