3.978874e-01
3.978874e-01
3.978874e-01
3.978874e-01
3.978874e-01
3.978874e-01
4.163588e-01
3.978874e-01
4.020327e-01
3.978874e-01
3.978874e-01
3.978874e-01
3.978874e-01
3.978874e-01
3.979651e-01
3.978874e-01
3.978874e-01
3.978874e-01
4.006147e-01
3.978874e-01
3.978874e-01
3.978874e-01
3.978874e-01
3.978874e-01
3.978874e-01
3.978874e-01
3.978874e-01
3.978874e-01
3.978874e-01
3.980995e-01
3.978874e-01
3.978874e-01
3.978874e-01
4.276626e-01
3.978874e-01
3.978874e-01
3.978874e-01
3.978874e-01
3.978874e-01
3.978874e-01
3.978874e-01
3.978874e-01
3.978874e-01
3.978874e-01
3.978874e-01
3.978874e-01
3.978874e-01
3.978874e-01
3.978874e-01
3.978874e-01
