0.9980038377944496
0.9980038377944496
0.9980038377944498
0.9980038377944496
0.9980038377944498
0.9980038377944496
0.9980038377944496
0.9980038377944496
0.9980038377944498
0.9980038377944496
0.9980038377944496
0.9980038377944496
0.9980038377944496
0.9980038377944496
0.9980038377944496
0.9980038377944496
0.9980038377944496
0.9980038377944496
0.9980038377944496
0.9980038377944498
0.9980038377944498
0.9980038377944498
0.9980038377944498
0.9980038377944496
0.9980038377944498
0.9980038377944498
0.9980038377944496
0.9980038377944498
0.9980038377944496
0.9980038377944496
0.9980038377944496
0.9980038377944498
0.9980038377944496
0.9980038377944496
0.9980038377944496
0.9980038377944498
0.9980038377944496
0.9980038377944496
0.9980038377944496
0.9980038377944496
0.9980038377944496
0.9980038377944496
0.9980038377944498
0.9980038377944498
0.9980038377944498
0.9980038377944496
0.9980038377944498
0.9980038377944496
0.9980038377944498
5.928845125400145
