7.96931145563983E7
7.037479612838204E7
7.420256157678252E7
6.5372913932438314E7
5.6164197087427855E7
7.738894651812825E7
1.3541530971507192E8
6.534376124672809E7
7.840825041637485E7
6.322085814565908E7
6.493257858604196E7
8.010638343311153E7
8.047522517691647E7
6.403311418835658E7
5.626658009956638E7
7.483445115348217E7
6.6528397922947176E7
5.841626285386507E7
5.053355904184821E7
4.665095965807351E7
7.897515372755075E7
8.993499727489378E7
7.304695425076279E7
6.95809567428754E7
5.7297957882206984E7
6.795666309457298E7
9.021592075535856E7
6.124411594780784E7
7.474013144908313E7
6.378104259532741E7
8.416714311351472E7
8.707796289236724E7
3.613430148651535E7
8.551823254863128E7
8.577106356085882E7
7.516673191483302E7
5.697366540004513E7
5.270703668622149E7
4.808389671330175E7
5.798157037835168E7
7.629541541378467E7
7.700489589096922E7
6.039384148680284E7
7.809199087522365E7
7.331926260590667E7
6.496981559528446E7
8.106248470034434E7
5.432423531235322E7
9.424105396210957E7
6.885167186138825E7
