83016.49433405555
190773.34230501263
126094.73533754953
126666.24977517947
107962.21547188786
140020.8411463953
52022.31082120763
72868.67015597722
139728.71513418472
73456.25888581958
199044.21904916718
143665.26970598
112382.01529388076
91275.98033466522
172995.59769864447
155297.10808275102
132698.68470856338
164354.73816392713
140348.06183221674
151975.17322608829
127390.04727213837
96977.67483805993
137439.12617100487
102774.13291943604
138718.06302397558
186863.9030679728
136952.4851689988
99158.89741705592
138768.2007032829
152457.8054195905
98712.65143098212
109837.97497544145
109174.47985656084
152198.59308558976
209640.0867440372
172959.307538102
176614.26404910663
130866.95254559533
93772.87200045699
119495.33655358649
134293.6786322183
173933.32646024216
169713.17589753153
105541.883719854
142325.9668027692
129476.50464614248
205983.7042530165
89295.31600787549
124112.14180603423
133117.32769940194
139114.2102421703
167325.3771315798
109661.49259457288
146005.77443523702
122441.16541048222
154748.77775604388
105582.76606378802
143416.71765462708
131437.65534355052
93018.97208795958
175590.4221968488
154118.98108042468
164673.80090461829
152011.74485800476
102977.88013068917
105186.69874679453
199442.68807033193
115000.51979227824
164047.61801826095
167140.86682203578
160755.0369125358
177092.79394289767
72190.35817297285
105907.35515003024
234247.8106882128
187123.53901646403
73444.27041192484
133769.40356229237
159056.51848658174
167962.16934599073
93999.2817032463
159017.30046061016
114046.3434777086
163829.86028403984
126889.19695274624
149418.25530073946
102360.9155370199
111932.53189117443
162480.8346161441
141419.79020832072
147873.02659225074
83247.90174069283
183539.07485572863
131566.40721679572
120274.57828914728
125103.36878034525
167309.2715967457
128860.97769949841
176069.50603752272
139231.14266184313
