153941.42260908752
128009.04228646263
143753.61588638954
150271.09736674943
133678.54313180508
154439.50796791314
141361.71606043438
156989.31494212858
154982.48157819532
157849.70829302873
138308.10522105932
138803.93015941817
154813.83816001742
147781.0856646519
154210.34977649798
141253.62026765678
143628.38380690129
144942.2705986575
152395.66703295396
144131.19178423032
140885.82266830304
142988.94179653266
145197.40807651638
146983.7723945818
148299.6308030638
142648.3513694421
147303.49886036897
153517.82335307534
134439.274162688
133582.3072739627
136246.16454790716
153399.07605637802
157317.97111065744
142914.95850542042
146271.50970247271
134079.22286493942
139321.41563505807
133185.80783282395
149708.84434238268
152068.34793515643
140096.08275288745
140248.26099598603
148166.86878578016
151239.54087942943
162884.81724069055
152725.60428079293
141710.2111477328
141217.7504855159
156907.40749456588
147186.99384678167
140883.13123092
140873.90244595992
148845.69301298843
138538.20157423324
149129.88553075734
144590.49894225236
136521.67396647827
140643.18044627202
148015.98425793037
143175.48825748792
146224.41661025846
151911.3254038748
131559.7756133788
146968.0605188591
151125.41556330872
143862.3936894275
142486.3170975317
140154.6748093176
144845.3732103601
145847.77915811434
132835.41611150955
140466.86070232457
146631.96077399098
141158.99185391524
154121.84249957206
139882.6584577048
140981.10281420645
149406.2335570727
152245.4224138808
140805.1356959055
155902.52275136605
140134.05685582123
156838.00343183812
157562.05694230695
154084.98429034985
151634.80107226403
153793.9571243142
139738.54273197838
140283.65413338348
143402.6369871474
144260.75989323386
139765.04854326497
128729.18563011651
141346.94183668468
142842.55485888937
151210.70774365758
142188.0895735629
140241.35958155306
161221.21008465043
129477.2259714108