630.172274902169
623.516978767483
596.6533437223623
507.2907830653343
615.0506411436842
646.6002702215377
659.6132340279529
627.8445729382712
655.4698162203628
527.2285832645683
587.7268116661377
588.4636727938042
598.4433488101355
569.8223039793832
633.634706186324
574.6858944734437
615.6403391538925
534.4466204961557
605.3487784692757
610.2816048047074
702.4351449770751
595.2608524203882
605.9252389258463
603.9448325992222
569.36734558227
644.8548800465151
367.23610703225
655.1885112271959
653.1459171640302
576.3192553112028
663.1506625106042
661.9025020480468
511.5961729705545
608.905351793063
554.0032344782495
643.0580167157084
466.1926295417708
700.656323124999
621.304544860196
635.5715446506604
622.4865946721758
624.4423996368052
660.3940466522556
530.2306294736585
695.9870477032047
685.0405494136265
662.5300600116402
611.3437480726014
600.6209197934911
622.4425428602023
671.2144769725013
715.3441286419131
665.0936666228761
660.7103819790991
540.8136468139943
628.4915020525414
644.0604243868669
576.3595062521446
572.3769403188895
596.2128857769605
544.1913498796522
579.3567410302531
602.8875680040137
629.4827644171091
625.7834170000589
462.6069139627115
594.6033285936014
598.0841064974231
568.258607138063
549.257092150948
615.8423052731999
630.5930043885659
551.6120652881035
691.5352941579993
580.878547863971
586.2302184589968
572.5101040662673
616.3763796613899
579.9378366984532
521.737065340154
624.2272815276249
575.2558912677383
665.162675066804
662.8435532936245
628.281039862074
591.3482340510287
502.75863634770997
599.0034946060773
607.580818627372
518.1279533195755
528.1239299832962
717.738571254117
560.730734439956
691.2254346064965
499.4182483402439
587.750223326476
607.2948134838572
584.9988882745517
611.4323364895037
505.6950842346533