174.8791478333
179.4589264619
134.3647731723
148.9807407589
176.7399313261
218.8104142637
189.2291784270
192.5227815869
139.3145394675
200.7714815059
118.8975786601
217.4811075548
189.6937436078
119.5602995786
152.2514609396
114.7456723346
133.9048959155
127.4623620136
172.2996539568
160.7907455122
191.9372952280
173.6425281304
148.3342964426
238.2914127512
101.2165257158
117.2305390360
185.7448385078
146.1367478807
198.6442220592
205.4546481122
193.2648741803
215.9503345696
163.4589849821
172.6876541011
229.5758935549
134.6632828815
155.1605287228
181.0463800934
221.8204529858
149.3086254280
108.0691457230
177.0699004517
192.4410017183
173.3237863392
133.5993247076
113.8629706912
171.7419355298
202.1917424289
174.0539496896
251.6910453054
170.8889149318
235.9956979495
150.4415089322
149.3163713825
153.8098509855
111.6018155547
252.0520163534
162.6138512590
179.6071356653
213.9084521994
119.6112260205
278.9806541966
192.0218156833
165.3398324787
113.7012127335
169.6302337675
175.2757357352
174.7578292476
173.4492265687
161.6611650785
103.6063752824
185.9098813708
199.0990001076
179.8323771445
151.5852872822
182.7868749535
172.7209179105
272.2979378386
137.4912975274
178.7829568603
200.8096742229
173.5190548387
162.5005137559
153.7679745131
169.3946278198
183.9931514464
153.1626957799
169.0199290844
204.3706349873
165.2412732206
112.4279848376
208.6582068613
209.8796604122
143.0565824285
249.9312300382
187.0731337181
124.1932008714
184.6007117881
243.0734798217
152.8827619334
