17.4770989445
19.0153157906
19.3232765107
16.9373598430
18.7915787484
18.7788183360
18.5867057989
18.2956338077
18.7577721863
16.6449946168
18.1043983668
19.1379149549
18.8784476942
17.3226100137
18.8351061119
18.5321068418
16.7629986101
18.8387405487
18.6585824950
18.7967465152
18.9208286990
17.2021012239
18.7342853068
19.5063618665
16.5107731659
13.5977372160
18.2344576559
18.5892204198
18.7580335389
18.8395346816
18.3937794926
17.7473255730
18.4180114133
18.1635565882
18.8439562799
18.6295544861
18.8067797012
17.3732725419
18.5342486949
18.5534886345
17.5338570195
17.7714146808
19.1678596807
18.0928495063
17.3791296107
16.8765226281
19.0425397532
18.8372655539
16.6026010349
19.1348124408
