59411.4993662775
103286.9662956259
112557.9235618790
47700.3194079587
95047.0476435497
84248.4959057448
131662.7117182884
92497.1646545604
105592.8465088458
157316.9498908282
143078.8025769502
117845.9474448151
126646.5701197806
166164.8197061240
95820.7481093084
112904.8454520154
119679.9248289745
78697.3425157864
94078.5076443521
142596.3867120852
103873.5031172493
83491.3968777803
138759.6678360716
51978.9303910826
144346.6937979594
101148.5996143870
159948.8150739277
115116.5138305737
85403.1369381464
91091.8836937714
109135.6103781448
156973.2116818641
76446.7254761799
113774.1843500471
114627.0297646979
105634.6343521903
78311.0848653665
114550.1505750203
124379.5314560949
64697.2641566654
127057.2806542127
96004.8839832667
112136.9338854938
108443.6117929413
109828.3426895859
102817.4534934589
89121.2374205878
93401.8093857758
120369.7453028715
111940.1817017718
128913.8227655897
82111.6468564346
104523.5584640302
115398.3666625168
99230.3031123829
95804.9991872408
108594.7708505881
55866.5136006160
94478.6081154980
105755.3800045589
164281.5119641887
100120.4700865904
71751.2153895537
123822.2933726797
98314.9889483379
92081.3599109527
123539.9859808339
96715.9474910092
104676.9671923940
99350.1044768494
114854.7422162381
85799.0403199165
81500.6534519983
105656.4833511593
98847.5061005840
86642.1760474676
111673.9222399169
92241.8273437161
105635.2377380234
122420.8896838170
103345.1906023748
107115.7189136708
94254.3275459456
99530.1135201882
73963.7054068278
99299.6577458014
128701.5764792468
111052.2418612793
101810.1790205645
125786.6658204025
158389.8843828031
101944.4528086350
116285.0214084040
138450.1581659878
97311.1605805785
109040.1706792825
86546.3110909539
110995.9418292306
144788.6781805620
100878.3689015272
