408512.59604562924
400350.0536728599
329583.4523460252
230568.4738581052
202942.71035904912
83221.67595981079
180835.7159780565
173334.47295534512
263174.64272169396
81445.18255172347
86857.78130058455
125759.59395843548
247514.82300423548
451038.42959309655
319378.9908271077
415133.21328935743
355349.0413864259
259084.56462670545
141431.5212484978
430786.8251661962
319704.58075083257
257933.15773271007
276037.7617549416
204250.70338835206
698368.5318301814
219346.6857616207
367714.1584168004
318213.870970997
177345.603054807
402389.5097577893
310709.4004348828
307271.40046555555
579375.2530303495
216291.12649773798
252528.65211673971
114514.29450400147
307102.2071521134
745923.4517681863
267288.4890312219
329628.3692180998
297498.5659872494
270446.4839754224
342808.04300186364
283286.247193847
179129.10951560785
394447.96713761275
296014.41622562514
108321.09417176488
445242.4912805188
418574.0907791462
206836.185478293
300103.7842999983
175453.01943914537
410166.4124284808
253377.7071645761
249131.2024665684
178996.46779035608
202647.60328011637
300506.4728085854
643786.2276704612
261132.14515814523
301668.66027566337
179501.67850902645
351913.58795368066
261455.44756005713
265938.4664606655
351148.53786757076
380758.2988624254
219973.3384083353
332459.0790556835
415404.01009240834
452250.4901086753
214245.80530332943
339118.8334875197
213085.61978160907
456939.6271714221
344341.0942030279
457333.98015516484
397682.3899740568
489972.5288459555
691981.3570184974
303442.50928305817
469060.00509604655
126405.68905206281
187089.56830065252
202926.22606443896
205516.22795924093
328844.46510080376
465000.0199664386
403892.5682124172
393595.4977381636
403942.2160345828
565719.881570794
306015.0770434997
190527.01810289218
396808.29460890236
324267.6817588436
449073.2678620623
286841.01965960284
262031.40423046393
