-3.862782147820756
-3.8627821478207554
-3.862782147820756
-3.862782147820756
-3.862782147820756
-3.862782147820756
-3.8627821478207554
-3.8627821478207554
-3.8627821478207554
-3.862782147820756
-3.862782147820756
-3.862782147820756
-3.8627821478207554
-3.8627821478207554
-3.8627821478207554
-3.8627821478207554
-3.8627821478207554
-3.8627821478207554
-3.8627821478207554
-3.8627821478207554
-3.8627821478207554
-3.8627821478207554
-3.862782147820756
-3.862782147820756
-3.8549006167069146
-3.854900616706915
-3.8627821478207554
-3.8627821478207554
-3.854900616706915
-3.8627821478207554
-3.8627821478207554
-3.8627821478207554
-3.8627821478207554
-3.862782147820756
-3.8627821478207554
-3.862782147820756
-3.854900616706915
-3.862782147820756
-3.8627821478207554
-3.8627821478207554
-3.862782147820756
-3.8627821478207554
-3.862782147820756
-3.8627821478207554
-3.8627821478207554
-3.862782147820756
-3.8627821478207554
-3.8627821478207554
-3.862782147820756
-3.8627821478207554
-3.8627821478207554
-3.854900616706915
-3.862782147820756
-3.862782147820756
-3.8627821478207554
-3.862782147820756
-3.862782147820756
-3.862782147820756
-3.862782147820756
-3.8627821478207554
-3.862782147820756
-3.862782147820756
-3.862782147820756
-3.8627821478207554
-3.854900616706915
-3.8627821478207554
-3.8627821478207554
-3.8627821478207554
-3.8627821478207554
-3.862782147820756
-3.8627821478207554
-3.8627821478207554
-3.8627821478207554
-3.862782147820756
-3.862782147820756
-3.854900616706915
-3.862782147820756
-3.8627821478207554
-3.8627821478207554
-3.8627821478207554
-3.862782147820756
-3.862782147820756
-3.854900616706915
-3.8627821478207554
-3.862782147820756
-3.862782147820756
-3.862782147820756
-3.8627821478207554
-3.862782147820756
-3.8549006167069146
-3.8627821478207554
-3.862782147820756
-3.8627821478207554
-3.862782147820756
-3.8627821478207554
-3.8627821478207554
-3.862782147820756
-3.8627821478207554
-3.8627821478207554
-3.8549006167069146
