20.42715785208139
18.641195344234127
19.89737494396464
20.96330972922553
20.817076423258865
20.92895915712493
20.958771962253884
20.14421955690391
20.8111954689773
20.535931714528413
20.794834476046137
20.35500341524509
20.55141687863674
20.705058514733626
20.409106200270724
18.168963211021264
19.86736385305859
20.92533577552538
20.32604249211332
20.797323701144897
20.490771642303944
19.366956834146258
19.57118122543732
19.692721813635785
20.952754371060283
20.856656927402298
20.166482150746138
20.83245827518557
20.93159503260475
20.41666498922813
20.455456708988326
19.834020984752367
20.72926809730102
19.975498404233132
20.556169480267446
19.091911018031386
20.083888543848506
20.783359561730908
20.42286496270209
20.041142134595898
20.347275488656777
20.55933348190562
18.49390764967213
19.82833399219393
20.98035999178816
20.240670033374347
20.79207989651911
19.55309065726015
20.61558335741511
20.796291379575965
