19.12311279831813
16.042275798168408
19.298597879952943
29.01686114842927
22.650793168987985
41.50380438832896
89.15394456485544
23.06351307380208
17.00288156879721
19.736683761582764
34.85506779611775
34.367981608075766
19.285421698298233
14.706914102995169
21.112403783443142
16.741918281952323
28.14037006633963
21.88034582972781
35.11635133538261
34.2290460928383
13.861729648636926
12.724611094792184
34.562562212472216
41.896361604861326
24.509345016159994
95.85098040063468
25.84711954927302
22.450515540519294
15.090545291680183
14.166025282497193
116.14454487210119
21.75594835851198
25.895073463364408
18.08373669408772
49.80503627362654
54.72845341727563
23.617244289238606
23.5841937255205
39.24929126963804
30.770943142519066
16.96237569163626
15.280936970351474
32.50737886844371
26.749142607379532
27.44840837285796
88.42199691230446
26.340242884772852
51.8676714465102
91.59176845860672
31.8242799552519
