122724.86439064
120313.736723729
127465.647030846
120881.250516878
117067.710203859
120654.783778822
126396.637725166
117321.628342277
120172.449628029
123871.672056374
133064.611038159
116717.726408925
125773.589875319
124217.578655222
116521.459194539
127838.771976789
118149.052077587
117411.417132803
126003.569152463
129521.933944069
122744.533807892
124461.378938365
125949.177885243
122819.029781291
126022.271704219
129031.133060698
114114.240404871
117199.152533477
113463.648321802
123508.677900959
120148.641867259
124794.959923242
109044.351144015
139210.655057067
124102.203257548
129918.937993351
123112.559017796
122493.630392749
127862.207606126
126816.238962693
123392.402313217
123198.067213499
118855.785424094
103211.766700551
114769.440772874
121800.975999838
127274.174929672
117403.16565835
116051.1005954
120148.907386273
