25.9526012116
30.8978211808
30.9334353714
25.3014443079
9.3405595142
51.4245854133
27.1554050400
20.4947499362
51.0480497347
19.3596753270
54.8457442372
58.1387281986
16.6706063407
21.1509810526
15.8626159529
4.3090725017
54.9447763347
27.1582158084
80.9692813370
6.4035439532
70.7341291667
54.7915815254
4.2805292317
25.9891513575
27.9899703524
72.2686988406
19.3927193248
29.2807474349
17.9061587579
50.4136957956
50.4163926588
43.2183265177
9.3449137535
42.4919073122
26.4666573487
46.3383914067
52.0013140167
27.0675472768
8.7746741645
58.3393575535
17.7542762526
14.5438121478
28.0706750149
12.1867062025
14.8255573816
27.6812780713
40.4745153653
26.9884982669
9.3308886073
24.9671798111
