37.99766944945499
45.38586476346578
5.8877661128845995
11.66463053419583
29.00967739924265
8.045831022409924
2.523233067694972
31.88032048051009
13.98368294098802
2.2471215887632816
28.456507394357324
64.63513358514199
23.062947966327396
147.78100680447415
1.6823931547625899
94.9666553568959
29.567682393940657
43.897738970049474
35.19400780944873
10.165072627993561
8.350597342001663
28.999470720561938
7.346949111642612
45.21929334641949
80.75321418852401
80.28098440883137
12.668111991478021
8.036017890270172
85.7127772270511
27.404967436726658
3.0229767585062937
4.401991468846728
141.19057222026527
18.980025779404194
2.0355226732383667
17.135712254330333
3.3062209230643878
5.836142645392264
63.581934669836635
5.67133231710385
25.142346324656813
32.55822955305658
2.3963696162142085
13.993271088204201
48.77587410403564
61.087541226587554
10.073215678530488
37.45984246358006
41.62689988673787
6.435453918660233
10.075891921594497
42.31288530622082
65.55421948644539
12.72502845859634
12.26590128353025
226.2372246971146
38.45389601578228
22.06904450231869
48.99570703843598
21.319956438610493
31.38166489468554
36.093439769930235
7.74192424472538
1.0577073408182915
10.851924188218204
0.15820838328645032
59.08281294070986
9.284967580135229
185.63900934402412
84.92244924882962
24.95187398393399
18.227797544768414
92.07503748495064
59.346303680554186
8.191384639351437
1.741515138875011
4.752772883650387
83.3290727097829
10.762458400238392
41.444282181818245
65.42497766602709
24.11928556802101
70.18403720145595
14.107286233167377
10.16010791441313
26.13058991308548
94.68726365467082
99.29238531534322
63.79065170923097
6.897254470415092
15.985249374230888
7.9324763528094575
45.21665664117049
70.11955201967247
7.681974466269683
2.593585429717044
25.86948416791332
3.5557247273605093
38.0993883734701
34.93482882622485
