279.2173061345
253.6469200373
263.1612603154
280.8112222429
259.1716505362
256.8534327495
261.1567829550
253.4904943219
271.0156883405
250.5146263433
253.3475869058
251.4770927414
282.6137334940
255.0374326336
263.2678630794
255.5710189732
302.6924066911
262.1376740636
295.0620555567
273.3742133539
266.8530448157
266.8179380004
280.3554211976
279.4054746804
277.5174356124
252.1211278121
274.3466767890
265.2944797122
275.7402821274
253.3270392746
280.4058016833
263.3653928543
253.1837687970
273.2013394863
216.5063161023
268.7313477398
293.9747243130
255.2321190933
264.1509742796
278.5461630750
282.4190717279
274.3420225962
232.3685071013
290.9607888064
282.6411680809
282.9467373318
243.6379031106
259.2729748187
283.3141543085
260.0147964015
251.0136483311
268.0462354168
262.7621675039
293.8293522269
291.7412172251
252.4025931334
251.6383386726
278.0897708584
270.7871014341
270.9460702255
279.7508965274
273.7419861216
262.7503334345
261.7394101437
271.0712957205
257.5649074123
251.7384735872
264.8102594406
273.3246305224
254.8589058266
298.5123101098
288.3204934015
266.3871939535
259.9121496938
241.1661662981
233.5530564060
260.7410251904
261.1077606508
279.8319107297
278.8127771456
273.3541882295
265.0089564483
288.0255569321
286.1226974890
264.8226880766
247.8913853671
274.6155537974
275.6672390181
239.0760775456
258.4591769416
272.2669239742
242.9069214623
273.1251036253
268.2791729917
265.1154251941
287.6007289693
248.4929494413
270.0516219748
286.4488822796
235.0534433907
