12.25779992708451
12.550045217194153
14.26238024817042
13.610063634461152
9.206166124316953
14.785194516967287
20.695790714012897
14.480741776870802
15.603472355714166
18.702307791427415
12.481127799476532
16.45086434240291
11.636298924111447
6.7554543129372995
14.525629066121596
13.475392376399057
13.950118637313528
19.61264021613916
13.169490891597237
9.702749285280598
10.213276232140416
14.271667282404282
21.743494048124433
11.740432402476095
17.446055712830436
11.90349484235058
11.740652124358794
19.787268845214356
22.48154436437154
12.310915068532937
14.684351636497261
19.171740881605057
17.542183622329258
12.009377412579571
17.30627515685138
9.832763190883385
11.468375365197724
16.478679754052845
18.010807422975862
12.558883949470413
13.385632492333817
13.215705643777447
13.082814213241761
9.534857260278596
13.617478130928738
15.811401959924087
10.407616772934531
21.652905329653667
22.859527720451442
21.9007798944603
13.888251713918532
11.07118325416668
19.707904665559887
12.712530794586705
8.304604269858071
17.457060156028206
19.320077326494967
10.210139379546709
13.332894194488635
13.786661161146908
15.91474685700202
11.893610139697044
11.617944875211865
9.202493020478883
11.242350626635803
11.775635353945942
13.300114603005714
19.012625998639553
19.986215947141165
14.800284615427051
14.026229333922949
12.116664651980754
16.593409642498454
18.185011278622984
21.62193275605168
19.383724444608827
11.412580113033576
15.435065893009318
18.512931863094618
17.469968075120725
16.310723686906975
15.926253421534879
14.696939330927437
7.930100807160769
13.833133651656391
10.262945962461487
14.763211302882008
15.330530089787558
14.021498264981682
16.045924098460148
22.132655390770296
12.537820750793092
15.67085334983372
11.961101742651095
16.90723569189364
16.52480113842867
12.352711791062399
11.829849009784608
13.34097540775478
20.646929884588054
