0.8560017996
0.9057025627
0.9090316029
0.8484268506
0.9048227330
0.9276322361
0.9175953050
0.9417610636
0.9571763456
0.8651313677
0.9114606764
0.8743309772
0.8918427082
0.9004789193
0.9186675593
0.9134623522
0.8340403507
0.9282414423
0.9364620889
0.8940216059
0.9201472511
0.9064505524
0.9352340634
0.8430280021
0.7765016636
0.8944877575
0.8592733350
0.9029189253
0.8932018525
0.9094718267
0.8267727310
0.9253684281
0.9276548819
0.9080266353
0.8621860234
0.9289399268
0.9349186348
0.8172399660
0.9050804341
0.9225857612
0.9290812664
0.8936048599
0.8752128153
0.9297863531
0.9403597961
0.9411922519
0.9079088999
0.9203341264
0.8741899016
0.9200347428
0.9537293388
0.8967334740
0.8910340932
0.9286456831
0.9452826879
0.8439157991
0.8588535554
0.9256926795
0.7811387991
0.8369670670
0.8412043633
0.8275520339
0.9246960879
0.7145211915
0.9573334485
0.9135356168
0.7044067437
0.9023237355
0.9296461904
0.8965286294
0.9351211987
0.9073735903
0.9401369773
0.7854109531
0.8932638842
0.8278761602
0.9155128040
0.8925902959
0.9424206541
0.8450635872
0.8210499194
0.8935738129
0.9519587521
0.8729368404
0.9365177220
0.9594167823
0.8738239291
0.9284839271
0.8661603993
0.8857911702
0.8304548553
0.8570061292
0.9002400683
0.8096809380
0.9115170423
0.9101514432
0.8876594634
0.8520895790
0.9237769559
0.8580130924
