20.577225154376976
20.343694163039
19.964940557450674
19.963033989466624
20.357800421758323
20.62974531791971
19.964940557450674
19.964940557450674
20.63554019649256
19.96316857212246
20.566221945651893
19.964940557450674
20.55000099110676
20.670220104548097
19.964940557450674
20.51865160831702
19.96676885110636
19.964940557450674
19.968169457497446
20.60330526003381
19.963238070039193
19.963002647793093
19.964940557450674
20.462199685177193
19.964940557450674
19.963057963336023
19.964940557450674
20.464651288700573
20.363565594184895
20.446805712178534
19.96676885453652
20.48227690637029
19.964940557450674
20.528411199630906
20.241486295977747
20.44158131729845
19.964940557450674
19.96676885453652
20.586103323273072
19.963059020169506
20.249595448574574
19.961196339115098
20.384258039724724
20.616724291792696
20.530522826577926
19.964940557450674
20.40472740552842
20.321274919161258
20.564203756595997
19.733439653556758
20.543125630586832
20.623083887770516
19.96315635975243
19.963002647793477
20.60633962754897
20.38736922885092
20.49318624620976
20.022614597906607
20.431409464093743
20.49674696006237
19.96421381239014
19.964940557450674
20.60402352824868
20.482032168722345
20.463091855758382
19.964940557450674
20.341423617142638
20.47696450050987
20.542323848178793
19.963069398261332
19.964940557450674
20.348488962687103
20.457880036676215
20.528368124086384
19.964940557450674
19.96676885453652
19.963128253068668
19.96395197665073
19.964940557450674
20.626193554224415
20.557483431646123
20.238351868873362
19.96676885110636
19.964940557450674
19.96676885453652
20.316662646712622
20.143320383621656
20.466171178207684
19.964940557450674
20.287098146154516
19.963848538162964
19.96676885453652
19.963020281271827
20.482000325913646
20.311950300096317
19.964940557450674
20.545179447167545
19.964940557450674
20.550336839128136
20.595274256893077
