2.110669e+01
2.123186e+01
2.092266e+01
2.101971e+01
2.117301e+01
2.091808e+01
2.103997e+01
2.105257e+01
2.095444e+01
2.116158e+01
2.115716e+01
2.112915e+01
2.093512e+01
2.122298e+01
2.118260e+01
2.098897e+01
2.111447e+01
2.102654e+01
2.116990e+01
2.102335e+01
2.103241e+01
2.106179e+01
2.091624e+01
2.104437e+01
2.095491e+01
2.104670e+01
2.118075e+01
2.100686e+01
2.076001e+01
2.083518e+01
2.112238e+01
2.094563e+01
2.094388e+01
2.116239e+01
2.101616e+01
2.115749e+01
2.119272e+01
2.098634e+01
2.094880e+01
2.107456e+01
2.112075e+01
2.078482e+01
2.103683e+01
2.101270e+01
2.103076e+01
2.111334e+01
2.114055e+01
2.112102e+01
2.101276e+01
2.110403e+01
