3710.5378044094
4399.3789216642
5139.8221418970
2607.0123266677
3037.7139052207
3931.7687213282
3696.3015224863
3309.7184880412
5848.6485511492
3236.6051038529
3503.7226601429
6037.4801134387
4567.9262490877
2894.6782204191
2619.0267505380
3172.7881815976
3421.5257550513
3694.5223650045
3626.3288327852
3302.7912260286
4456.9507274606
3008.2014727342
4488.5086665326
3354.8857360993
3473.8297556469
4279.7078559761
2929.2344708823
2293.9928113896
4343.7743112511
3501.2495629776
4336.8886147807
4231.2603856716
3653.3942649293
3863.6913977092
4216.4173860660
3382.6025675491
6551.3020691849
3843.6907927339
4490.8762817842
5278.1080984460
4693.1003349504
3265.6367584683
4313.8912465166
3323.0571821446
3415.9948145062
2941.6955598631
4039.2351003087
2876.3041150776
4201.6668714222
3992.2321985583
