0.998004
0.998004
0.998004
0.998004
0.998004
0.998004
0.998004
0.998004
0.998004
0.998004
0.998004
0.998004
0.998004
0.998004
0.998004
0.998004
0.998004
1.99203
0.998004
0.998004
0.998004
0.998004
0.998004
0.998004
0.998004
1.99203
0.998004
0.998004
0.998004
0.998004
0.998004
0.998004
0.998004
0.998004
0.998004
0.998004
0.998004
0.998004
0.998004
0.998004
0.998004
0.998004
0.998004
0.998004
0.998004
0.998004
0.998004
0.998004
0.998004
0.998004
0.998004
0.998004
0.998004
0.998004
0.998004
0.998004
0.998004
0.998004
0.998004
0.998004
0.998004
0.998004
0.998004
0.998004
0.998004
0.998004
0.998004
0.998004
0.998004
1.99203
0.998004
0.998004
0.998004
0.998004
0.998004
0.998004
0.998004
0.998004
0.998004
0.998004
0.998004
0.998004
0.998004
0.998004
0.998004
0.998004
0.998004
0.998004
0.998004
0.998004
0.998004
0.998004
0.998004
0.998004
0.998004
0.998004
0.998004
0.998004
0.998004
0.998004
