9.182609634600679
7.739486460633849
7.975094409919993
8.892063707127274
8.778500164233034
7.417280528753963
6.495718361086908
7.1020447348292475
8.311630854375643
8.838274986947201
8.19937787071017
8.711858867834257
8.3366651058354
9.489007574415234
6.214028189546834
8.44500963230657
7.141413944060236
6.896833451764376
8.815308201670529
8.335432128785897
9.467128630455296
8.055538430986594
7.259665980518033
9.699767531733844
10.136963295940257
11.41759191962994
8.70968418704607
9.2878609312906
7.6961586569846325
9.43981690003607
8.706234526824037
7.620782412892229
7.730355196435182
8.229310348171694
10.594819012261734
10.17082448872241
8.0686665230108
8.226961408493564
8.936060685787726
7.60062063720277
8.632904826696755
9.517206287451788
8.815822774452043
8.826171314777483
8.068385788494341
9.158685220325891
7.706271212384001
9.243926490596621
8.223066698135636
8.495168285316677
