198.911
255.851
268.318
261.435
249.194
192.852
253.504
267.729
219.64
239.423
243.13
197.365
221.297
192.446
176.238
224.3
176.759
178.066
210.601
198.072
207.701
176.809
274.38
186.726
199.845
221.185
231.43
232.205
251.476
200.104
231.69
175.628
154.972
215.177
309.182
222.037
172.023
276.995
282.685
229.78
245.99
233.399
194.541
223.379
210.649
209.374
209.26
184.768
213.943
238.101
250.095
211.241
346.321
197.725
194.93
182.779
223.172
187.039
242.801
236.752
257.438
168.082
227.896
214.357
200.336
219.86
142.474
260.333
233.24
263.383
252.299
254.445
256.851
194.491
219.123
235.236
201.201
205.52
270.27
285.887
214.002
169.637
222.157
242.63
248.336
246.787
169.197
174.407
335.069
215.32
178.56
303.142
184.439
234.787
245.722
219.042
252.545
218.767
208.76
272.598
