587.6279252506474
679.2134031506549
618.8718439589616
644.2662999136274
575.2325946202799
630.2875375220423
509.9197828096352
640.2885516471464
635.7300665846477
678.8392631836306
668.1744009038399
594.5563472355233
642.3246379449178
550.5100507514842
507.12912146885503
556.2075512041988
542.2466927427954
604.3607058880206
641.83486491848
675.6160941084556
656.7260051090436
621.1329195447579
649.5207536179674
615.8658140804611
616.201973661422
681.1671815369264
706.3245474140308
614.4148631592885
715.2881928463537
725.1872918957853
658.4312057555859
548.1001542271172
604.8927385342607
624.307806532883
646.3786947249737
661.9846980855243
604.6968319528426
626.0547819878105
630.167943613401
649.5194069247461
586.748559469485
620.8180971808507
683.2025937935445
615.6087951729901
620.8234362397036
568.5966899411269
648.1855606899284
607.1607608265147
624.2011050236291
681.1707416852114
