6.761358e+02
7.329577e+02
6.541809e+02
8.100921e+02
7.248433e+02
8.148171e+02
7.170206e+02
6.084069e+02
6.867924e+02
7.776474e+02
6.524225e+02
6.874374e+02
6.589420e+02
6.775011e+02
7.467441e+02
7.588376e+02
8.157707e+02
7.223047e+02
7.949332e+02
6.829313e+02
7.360377e+02
7.614194e+02
7.289994e+02
7.288554e+02
7.729476e+02
7.235164e+02
6.860983e+02
7.745584e+02
8.251570e+02
6.902212e+02
7.896716e+02
7.593081e+02
6.918489e+02
6.584663e+02
8.005841e+02
7.172607e+02
7.677596e+02
7.770913e+02
7.542044e+02
7.176369e+02
7.364810e+02
6.936918e+02
7.748601e+02
6.942737e+02
7.132092e+02
7.326246e+02
6.197880e+02
7.949310e+02
6.267473e+02
6.835140e+02
