12.67050581113585
12.670510365233232
12.67050581113585
11.02087874349957
12.67050581113561
12.670505811135984
12.67050581113561
12.22486557932646
12.67050581113561
12.67050581113561
10.767011358830828
3.294934827650114
12.670505811135554
12.670505811135552
12.670505811135907
12.670505811135913
11.724635212342465
12.670505811135554
12.670505811156389
12.670505811404148
12.279127503327716
9.353457623445099
12.670505811135907
8.856307678268166
12.670514799075859
12.670954902644318
12.670505811137385
8.740516701131645
12.670505864988899
12.6750751029062
12.670505811135582
12.670505811135907
12.67050581113561
12.67050581113592
12.67050581113585
11.224096581896644
9.059286936953288
10.093990099730641
12.670505811138147
6.592257574155388
12.67050581113591
11.642239524611922
12.670505811135552
12.67050581113561
12.67050581113585
24.094117937348468
12.67050581113585
12.67050581113561
11.718699609101858
12.670505811135913