19.854759152559787
20.005861034913067
20.16842058003709
19.901688249717683
19.655667632744084
20.28313611719369
19.979220128193973
20.28921910066133
20.051099405768973
20.044164688737624
20.2082636934791
20.188507234425938
20.248214728254506
20.224024209024027
20.166519603420348
20.02117471798442
20.213950084693362
20.180183903354845
19.903309612381612
20.1992184747435
20.404686904102665
19.91968624284338
19.841826292769273
20.202899522929897
20.160726586287435
19.758843902243214
20.13082676961869
19.821895988538568
20.243708171287444
20.156359229543185
20.154704030130926
20.099778911991937
20.118827134969777
20.088013724045904
20.077309339882813
20.059932305063693
20.23087904950957
20.10284278462551
19.81970761335054
20.443355380986993
20.202744157249043
19.913210602599367
20.271191617351757
20.20538576524008
20.291796874574793
20.251822349968553
20.174747880734422
20.02106456679054
20.209199089943695
20.135980694626156
20.27972965978651
20.1075240650603
20.056938532928065
20.375151467790072
20.31905428812188
19.893104419479986
20.14039187294043
20.069022141306558
19.940242229885264
20.199217765312127
20.308742313155452
20.16802823922743
20.19227603120339
20.051975383674375
20.078272219233355
20.227917335624063
19.88886310690066
20.068727277412044
20.124616093861594
20.106111307700246
20.17220944017494
19.91478481834974
20.08472824740541
19.88580018202847
19.9958173138734
19.93633749468439
19.900762707071205
20.204931413590714
20.126054163060864
20.12690493288153
20.108173165366928
20.10775111175789
20.28593364354171
19.999840635955476
20.143479673224704
19.95361116085552
19.764431962938705
20.266074042801066
19.957747708864744
20.277450705173372
20.099470517708376
20.174354833806298
19.771087529073668
20.213514266282903
20.057922267331918
19.90811771821784
20.25620686098458
20.228484683996644
20.130063021908338
20.229378438537857