680211906.5804269
727062089.5344313
428134882.8403747
657648653.5112447
406110623.90364736
621787754.8240396
642289773.6581765
604570904.6695095
610093174.7945473
588785227.4745445
688875286.4481053
631590834.2265699
506407174.3954664
647617760.4739197
587157244.0095773
661446787.301808
657581418.9399993
425124395.2589378
681524157.1763922
641162682.7625189
680288110.6186094
550539561.2332977
624263962.8407644
684666866.4573151
582381323.1646811
502919801.94027305
688296497.4878201
614985416.5983086
604326815.6710346
604770719.1016163
641546299.8955771
703426300.1312029
755208644.8120623
506452680.4387122
735696663.524617
723001589.8311651
694565682.886674
623934067.3019365
585512345.1843066
600856603.2625227
548577965.6966006
746068591.7461027
623838965.2908255
699545884.370439
650238594.264901
659081928.1533986
658936750.3879886
568941500.9308658
581204913.6001058
506933576.60237014