1.18066
1.0111
0.843407
0.883835
0.971722
0.769467
2.04768
2.22058
2.34369
1.97638
1.42514
3.05887
2.61654
2.55879
0.754029
1.74937
2.64866
1.23344
1.93422
1.54649
1.20017
1.08788
1.7489
1.69712
3.55745
1.83825
1.13989
0.841812
1.69172
1.80501
1.8183
0.937044
0.944333
1.88232
1.73648
1.79808
1.63603
1.77353
1.67023
1.28703
1.19924
2.68603
769.206
3.23292
1.31178
1.56398
2.04496
0.85454
1.11433
1.26959
1.56381
2.30912
1.93375
2.08104
3.93184
1.67304
1.54418
1.75905
2.13312
2.63714
2.09187
2.09356
1.27695
1.18483
2.80865
1.62754
3.49224
1.73741
2.15301
2.93305
3.02288
0.82039
2.56224
4.66764
1.69927
3.5491
1.14786
0.909969
1.71508
2.09247
3.87579
2.03023
1.9765
1.01416
1.71406
1.85241
1.18112
4.10284
4.88268
1.89237
1.21723
2.23551
1.56764
1.73823
1.26246
2.76406
2.05562
1.48857
2.03513
1.10395
