0.39788735772973816
0.39788735772973816
0.39788735772973816
0.39788735772973816
0.39788735772973816
0.39788735772973816
0.39788735772973816
0.39788735772973816
0.39788735772973816
0.39788735772973816
0.39788735772973816
0.39788735772973816
0.39788735772973816
0.39788735772973816
0.39788735772973816
0.39788735772973816
0.39788735772973816
0.39788735772973816
0.39788735772973816
0.39788735772973816
0.39788735772973816
0.39788735772973816
0.39788735772973816
0.39788735772973816
0.39788735772973816
0.39788735772973816
0.39788735772973816
0.39788735772973816
0.39788735772973816
0.39788735772973816
0.39788735772973816
0.39788735772973816
0.39788735772973816
0.39788735772973816
0.39788735772973816
0.39788735772973816
0.39788735772973816
0.39788735772973816
0.39788735772973816
0.39788735772973816
0.39788735772973816
1.9431406628859573
0.39788735772973816
0.39788735772973816
0.39788735772973816
0.39788735772973816
0.39788735772973816
0.39788735772973816
0.39788735772973816
0.39788735772973816
0.39788735772973816
0.39788735772973816
0.39788735772973816
0.39788735772973816
0.39788735772973816
0.39788735772973816
0.39788735772973816
0.39788735772973816
0.39788735772973816
0.39788735772973816
0.39788735772973816
0.39788735772973816
0.39788735772973816
0.39788735772973816
0.39788735772973816
0.39788735772973816
0.39788735772973816
0.39788735772973816
0.39788735772973816
0.39788735772973816
0.39788735772973816
0.39788735772973816
0.39788735772973816
0.39788735772973816
0.39788735772973816
0.39788735772973816
0.39788735772973816
0.39788735772973816
0.39788735772973816
0.39788735772973816
0.39788735772973816
0.39788735772973816
0.39788735772973816
0.39788735772973816
0.39788735772973816
0.39788735772973816
0.39788735772973816
0.39788735772973816
0.39788735772973816
0.39788735772973816
0.39788735772973816
0.39788735772973816
0.39788735772973816
0.39788735772973816
0.39788735772973816
0.39788735772973816
0.39788735772973816
0.39788735772973816
0.39788735772973816
0.39788735772973816
