4.566428e+02
5.094218e+02
4.548976e+02
5.145465e+02
5.189807e+02
5.108645e+02
5.007592e+02
5.653544e+02
5.126824e+02
5.268350e+02
4.833645e+02
4.720414e+02
5.917423e+02
4.943769e+02
5.272607e+02
4.846632e+02
4.086365e+02
5.352166e+02
4.443154e+02
5.394825e+02
5.242492e+02
5.062395e+02
4.774976e+02
4.766770e+02
4.835223e+02
4.612863e+02
5.036965e+02
5.144142e+02
5.931567e+02
5.110646e+02
5.794261e+02
5.057259e+02
4.823021e+02
5.669972e+02
4.826792e+02
4.918392e+02
5.160939e+02
4.822027e+02
5.601690e+02
5.386956e+02
5.186639e+02
4.741348e+02
4.957856e+02
5.411889e+02
5.139473e+02
4.977335e+02
4.848385e+02
5.115949e+02
5.186697e+02
5.806331e+02
5.078102e+02
4.377150e+02
4.426067e+02
5.256860e+02
5.820809e+02
5.144717e+02
5.557764e+02
4.896351e+02
4.731907e+02
4.753075e+02
4.759526e+02
4.726956e+02
5.112869e+02
4.336511e+02
4.687022e+02
5.067300e+02
4.445161e+02
4.976116e+02
5.793493e+02
5.001869e+02
5.018461e+02
5.011823e+02
5.137213e+02
5.484673e+02
4.573930e+02
5.001667e+02
4.816056e+02
4.597110e+02
5.593891e+02
5.436254e+02
4.725383e+02
5.097984e+02
4.486998e+02
4.841973e+02
5.255509e+02
5.621855e+02
5.325256e+02
4.719552e+02
5.439468e+02
5.033273e+02
4.607547e+02
5.400293e+02
4.960171e+02
4.899725e+02
5.225113e+02
5.140063e+02
5.168491e+02
5.091357e+02
5.065229e+02
4.937184e+02
