1.163028e+06
1.040719e+06
1.238129e+06
7.845940e+05
7.953004e+05
1.303547e+06
9.577304e+05
1.190215e+06
1.010759e+06
1.264362e+06
1.297272e+06
1.041499e+06
1.217341e+06
8.472345e+05
1.028895e+06
1.197474e+06
1.055022e+06
1.119587e+06
1.106720e+06
1.052908e+06
1.198596e+06
7.987664e+05
1.353204e+06
9.386822e+05
1.180052e+06
9.168193e+05
9.293692e+05
9.015063e+05
1.171965e+06
8.392892e+05
1.259371e+06
9.903912e+05
8.295844e+05
1.004729e+06
9.572531e+05
9.873543e+05
1.211854e+06
8.274806e+05
1.170796e+06
1.223763e+06
1.011323e+06
9.616504e+05
8.661166e+05
1.057426e+06
9.771610e+05
1.252836e+06
1.046883e+06
1.078439e+06
1.124090e+06
1.110327e+06
1.328201e+06
1.271991e+06
1.349268e+06
1.235156e+06
1.041993e+06
1.094294e+06
1.145889e+06
1.227843e+06
9.886721e+05
1.260078e+06
8.910413e+05
1.106030e+06
1.121685e+06
6.552178e+05
1.062517e+06
1.287899e+06
9.897774e+05
1.044140e+06
7.170525e+05
1.115914e+06
7.942512e+05
1.121024e+06
8.137540e+05
8.991003e+05
1.008054e+06
9.001633e+05
1.185588e+06
7.670428e+05
8.518106e+05
1.019298e+06
1.051078e+06
9.742859e+05
1.155575e+06
1.363413e+06
1.170912e+06
1.234634e+06
1.337090e+06
7.792201e+05
1.249825e+06
9.748915e+05
1.129101e+06
1.461637e+06
1.172125e+06
1.346091e+06
8.918941e+05
1.107607e+06
1.106791e+06
1.352794e+06
1.012086e+06
1.161159e+06
