283.61
257.867
250.065
251.438
186.065
235.498
289.405
193.36
174.896
205.272
222.597
264.453
133.829
141.898
303.824
222.294
218.421
192.144
213.834
302.315
285.958
300.239
209.899
242.403
250.97
226.767
206.857
230.416
164.344
182.95
243.053
196.553
250.526
197.224
238.965
256.178
184.705
202.876
189.305
220
295.939
228.399
247.355
218.378
230.853
198.81
198.861
203.459
181.733
193.155
262.891
292.457
229.316
261.06
257.374
241.357
253.583
238.405
161.829
209.517
169.996
236.414
223.425
215.44
272.724
242.98
219.191
180.84
203.262
219.2
285.594
263.56
166.093
216.984
233.781
255.774
225.005
217.832
233.102
266.719
199.112
223.537
274.633
203.152
214.742
257.856
200.094
221.301
246.764
240.127
143.352
221.74
234.336
213.887
176.116
217.925
212.947
250.764
216.224
233.281
