1283.1484556178623
1433.2035446437362
1347.7347782773804
1324.6794469259798
1376.8694226804653
1374.5935437321411
1415.7736179081855
1281.758411003601
1364.684860632319
1246.5231169915967
1370.615059613363
1376.8007326233399
1391.0700158203429
1412.8994840532262
1417.6435135052552
1254.4230017119546
1442.111361701573
1179.1817353960005
1295.367525596553
1335.6793144963704
1395.4216144631964
1390.1253444819663
1383.4127385217041
1456.1474971726032
1453.7542155305457
1413.9071442463348
1431.0853701576623
1501.3746210711465
1471.490245324166
1316.2315348299958
1343.377310674884
1304.5742852364208
1543.2839412277253
1413.3420406766995
1601.9611800287678
1324.0077914396916
1326.630055444515
1345.2730797074119
1328.7449965029684
1452.2104064909443
1320.7863119762978
1285.1353127425157
1432.159641211692
1315.386185973779
1252.7016532933494
1333.3972005668932
1413.4925690593386
1455.0547899468727
1494.202188685803
1276.2563802130348
1298.2600878010323
1319.1484021587573
1290.4904815153568
1345.7154187200538
1354.7245720643368
1300.1456243404139
1498.9372168372606
1315.5625603360045
1426.5001904807548
1415.7686409930366
1458.412608925667
1251.6143843997763
1266.6204606514523
1354.6299616467834
1369.4938982683786
1324.8215655953068
1403.0876440389086
1306.3429748881351
1497.7539694967245
1359.4283287075177
1358.386554317944
1315.9135059245996
1323.7286795001116
1210.8232236680533
1365.1105460973465
1412.1228400970388
1247.10152128723
1456.1838644149543
1445.588091163001
1434.1522995943562
1432.4364436781455
1553.193625695162
1493.412939195427
1472.6355366420041
1392.535790802733
1425.2252853655286
1267.5175566900332
1462.507995142438
1235.163958204147
1403.0060778942066
1397.878246011706
1383.3394803587566
1485.6228300501548
1292.4685493974976
1262.102999460577
1432.1057974179903
1449.6698298463687
1248.0009005411578
1398.1207731675256
1201.897024996855