2142504.516134902
2762273.4865776063
1851539.9310610362
2038754.8745445334
1729543.386547763
1647885.6404423907
2748408.347981379
2078743.1442440962
2077019.6155867013
2054373.1645477766
2216612.4433570025
2511302.4165951293
1894770.8790231694
1701171.794608687
2151206.160832411
2081080.4586507634
2367632.073940742
2363982.9988891985
1969551.3988435613
1651056.8856212583
2461115.7357700495
2324343.3734055283
1864097.3044663381
2227693.6806392404
1913297.0243747286
1578082.8192050213
2094146.6809810654
1905488.718730004
2021626.4250666485
2167644.20842684
1953933.0956276243
2209247.5276537966
2065265.880311375
2023999.5221865755
2438212.029548411
2087579.3138033242
2130945.2401428707
2084942.0810930298
2225129.722845344
2419675.650466091
1623042.201075784
2096133.5797929426
2848704.232782522
2235213.260495073
2058551.0660021638
1895670.5663123655
1790273.991351624
2210335.0298750214
2003236.5369849575
1658437.545739928
2536323.860505079
1737554.67342521
2282713.9752418725
2197413.105477416
1969236.133940473
2405727.495064662
2614730.2555694035
2479124.803351939
2490411.197914508
2146297.3114838325
1870433.0882820217
1777140.2928545827
2171838.375108874
2248668.9058187576
1569994.8515849845
1793351.135206311
2080263.3775791598
2627569.270899856
1965602.3919980624
1674595.3971650982
1561667.8515066984
1950223.5954821717
2413998.2780028856
2293697.414449504
2312124.7730615158
1925521.4870897066
2179168.6306097093
2129908.762820111
2040423.9137340542
2100089.081760324
2167743.592149175
2313679.940067947
2522843.2969670035
2100398.881040171
2324430.1846591006
2039924.3470469622
2199043.435626424
2388280.7793849385
2362568.315283917
2232718.4205214195
2709802.49342909
2078546.0395093933
1339592.6299222317
1762001.0342870345
2398449.4604870467
2221353.4313130225
2226049.47579488
1949934.67564327
2271142.7612397796
2040974.3166173967
