9.79384172342726
11.202258490096995
10.632671628135636
9.84220448095306
9.071467698418271
10.426636573040172
10.279855419214858
10.639868063931484
11.33774683335016
10.065729638432531
9.199690742130121
9.833298027894118
10.589974858121154
9.59401149440116
11.393247034244263
10.953598746628767
10.260716570417447
10.485441821839615
11.70412950900878
10.775992130781976
9.851132609975393
9.574009502944255
10.865124748511773
12.227823385307412
9.035772261236676
10.535028980581126
10.398326828616712
11.074286525453191
11.191984093543986
11.18904853899761
11.488252061952938
10.64016919467262
11.751799248521605
8.585529977712254
10.572957393776484
11.703970034990046
10.42982174961033
10.547964782789766
10.738265540933895
10.641305366575006
10.569265069446185
10.479572781485318
10.932143005374858
11.859598611591696
10.995343662942103
10.9589652292907
11.871755697366975
9.668731433088476
9.521323839368517
9.847980922028187
10.171530652117621
9.701114474463298
11.09610863852287
9.877514959855116
10.326467536629885
9.788829336950926
10.324157976119288
9.619185385119687
8.724500498738529
11.722339897608204
10.175634080059345
11.468085808064972
11.121364065695392
10.798631314589231
8.88166350679823
11.0263018536637
11.136191019449495
10.669301925954226
11.339725254688922
10.683287276825736
11.477187274402432
9.109599304864814
9.57637855735578
9.952009731856995
9.984297690020094
9.717888599696863
11.506808229108463
11.43885040081624
9.096211033499797
10.038410466769868
9.914176792271261
11.182204061157096
10.321007992924645
10.075516545519882
9.952815757658799
9.17711087622844
11.297119951656505
10.543448520666418
11.662441752497198
9.62716855820868
11.3132545556299
10.858056044987517
9.810071020386617
9.744289818598434
10.262156962126358
9.529785469102123
10.398210525366764
10.473824471413288
11.208348277380836
8.912977775159732
