0.229462794468606
0.825222235708571
0.509196350140586
0.604445203457439
0.590941649031383
0.194215783393347
1.08125648383292
0.370770813275551
0.799789878211605
0.447309116810991
0.215718513647458
0.502469378813545
1.37868154996318
0.749398154031323
0.467476187374177
0.361764117537367
0.140584305391248
0.664245943238068
0.183153296013249
0.621842322689044
0.529872777962166
0.529734967083025
1.12866257339678
1.84677515432483
0.600077533184305
0.89741840622828
0.711675674298736
0.403994103619589
1.17311241226887
0.587426177154475
0.473878051081096
0.566368206378212
1.12619184726589
0.999369116444103
0.764821084835856
0.401970498422344
1.05951106068454
1.58238250575444
0.846128660375664
0.580757677401172
0.990863347410854
0.219411473329188
1.33521415848835
0.386346902218198
0.437518688149084
0.557511288867687
0.849340442957914
0.291491830262478
0.453034052206642
0.325344115529787
0.89557735115478
0.439120730264707
0.390625766678618
0.554788414743335
0.622576294698667
1.00790037355308
0.534108700186101
0.976295333947682
1.27233912522726
0.707994369944253
0.600194895091283
0.430670271847783
0.916371443308183
0.320090569460644
0.406635233483059
0.803975771614707
0.278386039016182
1.06202699142541
2.49053099339205
0.431830563034414
0.475988743977304
0.647259269731016
0.26098346252775
0.39247970569437
0.774981577551412
0.723495421950866
0.461731711469508
0.212212265229561
0.343395249227998
0.82274428984802
1.46574680731609
0.82272506160243
0.527307744361082
1.20142467635247
0.421930885492519
0.461823590553097
0.837558320123068
0.75723437782742
0.485756382472902
1.25314645002319
0.548757679115712
0.569601210665609
0.987721493695885
0.869943631162814
0.655794015622814
0.238533922328243
0.955843023941212
0.924397096361523
0.430703595963712
0.629834769828424
