263.6926233106798
266.01432940360405
196.0039895123977
247.27840053516314
267.7577060499176
321.88094778383953
244.5133617987101
289.77369618786355
251.77015188032894
248.89634099768858
255.13910751770513
220.3576439532859
267.2746217647707
265.546789474811
193.31446756577475
211.65599364922582
289.6188103623053
243.44943426473884
261.54972943113137
279.39107614749213
210.02259263779013
218.70145387402167
246.07910102227623
309.1449697813378
248.89862845027778
247.77899990554118
281.2663233104249
281.83258274706367
237.73866967435634
272.6057391942329
290.5410517342087
273.9229845677168
228.52978356071088
233.6209810347262
273.441103104668
281.8878296739113
227.248889885638
314.66628307916557
219.78253434051544
196.1812143705879
234.478927254099
193.60460388133367
287.0492033114457
236.26117398140298
276.91508170117544
210.89724377089914
302.7802050266785
267.21388496470865
245.67041041853483
194.18026603471952
273.1838735332489
284.5924756278426
243.77390796479375
168.30192144575076
233.56262872703235
173.91825094602143
211.27643432252086
271.77372028465624
216.80760172253514
274.4015769477956
256.2506083990706
204.36850392671204
174.01518932242016
278.5169039687968
266.461143066982
185.3962777585441
194.56509591797123
266.7023337076218
209.42672154087285
232.83344450130429
211.90951082289342
214.11809082377385
228.91837941097867
273.49916219338695
169.6903879573618
309.14029025186045
229.25597035219326
266.23461271857525
221.3418454758735
209.01307791252464
237.9070413162592
314.4878886681884
193.67728802339192
266.51095603129704
226.82333316761634
294.6372928912093
227.42832086563493
224.75658716718516
319.53522403244193
314.7881858282966
191.68448281245736
283.29097224981797
274.24230731042
257.7014670205725
228.78378156318354
233.15651886618986
248.76510170191708
251.26250028657563
211.14854819110357
260.8270459465665
