25951.86583451321
55952.96560505048
41973.00209335435
38731.68582954064
25501.741662583227
38941.1347273124
40239.46349445735
99439.2708198332
24992.184255663225
78731.61828906291
36767.91780901454
42591.369750359314
49295.020914996465
127302.88911297113
32766.086579175848
46494.98212543248
44775.51107571254
51136.273706866574
78500.37108761615
72422.61375764136
51012.324698159515
54292.8392896521
36829.43113459501
94974.01376357082
72405.76190003943
95951.76448580633
39727.73727834425
72317.0395647504
60219.03168750546
34803.363865412255
35453.7855862988
29798.032642948103
77540.64582366182
41829.71582432664
53427.469489030955
43199.04771687357
41172.248439262294
52031.121693527944
63579.021905394264
31239.711742041993
56164.64462166381
48107.57469546687
59793.93857799008
87318.31844581751
33833.080999765734
38918.85977150603
58991.76319181487
80234.79476674259
51056.94743603777
56974.57303611495
