0.0814109058701087
0.0369474187284271
0.0908133529659621
0.0770314167359242
0.116760133599791
0.0561576905093587
0.0500104519259505
0.156267769308124
0.0421203124941386
0.0389512699881429
0.0223048519747182
0.103800376357484
0.019614833525021
0.0917661980030114
0.0511768802428686
0.0536114745136937
0.0291680489986469
0.0522924843054442
0.0218745859058706
0.180375970491071
0.0773699084602683
0.0958314861764336
0.0142957264025699
0.102041005855958
0.0161275289792293
0.0790249644241725
0.0768139217397266
0.0350810882540394
0.0491085929647512
0.0605464138836305
0.0661800192380989
0.0580861514473338
0.0289929896507059
0.0326584552795313
0.0508452028442337
0.0261104569374402
0.0659536190707142
0.121986543673208
0.0316697603410098
0.0638351000196946
0.0428333372177881
0.0629250611759694
0.0952734922105476
0.0631140751538122
0.0568508572387556
0.0614098473610568
0.0689601662937116
0.0541653430205945
0.0898813583704596
0.0397262082808861
0.101528823637204
0.067692635874433
0.0870728368741177
0.0498186357559426
0.100964671162866
0.0717955968924675
0.0327161862645215
0.133699916519279
0.0687982706960449
0.125237603495434
0.0580858442416179
0.0246811163469081
0.084894931931194
0.067349170862817
0.0908530396149902
0.121608283641919
0.0553675857504185
0.0410933263936484
0.0549403896069193
0.0961457026669654
0.132165397533432
0.130094635794104
0.0160779009323332
0.0580480100211202
0.16344777336996
0.0707127937133211
0.0862567059313684
0.0235091615160149
0.127783997883521
0.0587407695964289
0.0560352531574194
0.032286425146324
0.0137563694869959
0.031348564712672
0.0441709393768245
0.0450010151133692
0.0410964406624867
0.172077028992907
0.0445887814296752
0.0758848413976452
0.0302706810886019
0.0350917335740113
0.116141295343539
0.0482026209744936
0.0162684707885191
0.0236160222881136
0.0344110531439823
0.0598173462936399
0.0821910160003276
0.0387070623475549
