0.147536059487046
0.0718553706494147
0.0380448408927593
0.066011612126614
0.0474472042546279
0.0183952593541614
0.0551828775567565
0.156433680597994
0.0474514303048561
0.0933006470176064
0.0389734176674394
0.0308615343829576
0.105924190270583
0.0481508400178571
0.0168068467624543
0.0502599063228
0.0695103573490105
0.112236373955598
0.0597613629965976
0.0268425268728399
0.0655706593816569
0.135067997063897
0.0407451739094746
0.0902661763913675
0.0368465231218577
0.037892350388786
0.0256056234651721
0.217226697911064
0.0323693663588582
0.0628155255371697
0.0483964440573571
0.0408138882463429
0.0894194303263359
0.0542307369506743
0.0353060657691138
0.070764826029014
0.0997945412568748
0.0886920160359173
0.0810244603834965
0.0285025073023692
0.0576614947240326
0.0532249410992211
0.0474517433059977
0.090505517754159
0.0514749034580042
0.0326401662120543
0.0990193610855819
0.0357738012943123
0.0126836760305107
0.040172947470839
0.0515750818353839
0.0223558623801908
0.0344456607530086
0.0669965058525723
0.0556821755032684
0.0790696351154867
0.0443334525828451
0.0616927095505105
0.0221922022496674
0.0437329153561573
0.0736261842178358
0.0962482205185317
0.0575454291826187
0.0670836217804546
0.0269716880784022
0.10236916815242
0.0929893050939831
0.0461438980140263
0.0644291079615985
0.0690133065032697
0.0451164705624958
0.0468001939424573
0.0289749982374873
0.0260603873931018
0.0886691951031085
0.0373293994410761
0.0696959892481587
0.106619637326411
0.0621813469988864
0.05482123074466
0.0866785871930003
0.0363486548934229
0.0370015293671744
0.0614913950442779
0.0316586644310526
0.024258837900318
0.063712719481581
0.0468675000473689
0.089657740145731
0.0754004438197908
0.0280786625949146
0.0523264090005497
0.042565395353713
0.0206855499183986
0.020323523223731
0.0356936178720727
0.074941673368441
0.0232272883821925
0.0845467413503414
0.08921424867123
