-1.0316284535
-1.0316284535
-1.0316284535
-1.0316284535
-1.0316284535
-1.0316284535
-1.0316284535
-1.0316284535
-1.0316284535
-1.0316284535
-1.0316284535
-1.0316284535
-1.0316284535
-1.0316284535
-1.0316284534
-1.0316284535
-1.0316284535
-1.0316284535
-1.0316284535
-1.0316284535
-1.0316284535
-1.0316284535
-1.0316284535
-1.0316284535
-1.0316284535
-1.0316284535
-1.0316284535
-1.0316284535
-1.0316284535
-1.0316284534
-1.0316284535
-1.0316284535
-1.0316284535
-1.0316284535
-1.0316284535
-1.0316284535
-1.0316284535
-1.0316284535
-1.0316284535
-1.0316284535
-1.0316284535
-1.0316284535
-1.0316284535
-1.0316284535
-1.0316284535
-1.0316284535
-1.0316284535
-1.0316284535
-1.0316284535
-1.0316284535
