714.2346236535
680.9142450465
751.7088499291
679.4652929337
745.7540155745
735.6468039066
763.2196568142
734.9666292007
759.9592873758
748.6590615846
721.2337192369
750.0167364683
783.1203758723
705.2631308768
729.2130338020
748.0751498567
736.6399645782
751.8162451388
752.4619467751
757.6250759890
745.2938320832
767.5454741100
738.0593428224
685.5771975076
783.2115803594
766.5412725009
777.8830501900
739.3279452342
759.0574088918
768.1826296017
758.6357445257
702.6492115601
727.0626394390
722.6869643337
742.4271198532
741.2958162567
766.7258057825
745.9355068979
679.7587320276
757.0250606270
728.9147050702
763.1128885424
745.6183913951
754.4813353102
754.7474229289
763.8625992483
705.3506078913
756.1264097671
756.9126662448
772.8615104014
