222921.9624704611
246472.7967275372
245741.0251019362
251698.2586223788
259470.5051409929
285315.2386674774
277164.2403978634
162752.8783588258
234687.7926240882
277774.0833522882
218688.0749158695
242503.0928590806
234671.6829182366
208827.8632585881
262692.8763362846
224210.0685930693
200745.3343652127
192185.1532680262
277645.0677625679
240676.9350994250
194844.3692432810
264624.3691052379
254463.1101020458
221049.9531716425
249373.2975802182
248377.2273469157
288722.6270754989
270568.6067614108
243055.2133748045
222449.5317988125
284111.5306398215
213307.3465372945
257687.0306850074
277338.0730599203
276493.9281430389
254237.7740162911
291214.6103062230
277445.4926267324
258554.1496515766
303760.4423190416
273006.0392921531
243314.2136319941
257512.7272646549
225180.9364306300
295045.9800212370
281768.9538579957
246724.4332824680
231308.0603216164
297266.4584888917
255485.3238666567
