2.3831147910
4.0657812213
2.6419084904
1.7351846908
2.2995821744
2.5755358320
3.3803899065
3.7133048805
2.8053511170
3.8342832841
3.4895394520
3.0794155029
2.6903009752
5.8609990908
2.1631236078
2.1406747378
4.8134558089
2.9295747084
2.3802584702
2.3455488756
2.5505693922
3.8945710580
2.3926326032
2.4439627460
3.8916709122
2.1874983879
3.0357819649
3.8160110697
2.3336830225
2.5131191665
5.2678028487
3.8837359853
2.9820086755
2.6049390382
2.3465728942
4.6618011035
4.0789900933
2.4730273924
3.9459743615
4.5019450237
4.8427394369
2.8202124377
2.0545792310
1.7154540791
1.8860237807
2.4595921663
6.4124801235
5.0475797980
2.1942980137
3.8153600285
