3.5095181761
3.6173971047
3.8645512035
3.9174279849
3.9080444120
3.9429917415
4.5769704848
3.6544551524
3.9473143700
4.3173095141
4.0633104704
3.4599706329
4.4715860140
3.4254548761
3.9021648565
4.7233449711
4.2185842891
3.8254784525
3.6209002471
4.5084276618
4.3742610164
3.6324571739
5.3892516831
4.8974822154
4.7527865289
4.9376739815
4.3454594988
3.7426565379
4.1931620125
3.8900055887
4.6208272173
4.4033745356
3.1137435081
3.0865635235
3.2288467852
3.5990205787
4.0568239163
3.5945134094
3.6834914680
4.1857670205
3.3704783569
4.5683757312
4.5053482564
3.4279580352
3.2570075464
4.1679299520
4.6496805022
4.6749140250
3.7228056617
4.8307439478
