506.4653178706
512.9761197775
513.7085057677
505.9255087440
509.6647963700
484.4864840532
513.5920699505
525.9315293779
485.0823644877
527.7244585440
507.1488726652
519.2218376232
490.9616097926
514.7934522379
508.3299403131
494.7121604593
537.9159143856
491.1562443296
494.6893854549
515.1589893101
500.9025007658
509.8313852631
498.6159493618
500.6592591480
479.6936508017
539.3316468431
493.5240354764
499.4748169038
506.4596870976
531.3113829072
522.4143321400
510.1233672366
478.8410505242
433.3011390313
515.9631503920
486.6765526503
492.5718971467
523.4060363867
495.6423536256
500.2349461630
503.5360563595
499.7101762030
496.8889611457
506.3465921436
497.2626621038
501.0692002061
492.6178277306
469.0553791015
507.3425680929
526.8467389453
