0.3985449628
0.4001543740
0.4039672189
0.3998964851
0.4001641084
0.4008417022
0.3990712195
0.4012771494
0.3982979686
0.4029466573
0.3987938451
0.3979516386
0.3987603574
0.3982583496
0.4006963669
0.4044350857
0.4074555844
0.4714501975
0.3995484812
0.3997899560
0.4060115206
0.4049047719
0.4020361018
0.3988615225
0.3982144238
0.4002006646
0.4013092067
0.4025869970
0.4230167063
0.4026599635
0.3993557830
0.4364947007
0.4218923000
0.3980565248
0.3994821864
0.4023208521
0.4022899664
0.3991070650
0.4142377470
0.4131958715
0.4050954936
0.3983569362
0.3992310952
0.3981131276
0.4017830321
0.4044956386
0.4034377311
0.3984528435
0.4093691908
0.3979199104
