0.9980038390
0.9980112155
0.9980601760
2.9821051594
0.9980532791
0.9980047760
0.9980472793
2.9821051569
2.9821051568
0.9980079168
0.9980062725
0.9980038392
0.9980097163
0.9980984335
0.9980060819
0.9980049202
0.9980048376
2.9821051568
0.9980062896
0.9980153551
0.9980038387
0.9980041566
0.9982226694
1.0064467719
0.9980098292
0.9980048557
0.9980047521
0.9980686689
0.9982427925
0.9980042867
0.9980860188
0.9980054881
0.9980270177
0.9980038403
0.9981707366
0.9980058246
0.9980041379
0.9980437134
0.9980040465
0.9980039073
0.9980038511
0.9980077083
0.9980039363
0.9980967931
2.9821051568
0.9981249360
0.9980038465
0.9980503802
0.9981775116
0.9980038603
