495.7480082459
568.4703261362
516.1027854513
564.1433548395
512.0633046904
586.9426031687
577.5670709494
573.9585590543
543.2013208226
460.3694064963
611.6746028583
558.8716672315
581.0030690609
553.6871760819
530.7797743024
445.9309315540
574.4549872998
506.7159475623
561.3040901494
544.1227105093
538.5636903182
526.0075223644
529.6299350362
548.7710284833
547.1329856752
628.8489387894
518.3569608647
507.0937206929
582.3391997172
508.7764028608
543.8944621844
554.7810602278
513.1371734455
542.0690400295
631.6263945480
528.8007857984
598.0168003813
556.5061462324
540.4923327906
577.9701076563
482.8059060239
519.3160720269
552.6636918626
550.3926931625
526.6277312767
577.8926585654
480.7824751931
581.7728053347
524.5297749203
505.9074344375
