-1.0316275571
-1.0316266462
-1.0316227050
-1.0315956652
-1.0316198734
-1.0316271618
-1.0316142454
-1.0316279075
-1.0316255491
-1.0316266735
-1.0316208376
-1.0316128519
-1.0316189023
-1.0316248938
-1.0316166018
-1.0316207451
-1.0316195202
-1.0316172520
-1.0316269039
-1.0316139633
-1.0316263249
-1.0316232968
-1.0316176412
-1.0316178537
-1.0316218364
-1.0316155854
-1.0316270914
-1.0316212255
-1.0316139876
-1.0316249060
-1.0316272669
-1.0316146881
-1.0316251652
-1.0316224515
-1.0316244892
-1.0316261195
-1.0316229375
-1.0316277267
-1.0316034887
-1.0316257967
-1.0316273316
-1.0316260146
-1.0316274562
-1.0316279759
-1.0316260134
-1.0316263733
-1.0316111272
-1.0316227174
-1.0316218023
-1.0316207673
