218.0963563516
198.2678138709
196.6875239802
245.2046134230
156.7748832679
272.6850037148
218.3488024090
211.0941066074
209.2797404796
228.4372907062
250.4417020257
241.2901859695
259.5767228382
204.6661881385
206.0660177537
194.7675982724
263.3800400419
228.6482817883
191.3387558050
190.3667171699
203.1121957214
212.5710592233
245.2345426105
284.0800196632
201.9008221370
201.4571901411
179.4783814017
217.0108140559
306.6173123217
247.3775079665
247.9372529722
242.9391680859
228.4018627431
220.3828148098
254.5630021102
258.0790605673
223.6264523615
288.3866194514
268.6273541495
253.2415105679
217.5733051959
206.9167392881
267.8459529193
249.3013216482
276.9808677633
259.2788617871
197.8343329712
197.5992923125
258.7554505089
249.4714269095
