64957.7770117356
41765.8267188351
44135.6950466948
45632.8026026826
28326.0341763684
63011.0267877372
37709.5441818699
24431.7783512401
42977.0511789034
59231.8178440502
56674.8416435042
33592.9438665639
30702.6812298661
26178.7957497151
42030.2755237102
33034.1931659567
12973.7108273862
22748.0514183969
49142.9068197430
41928.4795768503
88733.4969150795
26737.7659926575
42121.9366448440
34548.7348855879
28396.8781289481
43833.1957308094
40029.7524315248
29581.5906600732
32943.8914931466
34578.6858634124
45655.2822173254
44839.0256308354
36014.1820704273
42342.5563211022
30989.2183500884
33610.7055142059
34428.2335365414
21793.5415639344
64332.3807489928
32689.2862592527
49732.1715612529
29372.9719923753
35903.4812976811
27586.7124468724
40755.5660983405
36657.8030935229
15838.0936329067
33258.7063579321
45426.8230346202
36531.9394187706
