0.711187870839445
1.37337359678347
0.531995138689039
0.277900747355898
0.817365094741098
0.731184000892192
1.28886903793692
0.688224640569608
1.41121497567812
0.412748946911555
1.09673191156091
0.575424937351249
1.74094378322284
0.700377310005502
0.220152312417888
0.573767275657056
1.04814977493437
1.12540813215923
1.44662664481722
0.625512769544076
1.34173534647346
1.43868476425031
1.65874597527004
0.438368829720978
0.935718532369802
0.521094095984503
0.427049090368439
0.768842591050751
0.485697597819645
0.571632453186227
0.697921506916571
0.407546612784118
0.677827191828195
0.393740332115429
0.184921451827548
0.514074270393548
0.988110040034097
1.62678629315272
0.81723006086684
0.62752266149639
0.875089853248661
0.81386094349541
1.30454071390295
1.16057702029416
0.854455820209401
0.591061892406142
0.512077442990491
0.920071170145128
0.459111951321458
0.584740073240453
0.839271009999119
0.317225290172315
0.174514130641999
0.473287407975244
0.562455188662974
1.07914046845451
1.30705777304498
0.359106294036236
1.23682328358306
0.295476601872755
0.19094728197762
0.382775197140394
0.500130210934482
0.306418916227007
0.777656474599615
1.47826584835793
0.535143924728144
0.77559965752123
0.698231578873852
0.485320550043966
0.833895332138938
1.63663481859918
0.376300628011716
0.309965481892277
1.34388002609272
0.443120802176813
0.669364253523688
1.39568992808537
0.79524426412651
0.962454910930943
1.14110188659088
0.758773730963931
0.49374385889116
0.682054515955065
0.915279505946212
0.749658490630673
0.352655466216779
0.6790051020864
0.563525591313512
1.02615764261023
0.416887626351085
0.593676258383918
0.287337441921241
1.00160299830773
1.44277686158026
0.77104398480934
0.742390962875421
0.697423134319202
0.916190402835163
0.574703045523629
