95.3899826712
85.2506831227
90.5208435241
63.3391155711
67.0584161255
62.8188344164
74.8574312764
93.4561503760
75.3675429510
99.0762209316
93.6127053392
68.0360307884
95.8222762313
79.4470535285
73.4209782657
90.1683933803
85.3338380425
65.0713387370
68.2066531804
84.7228316058
73.5471796953
94.6910204886
98.0047157287
70.0294060085
77.8242966514
80.8858947880
80.4138808728
78.7311324501
76.7834358890
76.6986424310
73.5614062054
81.4513997764
105.6645132491
62.4399697869
85.8300763682
69.7701078079
71.8810699021
86.9271529857
86.5094866899
90.4966701467
79.5506014285
87.4570270465
93.5605693701
84.6303961530
89.9689784660
93.5441293616
82.9775186122
47.5142320912
82.9270701732
75.1837640767
49.4733332825
69.6840909309
79.5635874627
89.3373803052
63.2334614429
57.2387151184
85.5208615640
66.3536286617
85.2021461314
85.6629919191
75.5969520797
81.6376612759
101.0026035498
72.6221391693
90.7350679848
69.9444148936
76.2854618397
87.3738712910
62.0332376502
73.8566186003
92.3362708100
78.9079980555
74.5059605150
84.1171382986
85.5159893093
95.1785033621
92.7380242654
77.6899019279
77.6090354367
91.9989816191
109.7484590756
64.4506180082
59.6056568234
64.2416550805
48.7127801622
86.4163755963
80.3600911941
78.9194181929
97.4586912688
77.1977480791
91.0614712030
83.4920725656
86.0271769833
71.1767008552
80.7560835651
44.2312472476
81.7226684008
97.0908329407
105.1300997404
80.5142113441
