0.9980956454
0.9980038435
0.9980038386
0.9980038382
0.9980038384
0.9980045273
0.9980045186
0.9980038380
0.9980038934
0.9980043671
0.9980059370
0.9980039490
0.9980065662
0.9980438807
0.9980039072
0.9984923087
0.9980038378
0.9980038393
0.9980043781
0.9980225001
0.9980064703
0.9980038497
0.9980038396
0.9980038402
0.9980040293
0.9980039328
0.9980038558
0.9980038819
0.9980042845
0.9980038380
0.9980094442
0.9980038397
0.9980057426
0.9980038380
0.9980623618
0.9980131025
0.9980039301
0.9980038437
0.9980038402
0.9980039931
0.9980773185
0.9980039231
0.9980045543
0.9980955112
0.9980039526
0.9980038417
0.9980038418
0.9980038474
0.9980052804
0.9980039659
0.9980039640
0.9984573400
0.9980038395
0.9980038383
0.9980038393
0.9980039224
0.9980539445
0.9980038405
0.9980039763
0.9980176412
0.9980038383
0.9980038605
0.9980039362
0.9980038379
0.9980040710
0.9980043326
0.9980038400
0.9980038519
0.9980148837
0.9980039596
0.9980123629
0.9980821197
0.9980064106
0.9980040025
0.9980038383
0.9980038911
0.9980038489
0.9980038404
0.9980038421
0.9980038395
0.9980039358
0.9980038535
0.9980047090
0.9982076345
0.9980040526
0.9980038390
0.9980038595
0.9980360046
0.9980038518
0.9980038384
0.9980038384
0.9980043920
0.9980202273
0.9980044299
0.9980038382
0.9980038789
0.9980182332
0.9980052437
1.0847827691
0.9980053878
