0.0216178879
0.0061123126
0.0071762065
0.0311473206
0.0186406417
0.0160765077
0.0105653710
0.0133878763
0.0160960313
0.0084963344
0.0033235995
0.0220442542
0.0123860255
0.0107104079
0.0290658132
0.0107813738
0.0114165026
0.0194088359
0.0018120693
0.0117130897
0.0058938519
0.0598740139
0.0248240153
0.0263598900
0.0166522627
0.0063877005
0.0093009706
0.0085028300
0.0059381854
0.0175869997
0.0040121076
0.0132784368
0.0144525832
0.0128845825
0.0292120515
0.0065891208
0.0035867635
0.0202403640
0.0188988028
0.0164397019
0.0192332582
0.0135687824
0.0096414372
0.0099033593
0.0220525141
0.0163040249
0.0183843033
0.0127001767
0.0134710125
0.0486258601
0.0141750480
0.0088121734
0.0523724375
0.0077632665
0.0285847039
0.0102741879
0.0116054506
0.0152213397
0.0054083066
0.0143121163
0.0130631008
0.0095352153
0.0181583332
0.0114366052
0.0096372986
0.0139054681
0.0053462000
0.0107482731
0.0115049378
0.0178947638
0.0103782463
0.0167700618
0.0079092358
0.0056719495
0.0060332768
0.0198988158
0.0155230370
0.0191734631
0.0121625232
0.0112001381
0.0070099231
0.0072730144
0.0077816455
0.0168551922
0.0059516247
0.0336647274
0.0274407048
0.0121531970
0.0085490886
0.0209056086
0.0106809162
0.0194704849
0.0084243863
0.0013439917
0.0083442227
0.0082377030
0.0105186087
0.0161065173
0.0086868055
0.0062122235
