0.9980038378
0.9980038378
0.9980038378
0.9980038378
0.9980038378
0.9980038378
0.9980038378
0.9980038378
0.9980038378
0.9980038378
0.9980038378
0.9980038378
0.9980038378
0.9980038378
0.9980038378
0.9980038378
0.9980038378
0.9980038378
0.9980038378
0.9980038378
0.9980038378
0.9980038378
0.9980038378
0.9980038378
0.9980038378
0.9980038378
0.9980038378
0.9980038378
0.9980038378
0.9980038378
0.9980038378
0.9980038378
0.9980038378
0.9980038378
0.9980038378
0.9980038378
0.9980038378
0.9980038378
0.9980038378
0.9980038378
0.9980038378
0.9980038378
0.9980038378
0.9980038378
1.9920309002
0.9980038378
0.9980038378
0.9980038378
0.9980038378
0.9980038378
0.9980038378
0.9980038378
0.9980038378
0.9980038378
0.9980038378
0.9980038378
0.9980038378
0.9980038378
0.9980038378
0.9980038378
0.9980038378
0.9980038378
0.9980038378
0.9980038378
0.9980038378
0.9980038378
0.9980038378
0.9980038378
0.9980038378
0.9980038378
0.9980038378
0.9980038378
0.9980038378
0.9980038378
0.9980038378
0.9980038378
0.9980038378
0.9980038378
0.9980038378
0.9980038378
0.9980038378
0.9980038378
0.9980038378
0.9980038378
0.9980038378
0.9980038378
0.9980038378
0.9980038378
0.9980038378
0.9980038378
0.9980038378
0.9980038378
0.9980038378
0.9980038378
0.9980038378
0.9980038378
0.9980038378
0.9980038378
0.9980038378
0.9980038378
