4.3739012605
5.4911361134
2.4449699064
3.9402393243
6.1071204314
2.7044697605
2.1408845102
6.0157260107
4.2797433979
4.1567631700
3.2943911129
3.7648976643
4.7406899500
4.2453792991
3.4293340957
2.9847004152
5.2757710964
3.9057812159
2.2386334465
5.1086795741
2.2120956832
4.9780445304
2.2321995368
4.3688562346
5.1915562586
4.1255045475
4.6028863172
3.2869992587
3.4313358518
5.1362292086
5.9874097400
3.3615607396
1.4683408647
3.0231061313
7.4969652725
3.2785174731
3.5038876855
2.0056462396
7.9427634956
3.8723772487
3.7139443991
3.4909140090
1.8512355986
5.7874220466
2.2238574452
3.5527782153
5.9332704938
6.7506021654
3.1125340409
3.0654389953
2.6994111463
4.4668428277
4.8047035352
5.5846580521
5.1176699938
3.8810146812
2.4014828855
3.4481775433
5.5065135055
5.1943772485
3.3989069573
5.5378097594
5.1367703214
8.3567167301
2.6079671049
4.1400149938
3.8976386983
3.7480197365
2.7623380364
4.4463282210
3.1522382184
2.3667246777
3.4894560643
6.1242103225
1.7958368647
1.5984433715
2.7831380083
2.5344980964
4.8345261690
14.9594039440
1.9400168402
3.9397266300
3.3025622346
5.2136176436
3.9264480998
6.0514710451
1.2906968664
3.9407878332
3.4068702201
2.0485133038
3.4528843776
2.7138753056
2.4419975569
3.1746229014
2.8088558332
5.8389808622
3.6805854098
2.4502136636
3.5692078968
2.8448057454
