2.9821051568
0.9980038379
10.7631806741
10.7631806670
5.9288451282
1.9920309003
12.6705058111
5.9288451260
2.9821051568
0.9980038383
0.9980038378
10.7631806672
1.9920309002
5.9288451259
5.9288451255
0.9980038381
2.9821051572
3.9682501066
0.9980038379
1.9920309004
1.9920309003
0.9980038380
10.7631806669
1.9920309002
1.9920309005
2.9821051630
2.9821051569
0.9980038379
5.9288451285
10.7631806671
2.9821051568
5.9288451325
1.9920309002
0.9980038387
0.9980038489
0.9980038379
2.9821051569
7.1534272459
0.9980038385
10.7631806669
1.9920309003
0.9980038397
0.9980038378
0.9980038379
2.9821051568
0.9980038385
10.7631806946
1.9920309003
0.9980038379
0.9980038382
2.9821051568
0.9980038379
0.9980038379
10.7631806670
2.9821051569
1.9920309002
1.9920309002
10.7631806669
2.9821051568
1.9920309003
2.9821051574
5.9288451258
0.9980038384
0.9980038379
10.7631806880
0.9980038379
0.9980038379
2.9821051569
0.9980038379
2.9821051569
1.9920309003
1.9920309003
0.9980038389
5.9288451255
0.9980038380
0.9980038381
1.9920309004
10.7631806669
2.9821051702
0.9980038379
0.9980038381
5.9288451258
0.9980038380
0.9980038401
10.7631806688
1.9920309003
2.9821051568
1.9920309002
5.9288451255
5.9288451258
2.9821051586
10.7631806669
5.9288451259
2.9821051568
1.9920309003
2.9821051568
2.9821051568
0.9980038380
1.9920309003
3.9682501057
