0.0000075947
0.0312712205
0.0233907181
0.0000006696
0.0000720726
0.0097498828
0.0003351537
0.0420365441
0.0023890171
0.0000218814
0.0007582226
0.0027570909
0.0093640657
0.0018540814
0.0000086655
0.0050174895
0.0016928918
0.0361124832
0.0001980134
0.0052515038
0.0227823676
0.0150187805
0.0020574853
0.0015847618
0.0001170096
0.0032204941
0.0004035129
0.0046750313
0.2019971203
0.0367105277
0.0000001153
0.0002425062
0.0044400945
0.0008757022
0.0043159886
0.0002931108
0.0003178552
0.0008131028
0.0184514429
0.0149628388
0.0138497430
0.0087417199
0.0011375462
0.0000034680
0.0002927513
0.0000115305
0.0002077286
0.0017424281
0.0000394933
0.0213423082
0.0226516509
0.0138545816
0.0013387800
0.0128700910
0.0096277504
0.0022728534
0.0145264717
0.0030824063
0.0004525324
0.0001541645
0.0014023627
0.0004099271
0.0006242771
0.0003068813
0.0004277866
0.0141394872
0.0337525276
0.0839361068
0.0012349164
0.0053199212
0.1847914708
0.0016701190
0.0042979091
0.0123448373
0.0008860971
0.0000214595
0.0319326068
0.0000000918
0.0032649459
0.0193338619
0.0005801996
0.0113194100
0.0767771999
0.0114538042
0.1278222292
0.0016031649
0.0188525737
0.1155360857
0.0194397893
0.0004962245
0.0007916827
0.0000460398
0.0000000056
0.0095190367
0.0005259471
0.0356472751
0.0001629751
0.1052145863
0.0006118955
0.0171123617
