0.4274350371
0.4372659623
0.5661772514
1.7540481092
0.6902497911
0.4624638041
0.4040653359
0.4683434491
0.4199505088
0.5442825650
0.9228522310
0.3992162585
0.4070805824
0.7405531394
3.5842507249
0.7832308020
0.4014528135
0.5368300872
0.4234243826
0.6992233290
0.4483225652
0.4252927449
0.4044013396
0.4709234360
0.4096241561
0.4518303289
1.5388322863
0.4090810720
0.4515486889
0.4581338819
1.5823174611
0.4017230026
0.5509273630
1.9432035060
0.7238069488
0.5609687091
1.0947023313
0.4995837647
0.5997197769
1.9431424709
0.4585164871
0.4004546229
0.4828913307
0.4300211012
0.7424932823
1.0507914680
0.4455683005
0.6401308075
3.1588598115
0.3989242287
0.4309210784
3.5737920021
0.5214223156
0.7892556218
0.4329663015
0.5012440814
0.5934029091
0.4166622575
0.4216636041
0.4047605449
1.0427166137
0.4547106451
0.9875055438
1.2923209672
0.5262570754
0.5551800248
0.8146677801
1.1661606015
0.7118883789
0.7290223675
0.4030287531
0.4058363567
0.4086201704
0.4091720514
0.4252367927
0.4222891444
0.5371058046
0.5003209331
0.4762126090
0.4583798128
0.4317971493
0.5338564168
0.8768456872
0.6939373388
0.4131042514
0.5683153998
0.5798117862
0.5347107369
0.8485771510
0.9455512152
0.7081994494
0.7740079967
0.4591475590
0.4295299455
0.5766399849
0.4083730582
0.4111018775
1.6839273951
0.4272938362
0.8161802625
