6.0173056008
3.1307033826
3.9828675217
5.0799528546
3.4720665555
3.4329276503
3.5959883829
4.0467210374
3.2127021410
3.0076861529
5.5347525156
6.8258858873
6.1719382420
3.8037997602
3.3098584359
3.0363020745
4.4547310867
3.8389707065
6.3304120984
3.8876243043
3.0281054963
3.7830873655
3.1636689515
6.2534987735
6.2913415792
8.6768850707
3.1778839472
7.8587340454
10.8079334750
14.6926862696
5.5238449588
25.6289184787
4.1966426476
3.5605231206
3.3724111242
6.3177520507
5.2620483953
3.1839964578
5.2345222246
9.2195224242
4.0067071254
5.2271272658
5.5872653807
4.1512630664
3.5578746458
6.2086664856
3.9176831678
4.7944134871
3.7089231946
13.3199734968
3.1436563703
5.4206096503
5.8222936479
4.1549333853
3.0688479148
5.5332098480
4.9038901485
3.2443502803
3.7967969926
7.8490382353
4.4523842442
20.3272740385
12.9735535899
3.1239329155
4.8576941508
9.7876931560
5.1033125208
25.2410074488
3.1738100544
5.3347129524
7.1764343398
5.2118218754
8.6145074172
9.7124088436
11.8689710579
6.4522296170
7.1208468738
3.0159968277
3.0310251700
3.7512501477
3.4474449493
6.3391247336
3.0626757247
8.6281064183
3.2014565722
7.3146515062
3.7316627973
3.8663284236
3.9899333293
4.7723455874
5.8030378433
3.0864950351
4.1479088216
5.1618139223
4.7419807087
6.7141941422
6.4206711579
4.9447017607
5.1053681180
7.1113788315
