478.8959059872
458.1948058106
577.7657996586
437.1476981644
616.9774849248
593.1561903607
537.0931960875
591.2508186384
594.5721116943
583.3830715560
511.3001918244
506.0373498868
530.9695081794
559.2620292550
459.8370393904
698.2257762445
536.4771145120
541.9621630017
495.8689044534
410.5349086433
444.2134812740
645.9528909654
452.2031372923
517.7953280630
413.6015757283
516.1136348504
552.9090346662
451.5899805421
524.0804708462
601.5846455323
629.1268807879
503.8186790069
662.8160903159
601.2265901006
644.7344820146
552.1318635001
586.5691266277
575.7129839637
675.0231271031
558.9630486122
586.7928051813
537.2091799474
556.7963037220
568.4481738286
660.0062849624
603.1883169539
581.4375142983
345.2988206060
559.1766178763
584.9447448240
632.0323784937
624.0033376705
518.3085641395
548.6401477000
572.4792192497
301.5764228362
408.0857039309
593.2122164806
594.9055630541
512.0983894265
620.0128870691
479.5566564449
537.8267366472
528.4620883419
707.1897569522
511.1349842035
485.1409025610
601.8812886736
423.0689081899
578.5469761580
435.9563114524
529.5668398577
540.3203733504
640.2896683055
518.9226185172
433.9630293626
549.7520552341
551.8560604113
571.8093293274
475.9176713681
449.2818140480
571.4634389493
592.3936095324
617.1278441833
498.3150813186
602.3738838152
644.2859086906
537.7836117014
538.8571119081
545.5975411849
638.1439225059
636.8020394699
588.6831303943
556.2639380959
411.0983647119
526.9120569374
630.2850602606
586.5597796932
449.6674941593
425.6443969760
