9.980038e-01
9.982694e-01
2.982439e+00
9.989915e-01
1.008858e+00
9.980038e-01
9.980038e-01
1.992031e+00
1.076833e+00
2.982105e+00
9.984804e-01
1.369677e+00
1.125762e+00
9.980065e-01
1.021610e+00
9.980039e-01
9.980038e-01
2.017516e+00
1.510042e+00
9.980354e-01
3.983994e+00
1.626445e+00
9.982764e-01
1.007682e+00
2.253391e+00
9.980038e-01
9.980038e-01
1.992031e+00
9.980038e-01
9.997620e-01
1.992031e+00
2.982150e+00
9.980047e-01
9.983746e-01
1.032629e+00
2.053385e+00
9.980044e-01
9.980038e-01
9.980038e-01
2.010537e+00
9.980038e-01
9.980047e-01
9.980038e-01
9.980039e-01
9.980045e-01
9.980044e-01
5.929013e+00
1.992031e+00
9.980038e-01
9.980038e-01
9.980038e-01
9.980234e-01
1.992033e+00
9.983804e-01
1.992031e+00
9.980039e-01
9.980204e-01
9.982996e-01
2.026776e+00
1.992031e+00
9.980038e-01
5.928845e+00
1.992031e+00
9.980038e-01
5.928845e+00
1.992031e+00
7.019592e+00
9.980039e-01
9.980163e-01
3.280401e+00
1.001278e+00
1.251136e+00
1.992031e+00
1.009006e+00
9.984662e-01
9.981383e-01
1.992031e+00
9.980038e-01
1.288925e+00
5.928845e+00
1.993471e+00
1.072674e+00
9.980038e-01
3.968250e+00
2.982105e+00
1.028758e+00
1.992031e+00
9.999096e-01
9.980218e-01
1.993833e+00
9.980038e-01
1.992031e+00
1.992031e+00
9.980038e-01
2.035877e+00
9.980038e-01
1.040645e+00
3.104833e+00
2.982105e+00
1.992031e+00
