3.000715e+00
3.000231e+00
3.000459e+00
3.000119e+00
3.000529e+00
3.000373e+00
3.000000e+00
3.002034e+01
3.000032e+00
3.001841e+00
3.000926e+00
3.002283e+00
3.001766e+00
3.000093e+00
3.004322e+00
3.012918e+00
3.001442e+00
3.001181e+00
3.000468e+00
3.000691e+00
3.000018e+00
3.001249e+00
3.000410e+00
3.000006e+00
3.003153e+00
3.003504e+00
3.000503e+00
3.000813e+00
3.000000e+00
3.000024e+00
3.000865e+00
3.005020e+00
3.001577e+00
3.000874e+00
3.000725e+00
3.000133e+00
3.000697e+00
3.000133e+00
3.002454e+00
3.000554e+00
3.000239e+00
3.000005e+00
3.005876e+00
3.000088e+00
3.002236e+00
3.001293e+00
3.001931e+00
3.003739e+00
3.002161e+00
3.000657e+00
3.001914e+00
3.000449e+00
3.008709e+00
3.004120e+00
3.001346e+00
3.006238e+00
3.000649e+00
3.000552e+00
3.006266e+00
3.001451e+00
3.002862e+00
3.001543e+00
3.006235e+01
3.002385e+00
3.000268e+00
3.000000e+00
3.000779e+00
3.000384e+00
3.000012e+00
3.000553e+00
3.000030e+00
3.000043e+00
3.000101e+00
3.000195e+00
3.000951e+00
3.004649e+00
3.000155e+00
3.000029e+00
3.000592e+00
3.001060e+00
3.000513e+00
3.000163e+00
3.002090e+00
3.000218e+00
3.000852e+00
3.007473e+00
3.001012e+00
3.000200e+00
3.001007e+00
3.000102e+00
3.002421e+00
3.000429e+00
3.000040e+00
3.010080e+00
3.000479e+00
3.000047e+00
3.002248e+00
3.000373e+00
3.000477e+00
3.000626e+00
