1.503777e+05
1.313167e+05
1.857170e+05
1.842158e+05
1.164018e+05
2.811243e+05
1.545838e+05
1.859678e+05
1.539853e+05
1.671167e+05
2.545534e+05
1.766683e+05
2.200759e+05
1.991824e+05
1.337007e+05
1.943686e+05
2.126960e+05
1.578817e+05
1.239013e+05
1.794554e+05
1.563104e+05
1.934726e+05
2.056960e+05
1.515484e+05
2.092419e+05
1.522666e+05
2.387127e+05
1.652555e+05
1.943525e+05
1.787781e+05
1.773844e+05
1.404634e+05
1.458277e+05
1.747622e+05
2.150016e+05
1.868980e+05
1.583906e+05
2.260263e+05
1.114977e+05
1.708686e+05
2.454367e+05
1.790434e+05
1.475187e+05
1.531767e+05
2.114223e+05
1.798435e+05
1.819291e+05
1.767711e+05
1.908536e+05
1.992073e+05
1.221446e+05
1.664207e+05
2.669061e+05
1.153122e+05
1.779146e+05
1.459493e+05
1.012702e+05
1.382158e+05
1.720381e+05
1.476759e+05
1.521438e+05
1.541730e+05
1.729919e+05
1.738067e+05
1.633011e+05
1.881387e+05
1.311105e+05
1.284756e+05
2.635945e+05
2.067616e+05
1.681292e+05
1.303406e+05
2.350799e+05
1.192231e+05
1.601141e+05
9.198346e+04
1.330964e+05
1.656520e+05
2.376171e+05
1.234172e+05
1.575467e+05
1.454251e+05
1.452316e+05
1.795408e+05
2.128551e+05
1.983629e+05
2.008637e+05
2.181263e+05
1.571011e+05
1.590959e+05
1.517125e+05
2.189438e+05
1.992863e+05
1.730804e+05
1.526157e+05
1.871515e+05
2.031265e+05
1.731674e+05
1.836634e+05
1.536181e+05
