3.979342e-01
3.978932e-01
3.986248e-01
4.850786e-01
3.978874e-01
4.086261e-01
3.978874e-01
4.026145e-01
4.043257e-01
4.236493e-01
4.036597e-01
8.568549e-01
4.136195e-01
3.978874e-01
1.457299e+00
3.997067e-01
1.940244e+00
4.047291e-01
3.978874e-01
4.346531e-01
3.978874e-01
4.887077e-01
3.978893e-01
3.982698e-01
7.312717e-01
4.547681e-01
6.084766e-01
3.989580e-01
3.978901e-01
3.978874e-01
4.034399e-01
4.191826e-01
3.978874e-01
3.978891e-01
6.437794e-01
2.969552e+00
3.978874e-01
4.274497e-01
3.978874e-01
4.034824e-01
3.978905e-01
3.978874e-01
5.270184e-01
3.978928e-01
3.978874e-01
3.978875e-01
3.978874e-01
3.978874e-01
3.978874e-01
4.816822e-01
3.978874e-01
6.038921e-01
3.978874e-01
2.913446e+00
4.114491e-01
3.978874e-01
4.329291e-01
3.978874e-01
3.984091e-01
3.978874e-01
6.509901e-01
4.004501e-01
3.978874e-01
3.978874e-01
4.639984e-01
3.978874e-01
3.979766e-01
5.187894e-01
4.094859e-01
5.224528e-01
3.978874e-01
3.978874e-01
3.984080e-01
3.978874e-01
3.978993e-01
3.978874e-01
3.995168e-01
3.979004e-01
6.045384e-01
3.979260e-01
3.978893e-01
3.987870e-01
3.979026e-01
3.993812e-01
3.978878e-01
1.773244e+00
3.978874e-01
3.978874e-01
3.978886e-01
4.110552e-01
3.978874e-01
3.983615e-01
3.978874e-01
2.637678e+00
4.541013e-01
5.923904e-01
4.190362e-01
3.994644e-01
2.347717e+00
4.033551e-01
