6733075.448705093
5854652.128498612
5618754.411248106
7087726.46475721
6142764.777514235
6711212.694092929
6008122.378597146
5598186.275757445
6349500.102588824
7264335.720881427
6704539.936229034
7128812.722663667
6542687.226423313
7215357.836935379
6140944.962345227
5736946.254841141
6792466.106113975
5773492.979324558
5215900.5202330295
5212248.418355163
6217267.095292419
6586493.377490189
7504978.705414829
6076780.38899674
6312946.905506158
7359332.307361047
6010685.350717238
7203237.330214644
6934952.153132295
7439017.762837223
6685741.546318711
6532414.518694857
6745982.362176359
7265690.379090508
6986120.716929999
7201561.8819814725
6211532.467283403
6603146.212218279
5805531.608855242
6887195.820716459
7171216.634197606
5878223.068179608
6123666.097544752
6446908.011955485
5944313.250143128
6657706.191856551
5672002.39772938
5833724.960122206
7514328.2481249105
7333860.952749907