243636.29783509581
220981.93993408573
230985.5220028383
216398.2306841447
230652.2574197513
268555.12603944045
253224.58134254915
238033.33183493983
249744.1244301403
219323.2269087255
250794.8983105023
242263.91210733604
252539.19683108208
266567.8054098837
243666.12052763806
229488.2236382573
240758.41000922525
235676.05678871233
232051.12033663513
196946.66861797962
247371.7698302709
214180.98187266805
228631.46177040445
215127.61209785004
232405.13567116528
221172.15735762622
222815.43595279555
227207.26787050095
221200.3998408305
227825.73379695686
229430.3103490319
230147.28977374308
231912.4498297087
211909.7111415532
238305.8649942351
193690.90201345718
267904.5531369308
258235.32060303248
188154.02107119994
248736.04537183684
215738.10329287234
203144.30284453128
245169.13927570163
239919.86000046798
223091.05197837597
234805.548009671
220712.6625124833
275097.5878490233
223090.54817595484
186847.04679198415