31081.3298385309
33270.6280380594
36688.1724037586
27893.3497726573
31101.5435287703
34827.8027296309
40102.5804313792
19788.1088236957
27809.1543805414
31441.0711630262
18993.7572966894
27058.9698476297
18226.0638537924
31135.7612826134
31057.5156083095
24915.3916916830
23233.4288118456
31957.3790667883
32230.3629120357
27927.9890084058
27911.0910693940
27248.0618269252
25549.8519717499
36484.4318490727
44794.3289869265
28857.7916134777
23110.1058999429
25388.4149883892
41782.4103110133
17362.9981852897
20988.7904210408
43376.4820922975
23978.8091690279
23059.6269574869
31233.5926056953
22709.0229568214
25777.1829554257
29173.4830015897
28417.4669968627
19132.8936584685
19487.1623968831
29367.0049552961
33982.9375750089
36890.5905639193
34856.7839149746
23167.9342935151
26202.9100483703
21483.5890043470
21594.2391238325
30199.7687272086
