1215.3503708562
2056.6903488217
1805.8197614755
1323.1598958108
2076.4759845767
2270.8590832123
3429.1686673732
1364.5908910982
1262.7908793986
7060.4277352755
2072.3559166992
1839.4469536094
714.2778085595
11462.0708108405
2238.7845050430
4924.2868269494
2896.2444918721
6853.5299203893
2806.5071912734
3537.7723001184
3026.7205193249
3341.7374425124
1025.3759563126
3833.7902465140
1875.1584036760
4805.1347082343
1757.8454306900
6493.1003127307
804.7559484321
3786.9164770718
1495.0388963595
1692.2126195392
4098.7879085682
529.0604980983
1014.3887628027
2586.9864924559
978.3712128418
1983.2788898925
1084.8575220316
2526.3872635900
3494.7035914222
396.4104224895
1890.3110382177
2636.3294874299
3824.4065032120
1319.6294849660
1132.0481621770
2675.5525787912
3094.4622366584
1257.5190691218
