213.5864597555
175.3604113963
180.9379784165
188.8542561990
148.8560941053
166.2845007164
146.8392413330
194.6922641807
182.8173273938
174.9783302141
203.6199494758
150.8024049411
157.3230055474
165.1025191300
188.7018165253
255.5355542675
197.3381561749
144.9173032622
196.9145573166
189.8163931333
178.0808674761
179.1090651291
177.3329055265
148.5076354047
205.0776937408
169.1239347553
191.2080232300
194.7793555713
173.8806219537
160.2327944779
196.2309970322
189.4606094494
224.3091715058
182.6602688097
122.4771191000
181.7122956734
197.6325130060
175.5562444297
211.3282985635
179.4722141058
148.3374738865
234.1424649880
221.1914273850
152.2349194319
172.8218624911
195.2968357054
177.1833656700
220.2457991030
222.7124567994
174.3967825135
