3.4043147166
3.4616695224
2.9592439915
3.4616232272
4.3030709292
3.5182652177
2.9580504157
4.7389220497
2.7525713176
3.9363824931
1.7995047497
5.5941428317
2.4954599586
2.4138457588
1.3519676698
5.5028045617
2.8148935130
3.4781768704
4.6632253856
4.0779609710
1.1557696797
2.6590119034
3.2924444704
4.0869758455
3.9943432164
3.8854657162
2.6584090347
3.9824669699
3.0903491531
3.4039391869
2.7383810330
5.3004359973
4.5052174488
4.2568122730
2.8174717420
2.4956982948
2.6601929182
2.1268844774
3.5783786700
6.1824599462
3.0408192326
3.7925848926
3.4652279086
5.4103673316
2.8142781011
4.5846579359
2.4930621132
3.6283848156
4.9552735655
3.4076465832
4.3412426374
4.3407112644
5.0570321400
3.6804759148
3.8387609741
4.1315207971
3.3471995225
4.3437502222
1.6485061003
4.9194311778
3.1592161855
2.5851455965
2.1200158942
2.4080772247
3.6820733469
4.7477527358
1.9008964067
3.2855328709
3.9336179347
5.1907853440
3.3837955362
2.0279275043
3.4058260899
2.2216319851
3.6819480866
2.4298735621
1.6464939665
2.0134012798
3.0650409776
2.1184862013
5.8175386648
4.2076313946
2.4092093964
3.5739841572
2.6035476194
3.6415557715
2.0462220669
4.2871134095
2.8161082735
3.1605487013
3.7366481277
4.2852749382
4.2134079075
3.0286602722
2.8856865086
1.9007011912
2.4149617733
3.2884114699
4.1286135391
2.3180116069
