3.8210112350
3.0036241270
3.0923457242
3.3551887756
5.0891176603
3.0720758506
3.0037773860
4.5412011223
3.5264784422
3.1306566081
30.0343170389
14.2231443488
5.5911417176
4.8806097824
6.5420052108
3.0393772824
4.0835590637
3.0586347287
5.6344100234
3.6362489342
3.4941380792
3.8503976309
3.3587534573
3.0027645088
3.8268727986
3.0000131957
19.4866706433
3.0901918773
3.0021164574
3.3147718341
3.1706490405
3.1782303484
26.1471953820
3.0789077056
32.0496228108
10.2200979392
3.0482589594
3.0721660426
18.5721449043
6.3825594661
3.2762715653
4.2738412541
31.5225565095
3.0685024017
30.1276486098
8.5241205995
3.7617842963
3.1446290467
4.5902866226
3.0465464546
