10.0822118746
10.8125637907
9.8361461398
10.4110882839
11.1548720415
11.2200383539
10.4568490524
10.7584855906
11.1489208064
9.3822018957
9.8527379827
11.7932486921
10.6412779799
8.1321137887
11.1504414998
12.0759170417
11.4883945143
9.5098664784
11.6963913984
11.2250689982
11.2477994283
10.7296500244
9.3923812817
11.7194226639
11.7724959927
10.7149652318
10.7849744244
10.6386133475
9.6252233694
10.3215968514
11.9129294409
11.0214809273
10.7377554173
11.0016430100
10.6222456528
10.6162531407
9.5472228794
10.2041457818
9.1818654540
11.5349508469
11.7858652216
11.3856997873
12.1723541061
9.5779626117
8.7426077795
9.8507392809
8.9876662530
9.3111305559
9.6811677068
9.6049510955
