86099.4904997167
54946.2422661400
79001.2562514218
76601.2013951441
113662.4240592128
60395.8921043647
77117.9275914482
76365.2870040519
120586.4472540775
85115.6141105335
65293.4490833356
88847.1005752729
107910.7424217250
87561.6318170106
82403.4809702597
89502.7257966227
67316.6726910585
69422.3334707372
71170.3452151020
56798.6681954782
120445.2942627281
71753.7756250065
83995.6274986797
84452.9274649347
73100.4160301646
86544.3401011140
97241.5453917523
55910.8052905613
80490.9533674252
58980.6514781589
84328.0272536682
114653.9553623740
62519.7088575188
65972.2766890963
103263.8451330629
108750.9127879410
83773.0527589002
113943.2250736678
105754.4286955152
105851.4529773256
88955.0423359924
74284.6822341348
80220.8269429476
84154.5464520553
66670.4071148185
65617.2037031366
106336.0236070719
107905.2533271728
80151.5194265819
71094.6007513116
