169960.9114502123
133986.1542792433
158179.4168363833
182783.2225634779
104147.0596121272
73203.5531678487
128795.4689037629
150209.5682693913
197085.9803358612
93980.3569983176
81696.3190915608
104849.5630229145
129703.8955859062
133408.2091904749
82924.9169182696
123423.6620593438
107325.7084986202
72989.3036442034
109020.8677686944
134883.9784660721
177863.5878236583
162770.4132697453
150376.0514362741
163408.8587832428
98284.7900339939
124325.8069695929
131987.8432614324
135165.2560016471
180312.7501733842
157920.9063313227
97106.4117901341
268497.2347872437
161080.7373128766
67350.3695718260
175314.6790637587
166274.4126805211
107631.7153922578
310504.2139855914
120267.9683582041
159626.6465932051
78320.5405715357
237547.1857740021
82150.2239521872
119142.8430486691
83031.9172361162
127523.7425656029
191204.8884491298
155895.4756213782
258122.7030772743
103808.4957099494
