57.7989958443
43.2919210322
70.4433876592
18.3271706511
40.8097881207
29.6167742465
49.4933361639
24.8245815878
26.2998565039
33.6208210757
59.9205043884
35.6993436792
49.9604626722
34.3803166210
68.2970219039
56.7135408873
66.2189875730
49.4301714118
66.8657715200
24.7704464977
56.6289461369
20.5168332181
58.9176220097
34.5374594029
56.2246474552
44.5060662870
36.0398896137
48.2919224769
58.6167513693
27.1292992128
45.2815838994
36.1936878817
26.3495249190
27.0879965692
55.6271343140
32.9324827017
29.3586125419
34.9175070666
35.9365478005
44.0399088478
42.2188068444
57.6048845469
32.3837501405
39.2096579102
36.6603749706
56.3544952844
62.9257309434
62.3580189970
46.1914035353
31.1496331431
