18.2690771155
39.4193033413
27.7099864510
30.4001466171
112.0832585172
101.0499747467
29.6085102370
19.8077464436
48.4050319824
27.7684142905
61.3449126748
17.0782394446
39.1392246949
77.7899233963
40.5618459265
13.1136354893
22.1387685570
8.2105825424
4.6289410132
7.8680382526
13.2346719556
18.8584858513
26.6154777864
28.7256924724
28.7184952375
10.4477037049
10.9819819264
31.1809118761
14.0931460414
25.3700416878
20.5332625949
29.3045595946
55.1917069798
25.2277843846
42.6281779886
40.0253190684
12.5659322469
48.1073229649
52.0950054289
35.9326379480
24.2865596548
76.2336081618
25.3567551862
30.6121597448
29.4739538133
16.8636216335
14.2484905785
9.7262996077
6.3809268795
29.2754387401
