143.8647025086
143.2045585553
147.6803262777
157.7353734257
144.2074333143
137.7965558599
155.8859907613
150.7274590840
136.5291091596
134.6303119478
140.1826418066
180.6168434157
152.0339017168
147.8747411323
122.1291272004
128.6568609846
130.1802526861
142.2662665034
146.5991583382
146.8021874262
142.2881342139
164.7627151033
135.2761661130
124.4528653421
118.6380345164
145.3228054141
152.6122873175
142.8914031997
143.2501810410
153.7413656397
144.1529140395
152.9907879965
140.0192452887
126.0490629634
133.7156295185
150.8693716159
133.2068089039
115.3295311413
137.2365975887
135.0965226358
146.0626676508
130.3369454421
142.0947999258
128.9356847204
157.8021546411
143.4917434910
142.4077382128
127.1674974600
154.7418255374
145.7702748764
