3.0792728746
3.0680369694
3.0012327903
3.0186005814
3.0200628688
3.0440218017
3.0015882042
3.0971910087
3.0216228985
3.0141193464
3.0181970301
3.0087279734
3.0373760414
3.0097605129
3.1266266286
3.0440349658
3.0733754456
3.1064529711
3.0487750585
3.0488268746
3.0154055149
3.1281463650
3.1687147449
3.0090422103
3.0035101498
3.3558392382
3.0092355168
3.0114156871
3.0001255975
3.1279069190
3.1384512656
3.0928944689
3.2180312249
3.0392351424
3.1153274620
3.0922417748
3.0880611550
3.1745544253
3.0553860534
3.1623726316
3.1843578371
3.1064773149
3.0859820170
3.0937595749
3.0115782547
3.0145049533
3.0249362251
3.1255626942
3.0188990811
3.0362114523
