-3.7378005209
-3.7451946881
-3.7828066819
-3.8070677678
-3.6534582610
-3.7503950591
-3.8601782909
-3.6017670037
-3.7718307138
-3.8101465911
-3.7553803172
-3.6702836393
-3.7209692788
-3.7914896376
-3.7707711886
-3.7596780384
-3.8026700488
-3.6735227350
-3.8219468777
-3.6500813786
-3.7888998183
-3.8071437644
-3.7079091712
-3.7717191804
-3.7325020518
-3.8270672303
-3.7056570740
-3.7486072198
-3.8397488625
-3.7119734024
-3.8350736919
-3.7520588260
-3.7731823671
-3.6855707551
-3.7958823806
-3.6607098807
-3.8464152509
-3.6414306194
-3.7841740834
-3.7541091764
-3.8380497571
-3.8226311684
-3.7127203675
-3.7400012998
-3.8503075654
-3.8386070827
-3.8461349636
-3.7586012951
-3.8410546213
-3.7651649813
