4417.9421672796
5152.7122284503
4965.7535762657
5283.0349722852
5122.7196943920
3950.7241236506
4661.2876152879
4481.9852623806
4013.8576853618
4734.9289013013
5142.1021496324
4710.5172504865
4389.9719622940
5648.3473127107
4747.0060816407
4766.5602853452
3920.8408118471
4343.5556330430
3920.7052246116
3731.5843108250
3994.0226562513
5186.9159153883
4410.2108768340
5698.8794010027
4575.5192978328
5619.1187266146
4228.1009865593
6654.3352396968
5051.9505880253
4355.9434125296
5110.7740372258
5326.8985771763
5091.9475878747
4613.3732242877
6716.6722132560
5782.6069481293
4329.6185757994
4902.9856820362
4442.3042556250
6320.0135688634
5761.7642651167
6105.1091500083
5474.8796421503
6265.0388489259
4062.7217435230
4528.7530714143
5147.1406413287
5138.7897751987
4987.8609010467
4231.8291527283
